27002888 -637.394 586.009 2765.11 -641.384 389.928 2851 -636.109 197.261 2916.96 0 0 0 0 0 0 -806.497 370.249 2806.72 -859.143 81.3078 2713.08 0 0 0 -797.19 -152.51 2568.58 0 0 0 0 0 0 -476.272 409.607 2895.27 -367.348 124.079 2800.41 0 0 0 -318.835 -85.1792 2605.38 0 0 0 -720.756 -6.1237 2958.81 -715.464 -408.134 2892.94 0 0 0 -671.245 -771.237 2958.95 -540.911 15.3112 3007.04 -535.156 -379.802 2910.27 0 0 0 -578.075 -756.999 3004.12
27036181 -640.051 587.86 2771.85 -645.183 389.948 2856.23 -640.58 196.535 2920.19 0 0 0 0 0 0 -810.292 371.045 2810.95 -865.565 91.1506 2698.54 0 0 0 -792.456 -122.159 2525.1 0 0 0 0 0 0 -480.075 408.851 2901.5 -362.671 132.044 2789.71 0 0 0 -308.917 -53.5325 2572.69 0 0 0 -725.98 -7.18274 2959.48 -715.82 -407.785 2885.83 0 0 0 -668.93 -774.009 2949.6 -545.974 13.4256 3008.84 -534.677 -377.444 2896.33 0 0 0 -575.31 -754.944 2991.9
27062462 -647.865 588.962 2785.74 -649.562 389.143 2863.49 -642.514 194.101 2921.85 0 0 0 0 0 0 -813.833 368.877 2815.6 -865.233 100.041 2682.31 0 0 0 -786.625 -88.2629 2484.23 0 0 0 0 0 0 -485.291 409.41 2911.39 -357.283 136.572 2779.85 0 0 0 -303.847 -18.7005 2540.53 0 0 0 -725.068 -11.9963 2954.09 -709.983 -411.496 2875.15 0 0 0 -664.442 -780.291 2944.58 -545.863 10.113 3006.34 -535.721 -383.142 2901.09 0 0 0 -568.796 -762.575 2992.41
27102767 -649.412 587.745 2792.16 -650.692 389.058 2867.81 -643.356 193.464 2924.48 0 0 0 0 0 0 -814.182 368.315 2817.39 -866.101 106.51 2667.16 0 0 0 -780.893 -59.2708 2449.87 0 0 0 0 0 0 -487.202 409.8 2918.24 -354.129 149.299 2772.93 0 0 0 -301.151 14.8557 2518.64 0 0 0 -725.209 -13.4456 2953.64 -709.997 -413.678 2878.1 0 0 0 -669.882 -775.22 2949.52 -546.83 9.18555 3008.66 -536.599 -386.045 2910.39 0 0 0 -570.957 -766.856 2995.85
27136060 -646.541 584.984 2784.38 -650.479 388.234 2866.84 -645.52 194.093 2928.41 0 0 0 0 0 0 -814.268 368.231 2816.96 -864.041 111.248 2659.59 0 0 0 -775.383 -30.3408 2420.59 0 0 0 0 0 0 -486.69 408.237 2916.72 -355.55 154.659 2759.96 0 0 0 -308.433 49.4212 2495.46 0 0 0 -729.912 -10.9602 2962.76 -713.478 -410.676 2884.56 0 0 0 -678.083 -769.407 2962.11 -551.207 10.8644 3017.19 -533.772 -378.716 2900.59 0 0 0 -576.007 -753.957 3003.54
27169353 -651.604 580.689 2781.98 -656.388 383.922 2867.33 -651.894 190.422 2931.07 0 0 0 0 0 0 -820.217 363.73 2817.59 -860.519 115.622 2648.79 0 0 0 -766.86 1.82944 2398.26 0 0 0 0 0 0 -492.56 404.113 2917.08 -351.774 164.33 2752.48 0 0 0 -306.335 81.485 2482.3 0 0 0 -736.781 -14.0938 2967.66 -717.439 -411.692 2880.3 0 0 0 -676.562 -775.085 2953.89 -558.017 7.93811 3021.94 -537.749 -380.168 2900.01 0 0 0 -577.147 -756.166 3002.46
27195939 -649.26 584.492 2779.78 -657.322 386.676 2867.19 -655.847 193.582 2932.3 0 0 0 0 0 0 -821.19 368.44 2816.82 -855.761 115.315 2638.41 0 0 0 -760.074 26.1581 2381.18 0 0 0 0 0 0 -493.455 404.913 2917.56 -346.881 176.159 2741.73 0 0 0 -309.669 104.226 2468.24 0 0 0 -743.787 -9.46278 2969.94 -717.958 -405.35 2876.78 0 0 0 -675.352 -770.844 2951.28 -564.957 10.439 3024.9 -535.548 -374.356 2894.66 0 0 0 -578.901 -747.861 3004.59
27235939 -652.172 584.436 2778.67 -659.942 387.413 2866.71 -659.835 194.53 2932.54 0 0 0 0 0 0 -823.295 369.527 2814.57 -855.881 125.661 2628.19 0 0 0 -756.39 48.3994 2367.8 0 0 0 0 0 0 -496.589 405.298 2918.85 -346.442 186.071 2735.36 0 0 0 -309.234 124.659 2459.27 0 0 0 -748.862 -8.11156 2969.93 -719.703 -404.174 2878.2 0 0 0 -670.259 -772.384 2947.5 -570.596 11.4065 3026.83 -532.002 -369.894 2888.92 0 0 0 -576.144 -744.15 2996.38
27269232 -657.149 586.097 2779.14 -665.173 388.204 2866.55 -665.403 195.074 2931.71 0 0 0 0 0 0 -828.682 370.897 2814.68 -848.439 126.34 2612.11 0 0 0 -738.819 67.0943 2348.48 0 0 0 0 0 0 -501.665 405.512 2918.43 -352.217 192.031 2724.69 0 0 0 -313.481 135.985 2447.34 0 0 0 -754.845 -7.49969 2968.56 -719.235 -402.415 2874.25 0 0 0 -671.573 -778.25 2948.39 -576.418 11.3871 3025.17 -537.619 -373.255 2896.72 0 0 0 -573.248 -752.556 2986.56
27296047 -657.956 582.909 2788.85 -664.457 384.237 2869.45 -662.796 189.324 2928.73 0 0 0 0 0 0 -828.561 367.582 2819.29 -853.754 135.195 2609.53 0 0 0 -746.423 81.4359 2343.26 0 0 0 0 0 0 -500.353 400.892 2919.62 -353.643 194.984 2717.34 0 0 0 -316.614 143.751 2441.24 0 0 0 -750.682 -14.6761 2960.64 -705.725 -408.716 2866.88 0 0 0 -663.13 -786.106 2943.45 -571.59 3.49979 3015.39 -524.165 -380.931 2889.02 0 0 0 -564.216 -758.848 2983.74
27335818 -659.994 583.534 2783.22 -665.774 385.168 2866.59 -663.861 191.08 2928.63 0 0 0 0 0 0 -830.641 368.362 2819.1 -851.354 142.079 2602.77 0 0 0 -747.911 90.5427 2335.72 0 0 0 0 0 0 -500.907 401.973 2914.09 -347.801 194.509 2715.67 0 0 0 -317.667 148.609 2440.46 0 0 0 -751.916 -12.178 2964.75 -710.399 -408.704 2880.61 0 0 0 -665.851 -775.948 2953.8 -571.982 6.16321 3016.58 -529.448 -383.425 2906.04 0 0 0 -573.989 -760.895 3001.16
27369111 -661.731 575.143 2779.89 -667.25 379.057 2864.92 -665.435 185.636 2929.09 0 0 0 0 0 0 -832.189 361.864 2817.76 -850.675 146.535 2595.38 0 0 0 -745.308 97.4469 2329.54 0 0 0 0 0 0 -502.311 396.249 2912.08 -346.9 197.756 2705.33 0 0 0 -321.082 153.392 2432.11 0 0 0 -753.611 -17.1657 2967.53 -713.126 -411.294 2872.54 0 0 0 -668.031 -776.721 2951.63 -573.628 1.59473 3018.99 -525.49 -385.506 2901.67 0 0 0 -578.245 -759.509 3005.48
27396155 -655.795 571.534 2770.23 -665.2 377.812 2861.9 -666.234 186.588 2932.08 0 0 0 0 0 0 -829.731 360.847 2813.25 -848.366 146.79 2593.18 0 0 0 -745.268 102.505 2327.92 0 0 0 0 0 0 -500.669 394.777 2910.54 -347.472 197.847 2700.65 0 0 0 -320.931 157.02 2430.17 0 0 0 -757.043 -13.8931 2975.73 -710.337 -406.048 2875.39 0 0 0 -670.09 -765.593 2952.63 -577.491 4.62071 3028.81 -526.998 -381.834 2909.8 0 0 0 -581.608 -756.382 3011.17
27435697 -656.75 572.082 2773.92 -663.522 377.699 2862.56 -661.747 185.732 2930.8 0 0 0 0 0 0 -827.427 358.462 2812.71 -847.175 147.89 2586.12 0 0 0 -743.571 106.913 2324.48 0 0 0 0 0 0 -499.617 396.935 2912.42 -349.221 196.94 2696.83 0 0 0 -321.417 157.956 2430.35 0 0 0 -749.414 -16.7324 2971.84 -693.454 -404.538 2860.59 0 0 0 -665.68 -772.253 2937.84 -570.531 4.26224 3026.25 -507.887 -373.863 2889.49 0 0 0 -571.57 -746.949 2990.87
27462893 -658.709 563.897 2776.25 -663.484 370.284 2862.92 -660.418 177.918 2930.12 0 0 0 0 0 0 -827.697 350.655 2814.22 -843.095 145.947 2579.06 0 0 0 -739.529 110.549 2320.25 0 0 0 0 0 0 -499.271 389.914 2911.63 -353.615 195.466 2692.41 0 0 0 -324.27 157.054 2427.29 0 0 0 -746.951 -25.1583 2970.74 -698.817 -415.107 2863.03 0 0 0 -670.211 -781.145 2940.25 -567.754 -3.73769 3023.89 -517.119 -387.963 2899.9 0 0 0 -575.184 -764.638 2990.34
27502283 -656.971 566.261 2776.92 -662.882 371.332 2862.96 -661.326 179.039 2930.49 0 0 0 0 0 0 -827.404 353.075 2814.76 -840.043 146.978 2575.04 0 0 0 -737.953 110.835 2318.03 0 0 0 0 0 0 -498.359 389.59 2911.16 -348.3 191.23 2681.2 0 0 0 -315.045 155.021 2419.33 0 0 0 -749.54 -23.2166 2971.71 -701.776 -414.414 2867.97 0 0 0 -676.414 -771.414 2943.65 -569.999 -3.29257 3024.31 -521.778 -386.012 2893.78 0 0 0 -580.207 -758.653 2998.89
27535576 -656.586 563.847 2777.26 -661.088 368.485 2862.17 -659.356 175.527 2927.79 0 0 0 0 0 0 -825.426 350.379 2813.27 -831.017 145.987 2567.52 0 0 0 -726.844 106.7 2312.52 0 0 0 0 0 0 -496.749 386.59 2911.07 -343.148 191.62 2685.11 0 0 0 -314.388 150.842 2423.53 0 0 0 -747.293 -27.3092 2966.73 -695.061 -412.832 2846.47 0 0 0 -666.173 -781.77 2938.36 -567.956 -7.55124 3020.1 -511.87 -384.653 2877.17 0 0 0 -574.69 -752.883 2994.52
27563001 -651.393 557.928 2766.91 -658.914 364.407 2857.61 -659.168 172.921 2927.31 0 0 0 0 0 0 -822.852 346.336 2807.36 -832.526 146.507 2569.75 0 0 0 -730.242 105.748 2313.19 0 0 0 0 0 0 -494.977 382.477 2907.85 -339.088 188.29 2681.05 0 0 0 -311.357 149.504 2420.88 0 0 0 -748.875 -28.4241 2969.59 -696.368 -415.281 2853.03 0 0 0 -667.292 -780.956 2948.52 -569.969 -8.70395 3024.42 -516.369 -387.308 2883.82 0 0 0 -575.272 -755.913 3002.71
27602162 -650.774 557.237 2762.24 -658.461 362.954 2854.66 -659.366 171.803 2925.36 0 0 0 0 0 0 -822.636 345.371 2805.02 -831.259 141.752 2573.38 0 0 0 -735.736 102.704 2311.66 0 0 0 0 0 0 -494.287 380.538 2904.31 -336.038 188.644 2679.02 0 0 0 -307.654 140.776 2420.78 0 0 0 -749.851 -28.9438 2968.96 -690.811 -409.851 2837.68 0 0 0 -666.318 -779.929 2944.71 -570.69 -9.75484 3023.14 -511.111 -382.691 2870.64 0 0 0 -575.108 -749.744 2991.95
27629739 -648.487 550.589 2760.41 -657.52 357.228 2853.41 -659.103 166.464 2925.17 0 0 0 0 0 0 -821.723 339.909 2803.75 -832.626 142.375 2568.68 0 0 0 -729.67 101.532 2305.61 0 0 0 0 0 0 -493.318 374.547 2903.07 -330.014 188.818 2677.5 0 0 0 -305.014 136.477 2416.31 0 0 0 -750.281 -33.7507 2969.84 -688.351 -414.474 2838.62 0 0 0 -666.605 -784.01 2943.05 -571.09 -14.8507 3024.03 -511.279 -389.452 2875.27 0 0 0 -575.946 -759.956 2984.82
27668748 -651.638 543.335 2757.5 -660.101 351.092 2850.49 -661.807 160.221 2921.99 0 0 0 0 0 0 -824.731 334.418 2802.05 -830.315 137.691 2574.35 0 0 0 -727.099 96.6476 2308.04 0 0 0 0 0 0 -495.471 367.766 2898.92 -328.506 182.906 2677.75 0 0 0 -305.34 128.927 2412.58 0 0 0 -753.347 -39.7483 2967.08 -687.758 -416.367 2826.21 0 0 0 -673.157 -783.096 2935.33 -573.681 -21.5517 3019.93 -511.303 -389.728 2857.33 0 0 0 -578.317 -754.457 2982.84
27696478 -651.938 541.826 2757.54 -660.738 348.195 2849.41 -661.927 156.809 2919.54 0 0 0 0 0 0 -825.808 331.977 2802.35 -837.166 131.352 2573.18 0 0 0 -726.411 90.2292 2308.27 0 0 0 0 0 0 -495.667 364.414 2896.47 -326.76 171.947 2676.37 0 0 0 -304.043 123.144 2408.47 0 0 0 -753.19 -43.4277 2963.99 -680.062 -417.864 2820.88 0 0 0 -671.392 -784.227 2933.96 -573.045 -25.7285 3015.35 -506.509 -394.445 2855.21 0 0 0 -574.716 -759.396 2980.22
27735334 -652.099 531.055 2766.56 -657.679 336.357 2852.8 -656.38 143.807 2919.54 0 0 0 0 0 0 -822.939 319.271 2806.72 -836.095 122.685 2571.09 0 0 0 -724.282 85.4894 2305.82 0 0 0 0 0 0 -492.419 353.444 2898.88 -326.384 162.463 2678.68 0 0 0 -300.582 113.986 2409.82 0 0 0 -745.256 -58.0674 2961.13 -666.97 -429.118 2812 0 0 0 -666.834 -799.411 2931.67 -564.907 -39.421 3011.42 -495.527 -404.25 2843.72 0 0 0 -567.26 -767.098 2973.07
27768627 -646.8 522.387 2761.07 -653.35 329.134 2849.28 -652.692 137.443 2918.49 0 0 0 0 0 0 -818.729 312.075 2803.61 -833.543 118.339 2568.55 0 0 0 -724.529 83.7333 2304.15 0 0 0 0 0 0 -487.971 346.193 2894.96 -321.688 158.233 2674.33 0 0 0 -296.791 108.054 2404.94 0 0 0 -742.27 -63.5556 2962.77 -666.744 -433.069 2808.34 0 0 0 -668.392 -791.367 2934.91 -561.797 -44.9397 3012.62 -500.668 -409.447 2841.04 0 0 0 -572.63 -770.27 2975.94
27796586 -649.269 512.035 2758.33 -655.027 319.097 2846.85 -654.058 127.592 2916.62 0 0 0 0 0 0 -819.782 300.974 2799.4 -827.275 110.17 2564.27 0 0 0 -722.882 71.0208 2297.63 0 0 0 0 0 0 -490.273 337.22 2894.3 -317.849 148.616 2671.67 0 0 0 -293.422 96.0375 2400.18 0 0 0 -742.993 -73.8024 2960.5 -658.415 -426.883 2778.27 0 0 0 -668.912 -793.686 2929.37 -563.185 -54.0235 3012.29 -497.715 -405.106 2817.73 0 0 0 -579.065 -759.715 2962.73
27835213 -643.547 497.078 2746.96 -651.907 307.247 2841.35 -653.325 118.054 2916.9 0 0 0 0 0 0 -816.731 289.554 2793.95 -824.635 92.5842 2563.64 0 0 0 -721.335 68.0135 2296.01 0 0 0 0 0 0 -487.083 324.94 2888.75 -315.419 131.809 2669.33 0 0 0 -290.436 87.7101 2396.63 0 0 0 -744.675 -80.793 2966.59 -651.652 -428.178 2776.52 0 0 0 -671.28 -795.211 2938.4 -564.81 -61.4853 3018.31 -502.726 -418.03 2831.98 0 0 0 -585.137 -778.722 2959.67
27863324 -638.858 485.11 2742.27 -647.74 295.31 2837.81 -649.854 106.706 2914.94 0 0 0 0 0 0 -812.589 277.777 2790.42 -822.816 84.2907 2562.32 0 0 0 -722.316 57.4949 2296.34 0 0 0 0 0 0 -482.892 312.843 2885.2 -312.207 126.402 2663.16 0 0 0 -285.851 73.3305 2392.06 0 0 0 -741.916 -91.4638 2966.22 -636.125 -418.192 2750.27 0 0 0 -672.538 -795.281 2929.79 -562.021 -72.3303 3017.93 -493.277 -416.126 2811.92 0 0 0 -580.927 -773.277 2946.49
27901799 -636.417 472.964 2739.42 -645.061 282.093 2834.67 -646.974 93.3559 2911.57 0 0 0 0 0 0 -810.35 265.029 2788.68 -816.411 72.1479 2561.16 0 0 0 -717.998 44.9151 2294.73 0 0 0 0 0 0 -479.772 299.156 2880.66 -308.104 106.699 2664.58 0 0 0 -282.159 59.1791 2392.56 0 0 0 -739.078 -104.692 2963.38 -636.245 -435.075 2749.75 0 0 0 -672.813 -801.031 2922.25 -558.693 -86.0699 3013.57 -492.959 -429.222 2804.54 0 0 0 -581.668 -788.081 2934.28
27930063 -630.549 463.789 2737.51 -640.178 272.292 2832.87 -642.595 83.4931 2909.65 0 0 0 0 0 0 -806.019 256.377 2788.52 -817.206 55.0769 2562.59 0 0 0 -723.4 26.2919 2296.34 0 0 0 0 0 0 -474.337 288.207 2877.23 -303.051 90.8485 2662.29 0 0 0 -277.934 37.8642 2393.6 0 0 0 -735.507 -113.991 2962.23 -618.835 -426.328 2730.34 0 0 0 -675.756 -803.199 2927.39 -554.516 -96.6215 3010.63 -493.725 -438.442 2797.53 0 0 0 -581.959 -791.703 2941.63
27968385 -628.442 454.073 2727.04 -638.554 263.782 2826.73 -641.95 76.5613 2907.17 0 0 0 0 0 0 -804.096 247.33 2781.45 -816.615 40.0463 2566.78 0 0 0 -725.324 5.89269 2300.69 0 0 0 0 0 0 -473.011 280.233 2872.02 -303.539 66.4132 2669.15 0 0 0 -276.198 9.96817 2398.53 0 0 0 -735.673 -119.636 2962.89 -620.702 -427.831 2723.52 0 0 0 -676.833 -799.596 2922.44 -555.021 -101.683 3012.31 -494.504 -434.873 2786.13 0 0 0 -582.176 -783.069 2942.36
28001678 -627.004 453.097 2731.81 -635.286 260.483 2825.45 -637.822 71.3358 2901.16 0 0 0 0 0 0 -801.059 244.803 2780.72 -818.818 22.0307 2571.38 0 0 0 -728.051 -19.6918 2307.77 0 0 0 0 0 0 -469.513 276.164 2870.17 -301.284 56.6984 2672.08 0 0 0 -273.184 -21.7516 2406.45 0 0 0 -730.81 -126.368 2952.48 -611.693 -449.555 2711.55 0 0 0 -669.453 -801.7 2910.47 -549.904 -109.256 3001.28 -481.211 -433.149 2764.37 0 0 0 -571.916 -781.65 2918.67
28030170 -619.632 439.701 2733.7 -628.014 247.98 2825.07 -630.822 58.0922 2899 0 0 0 0 0 0 -793.919 233.101 2780.55 -822.411 10.0199 2582.19 0 0 0 -732.234 -49.8335 2321.77 0 0 0 0 0 0 -462.11 262.859 2869.58 -299.645 49.8478 2686.55 0 0 0 -267.309 -62.3536 2428.9 0 0 0 -724.155 -139.914 2948.64 -588.119 -427.377 2687.24 0 0 0 -663.99 -810.026 2915.1 -543.106 -123.677 2997.22 -482.776 -462.665 2781.11 0 0 0 -576.878 -812.981 2929.28
28068264 -615.882 435.459 2737.65 -622.734 242.581 2824.5 -623.88 51.1293 2894.24 0 0 0 0 0 0 -788.438 227.151 2779.42 -824.197 -1.49574 2595.61 0 0 0 -743.334 -83.366 2343.16 0 0 0 0 0 0 -457.03 258.011 2869.58 -300.812 45.9326 2710.77 0 0 0 -261.087 -92.9051 2463.09 0 0 0 -715.442 -148.742 2939.39 -590.944 -459.783 2706.85 0 0 0 -664.106 -809.067 2912.22 -534.611 -131.903 2988.58 -483.516 -467.71 2764.54 0 0 0 -577.087 -806.58 2935.84
28101557 -612.436 437.8 2727.11 -619.398 245.998 2817.12 -620.78 55.0881 2888.42 0 0 0 0 0 0 -785.107 230.387 2772.11 -829.597 -8.75136 2609.3 0 0 0 -750.217 -117.58 2373.7 0 0 0 0 0 0 -453.69 261.61 2862.12 -302.406 43.465 2734.38 0 0 0 -258.96 -125.424 2504.87 0 0 0 -712.58 -144.341 2935.17 -583.916 -455.87 2705.75 0 0 0 -672.556 -796.724 2917.01 -531.744 -127.304 2984.29 -490.51 -470.314 2769.09 0 0 0 -586.861 -804.171 2949.23
28134850 -608.438 447.317 2731.84 -616.28 252.289 2814.1 -618.842 59.3434 2879.43 0 0 0 0 0 0 -781.657 238.654 2767.34 -828.77 -12.901 2630.62 0 0 0 -764.283 -151.055 2411.09 0 0 0 0 0 0 -450.902 265.925 2860.86 -300.193 45.7554 2756.22 0 0 0 -258.962 -161.94 2563.64 0 0 0 -711.653 -141.044 2919.23 -585.77 -463.753 2705.05 0 0 0 -673.282 -794.263 2901.18 -531.156 -126.162 2970.27 -494.386 -472.399 2758.93 0 0 0 -585.319 -804.249 2945.91
28163647 -604.217 454.571 2713.71 -614.169 262.154 2803.91 -619.077 71.0441 2874.24 0 0 0 0 0 0 -779.516 249.082 2756.85 -838.889 -13.4465 2645.82 0 0 0 -780.853 -182.161 2454.6 0 0 0 0 0 0 -448.821 275.227 2850.97 -302.096 51.8728 2779.1 0 0 0 -264.714 -185.764 2627.95 0 0 0 -714.202 -127.199 2918.89 -586.788 -457.996 2718.6 0 0 0 -677.679 -779.448 2922.71 -533.768 -112.933 2970.25 -506.883 -476.975 2793.66 0 0 0 -592.301 -815.221 2971.58
28201436 -600.74 475.032 2716.13 -612.894 276.327 2799.23 -621.321 83.3033 2863.59 0 0 0 0 0 0 -777.636 266.922 2749.45 -845.904 -9.26196 2671.35 0 0 0 -800.371 -206.367 2507.11 0 0 0 0 0 0 -448.151 285.733 2849.01 -300.037 61.4631 2804.08 0 0 0 -265.564 -196.174 2690.99 0 0 0 -719.669 -114.854 2900.78 -584.356 -437.988 2693.19 0 0 0 -678.522 -773.299 2893.42 -539.828 -104.587 2955.12 -505.706 -467.719 2775.59 0 0 0 -596.725 -803.478 2955.75
28230386 -600.844 492.019 2705.94 -612.287 295.038 2787 -622.012 101.694 2850.5 0 0 0 0 0 0 -780.71 294.12 2758.41 -855.509 8.92953 2704.24 0 0 0 -815.755 -211.742 2575.18 0 0 0 0 0 0 -443.863 295.956 2815.58 -303.573 75.7323 2831.14 0 0 0 -258.219 -192.251 2757.81 0 0 0 -724.456 -92.1562 2898.27 -595.293 -435.768 2726.43 0 0 0 -680.362 -763.637 2907.74 -539.019 -91.1455 2929.75 -497.434 -461.36 2766.75 0 0 0 -592.412 -793.043 2952.43
28268022 -591.332 501.351 2681.92 -607.448 310.353 2774.52 -620.962 120.192 2845.95 0 0 0 0 0 0 -777.577 316.937 2759.86 -856.379 25.6577 2726.38 0 0 0 -826.502 -212.148 2631.15 0 0 0 0 0 0 -437.318 303.768 2789.18 -303.363 90.2396 2850.12 0 0 0 -263.735 -185.19 2825.46 0 0 0 -727.28 -66.3763 2909.38 -573.661 -383.001 2710.97 0 0 0 -679.86 -757.406 2915 -541.674 -73.5598 2925.37 -503.332 -459.899 2816.47 0 0 0 -600.351 -807.437 2963.63
28297124 -584.763 507.118 2670.77 -603.389 318.413 2766.47 -618.593 129.489 2841.05 0 0 0 0 0 0 -774.371 327.84 2755.49 -861.65 50.7906 2754.72 0 0 0 -840.321 -198.294 2682.84 0 0 0 0 0 0 -432.408 308.986 2777.45 -309.133 106.669 2877.08 0 0 0 -272.536 -167.236 2901.95 0 0 0 -726.71 -54.3122 2909.66 -564.934 -349.936 2686.04 0 0 0 -672.924 -764.246 2894.2 -540.885 -64.5573 2921.59 -503.272 -451.187 2805.6 0 0 0 -591.989 -795.384 2967.25
28334608 -584.039 524.93 2664.21 -601.59 335.003 2754.18 -616.457 145.105 2826.5 0 0 0 0 0 0 -769.667 336.73 2724.16 -870.194 68.2953 2784.98 0 0 0 -858.36 -188.878 2761.51 0 0 0 0 0 0 -433.513 333.277 2784.2 -312.404 109.434 2912.48 0 0 0 -285.252 -144.105 3013.82 0 0 0 -723.394 -43.8474 2882.38 -572.305 -350.089 2665.74 0 0 0 -666.543 -763.215 2861.62 -539.253 -45.7386 2915.27 -508.818 -440.12 2825.81 0 0 0 -592.025 -794.346 2967.78
28363863 -584.407 536.9 2660.41 -600.259 347.055 2747.43 -614.701 156.34 2817.77 0 0 0 0 0 0 -767.233 345.528 2709.01 -876.054 89.6177 2806.06 0 0 0 -875.729 -168.585 2831.83 0 0 0 0 0 0 -433.286 348.583 2785.86 -318.701 131.726 2934.77 0 0 0 -287.596 -96.1493 3090.16 0 0 0 -719.959 -35.2058 2867.21 -576.731 -359.461 2671.22 0 0 0 -663.201 -758.238 2857.72 -538.325 -33.5443 2909.01 -506.648 -425.342 2805.88 0 0 0 -585.667 -772.345 2967.17
28401194 -579.059 544.022 2650 -596.176 355.265 2739.24 -611.868 165.24 2811.21 0 0 0 0 0 0 -763.924 354.938 2701.8 -882.019 109.301 2828.04 0 0 0 -896.076 -139.972 2904.58 0 0 0 0 0 0 -428.427 355.593 2776.68 -335.34 166.871 2943.88 0 0 0 -317.677 -48.0668 3109.58 0 0 0 -718.839 -24.9626 2862.81 -589.164 -355.401 2665.56 0 0 0 -657.29 -750.713 2849.67 -536.283 -24.606 2903.56 -508.004 -419.505 2809.6 0 0 0 -581.178 -770.642 2965.94
28430601 -576.951 558.756 2645.81 -594.954 368.183 2731.22 -611.966 176.74 2798.92 0 0 0 0 0 0 -763.577 371.061 2696.99 -882.567 144.923 2848.73 0 0 0 -919.193 -87.0285 2966.4 0 0 0 0 0 0 -426.331 365.306 2765.46 -327.733 182.915 2966.49 0 0 0 -322.005 -21.3832 3146.7 0 0 0 -720.887 -13.135 2847.95 -598.266 -340.64 2640.33 0 0 0 -652.655 -748.155 2818.19 -537.068 -16.2721 2885.27 -514.82 -415.232 2808.6 0 0 0 -583.26 -773.565 2950.03
28463971 -575.942 569.258 2641.21 -594.781 377.897 2724.38 -613.26 185.781 2789.8 0 0 0 0 0 0 -764.005 383.466 2692.94 -883.349 178.589 2868.56 0 0 0 -933.414 -40.6207 3011.24 0 0 0 0 0 0 -425.557 372.327 2755.83 -339.046 216.431 2974.28 0 0 0 -324.797 23.6922 3166.98 0 0 0 -724.015 -3.29868 2838.08 -602.692 -333.407 2632.89 0 0 0 -643.9 -752.65 2798.11 -539.462 -9.37259 2872.37 -513.556 -411.878 2823.3 0 0 0 -585.263 -776.566 2944.95
28501073 -572.824 569.387 2611.91 -593.75 383.521 2708.81 -614.184 195.35 2783.69 0 0 0 0 0 0 -763.35 390.126 2679.13 -883.803 203.218 2884.01 0 0 0 -942.851 -5.71747 3042.95 0 0 0 0 0 0 -424.151 376.916 2738.5 -348.767 239.179 2980.04 0 0 0 -329.587 56.8136 3182.8 0 0 0 -727.112 10.7806 2842.39 -604.828 -324.753 2646.56 0 0 0 -633.946 -758.165 2768.78 -542.124 3.57631 2874.76 -510.586 -398.637 2821.54 0 0 0 -576.939 -757.964 2960.89
28534366 -573.06 570.903 2598.26 -594.684 387.289 2699.66 -616.098 200.673 2778.35 0 0 0 0 0 0 -764.911 396.306 2674.72 -881.637 233.144 2888.66 0 0 0 -945.288 29.4023 3055.75 0 0 0 0 0 0 -424.457 378.272 2724.61 -353.075 262.874 2978.04 0 0 0 -332.756 87.407 3187.34 0 0 0 -730.411 18.9787 2843.42 -606.916 -313.127 2642.27 0 0 0 -624.269 -776.949 2721.28 -544.615 9.13696 2870.65 -506.354 -394.347 2834.51 0 0 0 -581.718 -761.062 2944.81
28564078 -574.502 580.921 2591.45 -597.966 396.522 2690.66 -620.767 208.726 2766.25 0 0 0 0 0 0 -768.621 409.661 2671.83 -880.576 251.794 2894.07 0 0 0 -946.739 54.7715 3069.61 0 0 0 0 0 0 -427.31 383.383 2709.5 -358.177 276.918 2976.44 0 0 0 -336.509 111.038 3193.45 0 0 0 -736.733 28.1018 2831.56 -611.628 -303.383 2630.13 0 0 0 -615.412 -782.976 2665.24 -550.402 13.7561 2852.12 -511.464 -390.303 2818.94 0 0 0 -581.335 -759.882 2926.08
28600952 -572.804 585.439 2589.52 -597.761 399.357 2682.75 -621.06 209.56 2752.95 0 0 0 0 0 0 -768.386 412.999 2663 -878.296 266.19 2895.41 0 0 0 -947.154 74.6227 3076.75 0 0 0 0 0 0 -427.136 385.716 2702.5 -363.114 292.228 2968.72 0 0 0 -340.83 135.464 3192.47 0 0 0 -737.401 27.2021 2812.38 -608.983 -311.122 2625.46 0 0 0 -596.68 -799.438 2612.33 -551.318 12.3249 2833.92 -502.551 -391.11 2805.89 0 0 0 -574.645 -757.409 2923.43
28630817 -568.471 584.061 2579.55 -594.512 398.449 2670.85 -618.202 208.17 2739.8 0 0 0 0 0 0 -764.67 410.906 2646.76 -873.302 279.351 2884.41 0 0 0 -944.337 95.2617 3072.86 0 0 0 0 0 0 -424.355 385.992 2694.93 -366.154 303.58 2963.27 0 0 0 -343.458 150.465 3189.8 0 0 0 -734.739 24.6876 2795.6 -602.787 -318.267 2619.93 0 0 0 -581.771 -803.295 2569.98 -549.045 11.0934 2821.89 -493.869 -391.78 2795.98 0 0 0 -573.736 -753.334 2923.09
28664186 -577.325 591.806 2565.06 -600.174 406.258 2655.67 -621.986 215.132 2722.94 0 0 0 0 0 0 -770.685 417.879 2633.4 -872.355 285.833 2881.48 0 0 0 -943.792 105.39 3073.64 0 0 0 0 0 0 -429.662 394.637 2677.94 -369.202 314.152 2954.54 0 0 0 -345.857 164.245 3183.3 0 0 0 -736.813 30.346 2778.06 -608.521 -317.273 2608.71 0 0 0 -573.839 -790.733 2526.84 -550.785 17.6674 2802.36 -491.55 -384.316 2771.16 0 0 0 -578.372 -741.837 2905.3
28700831 -574.704 583.78 2547.32 -598.171 399.653 2642.25 -620.18 210.118 2713.76 0 0 0 0 0 0 -769.016 412.394 2623.44 -876.328 290.242 2872.91 0 0 0 -944.627 110.768 3067.32 0 0 0 0 0 0 -427.327 386.912 2661.06 -366.549 322.61 2932.76 0 0 0 -349.933 214.949 3184.64 0 0 0 -735.413 27.536 2775 -604.954 -324.331 2616.49 0 0 0 -557.947 -798.502 2503.14 -548.967 13.6315 2795.53 -485.721 -387.918 2765.83 0 0 0 -570.044 -743.954 2905.82
28730925 -576.506 574.799 2529.95 -599.696 391.93 2628.53 -621.498 203.007 2701.79 0 0 0 0 0 0 -770.85 406.872 2616.12 -883.983 291.478 2863.66 0 0 0 -946.489 112.417 3060.43 0 0 0 0 0 0 -428.542 376.989 2640.94 -369.735 330.828 2894.37 0 0 0 -368.802 236.748 3142.81 0 0 0 -736.742 22.2407 2768.27 -610.313 -327.625 2602.09 0 0 0 -549.568 -800.656 2462.87 -549.857 5.92632 2781.81 -486.35 -394.825 2743.59 0 0 0 -571.791 -747.195 2891.99
28767417 -577.074 562.623 2512.76 -600.628 379.918 2612.55 -622.283 191.358 2686.83 0 0 0 0 0 0 -771.923 395.268 2601.57 -889.723 288.325 2849.54 0 0 0 -947.143 112.919 3051.06 0 0 0 0 0 0 -429.333 364.568 2623.52 -370.363 331.915 2865.18 0 0 0 -366.204 246.457 3107.9 0 0 0 -737.623 11.194 2755.12 -617.23 -381.416 2574.99 0 0 0 -531.878 -827.237 2412.06 -550.254 -5.59619 2767.12 -480.719 -404.104 2718.53 0 0 0 -569.018 -747.314 2884.61
28797663 -572.562 548.642 2505.76 -593.308 363.075 2599.31 -613.016 172.676 2669.17 0 0 0 0 0 0 -763.271 372.076 2575.89 -890.061 270.577 2840.39 0 0 0 -948.001 100.5 3046.3 0 0 0 0 0 0 -423.345 354.075 2622.73 -365.973 329.621 2838.1 0 0 0 -370.549 250.094 3073.9 0 0 0 -721.225 -13.0372 2726.84 -608.671 -420.444 2552.34 0 0 0 -515.652 -846.337 2389.69 -544.224 -22.4106 2751.23 -468.421 -419.014 2696.55 0 0 0 -561.055 -756.054 2872.86
28834003 -575.54 537.725 2476.17 -593.788 355.76 2576.39 -610.472 167.368 2652.04 0 0 0 0 0 0 -764.274 361.783 2553.79 -892.601 255.13 2806.74 0 0 0 -947.26 97.476 3022.67 0 0 0 0 0 0 -423.301 349.737 2599 -357.999 310.822 2829.09 0 0 0 -379.151 232.759 3075.28 0 0 0 -718.17 -17.8086 2715.61 -602.463 -443.381 2525.33 0 0 0 -498.81 -869.663 2344.93 -536.144 -24.2398 2739.74 -469.112 -422.216 2683.52 0 0 0 -564.828 -753.664 2868.79
28864402 -571.729 521.022 2453.41 -589.212 340.252 2557.75 -604.262 153.218 2636.94 0 0 0 0 0 0 -759.106 342.431 2530.61 -892.776 230.563 2776.4 0 0 0 -940.907 101.233 3001.16 0 0 0 0 0 0 -419.319 338.073 2584.89 -371.456 225.218 2821.6 0 0 0 -397.691 113.78 3062.33 0 0 0 -709.265 -32.6626 2701.76 -600.627 -454.125 2522.89 0 0 0 -499.969 -867.916 2352.18 -529.357 -34.9703 2730.5 -458.82 -430.06 2660.83 0 0 0 -561.946 -763.107 2839.3
28900589 -570.9 508.782 2434.03 -586.411 323.511 2529.24 -599.236 135.641 2606.88 0 0 0 0 0 0 -756.577 324.436 2503.37 -906.79 205.24 2738.74 0 0 0 -938.627 82.2541 2966.04 0 0 0 0 0 0 -416.245 322.586 2555.11 -385.383 158.899 2763.23 0 0 0 -414.399 20.8358 2989.4 0 0 0 -703.469 -51.7316 2670.63 -587.168 -400.549 2447.16 0 0 0 -514.625 -802.129 2357.03 -520.653 -52.7257 2698.42 -452.681 -441.984 2615.75 0 0 0 -563.878 -770.168 2798.41
28931140 -567.921 494.666 2409.34 -583.75 311.262 2511.08 -595.988 124.359 2591.12 0 0 0 0 0 0 -753.574 310.336 2482.96 -914.811 183.584 2696.9 0 0 0 -949.048 54.9023 2922.05 0 0 0 0 0 0 -413.926 312.187 2539.21 -394.536 113.363 2715.7 0 0 0 -425.009 -47.216 2926.29 0 0 0 -700.225 -63.0459 2655.93 -578.549 -394.134 2430.31 0 0 0 -518.768 -789.17 2373.67 -516.227 -62.0433 2686.4 -452.608 -457.759 2629.6 0 0 0 -575.505 -793.772 2786.75
28964509 -566.911 482.065 2388.48 -578.651 295.177 2485.9 -586.976 108.379 2566.69 0 0 0 0 0 0 -748.98 292.06 2461.14 -911.817 170.247 2643.45 0 0 0 -955.689 9.60526 2835.99 0 0 0 0 0 0 -408.323 298.294 2510.66 -396.428 75.875 2657.11 0 0 0 -427.352 -103.579 2851.79 0 0 0 -687.977 -80.1154 2634.01 -560.88 -383.587 2386.52 0 0 0 -510.774 -776.007 2362.99 -502.626 -76.7235 2660.95 -421.629 -459.444 2562.13 0 0 0 -551.859 -769.376 2757.08
29000468 -568.22 470.082 2378.57 -579.943 283.951 2474.15 -587.225 95.531 2551.21 0 0 0 0 0 0 -749.951 279.519 2447.24 -904.296 154.083 2593.27 0 0 0 -966.336 -28.3629 2750.37 0 0 0 0 0 0 -409.936 288.383 2501.05 -402.827 50.399 2620.93 0 0 0 -433.454 -144.769 2799.9 0 0 0 -687.17 -95.3051 2613.61 -562.866 -391.72 2359.75 0 0 0 -512.228 -813.609 2358.06 -501.844 -90.4736 2642.93 -445.499 -485.053 2595.53 0 0 0 -528.146 -834.572 2676.88
29031248 -565.938 453.173 2359.11 -578.47 268.238 2458.44 -585.732 80.4813 2537.11 0 0 0 0 0 0 -747.769 261.969 2427.85 -900.077 135.503 2545.17 0 0 0 -986.975 -61.6563 2664.65 0 0 0 0 0 0 -409.17 274.507 2489.03 -405.059 26.368 2586.34 0 0 0 -434.855 -181.812 2750.14 0 0 0 -685.394 -110.697 2599.08 -550.144 -387.456 2331.85 0 0 0 -511.612 -792.465 2355.15 -500.596 -103.854 2632.48 -436.386 -498.449 2572.37 0 0 0 -542.07 -816.557 2730.21
29067054 -560.984 440.472 2341.88 -575.669 256.175 2443.27 -584.015 68.5102 2522.07 0 0 0 0 0 0 -744.813 250.4 2411.6 -904.931 110.701 2498.62 0 0 0 -999.282 -101.811 2588.82 0 0 0 0 0 0 -406.526 261.949 2474.93 -404.26 7.23149 2553.49 0 0 0 -432.852 -211.676 2702.89 0 0 0 -684.699 -122.306 2583.59 -543.32 -390.837 2311.5 0 0 0 -509.838 -787.783 2343.36 -500.023 -116.002 2618.16 -440.649 -515.299 2585.71 0 0 0 -524.134 -867.474 2651.09
29097986 -561.51 430.917 2325.76 -576.259 246.393 2427.99 -584.99 58.7434 2506.81 0 0 0 0 0 0 -744.78 239.687 2393.36 -908.374 86.2986 2453.85 0 0 0 -1009.41 -136.771 2516.15 0 0 0 0 0 0 -407.737 253.1 2462.63 -406.584 -5.8606 2525.85 0 0 0 -433.729 -233.582 2661.73 0 0 0 -684.233 -132.509 2567.03 -537.918 -398.426 2294.96 0 0 0 -502.28 -829.73 2337.34 -503.211 -125.304 2604.23 -456.848 -529.278 2574.75 0 0 0 -535.188 -907.686 2640.66
29133640 -555.86 415.44 2304.16 -572.791 234.374 2412.12 -583.368 49.176 2496.25 0 0 0 0 0 0 -740.902 227.174 2375.13 -910.727 64.1819 2406.91 0 0 0 -1017.97 -164.623 2447.8 0 0 0 0 0 0 -404.679 241.575 2449.1 -371.074 62.018 2577.98 0 0 0 -381.965 -119.509 2713.83 0 0 0 -684.906 -139.918 2560.38 -519.345 -438.904 2279.91 0 0 0 -505.846 -843.289 2353.82 -502.986 -132.127 2600.4 -429.445 -528.899 2587.15 0 0 0 -550.531 -882.839 2644.8
29164725 -553.027 407.113 2286.33 -568.777 226.05 2393.91 -580.086 42.3263 2481.24 0 0 0 0 0 0 -732.342 212.248 2343.69 -909.513 47.7073 2359.36 0 0 0 -1025.11 -182.629 2370.41 0 0 0 0 0 0 -405.213 239.852 2444.13 -323.912 94.2769 2587.79 0 0 0 -300.033 -83.024 2733.87 0 0 0 -680.607 -148.925 2541.18 -502.448 -470.227 2247.6 0 0 0 -496.198 -854.419 2333.06 -502.182 -133.869 2595.96 -421.401 -530.024 2566.89 0 0 0 -565.381 -864.706 2676.85
29198094 -550.81 395.307 2276.96 -566.73 216.424 2384.64 -578.218 32.357 2471.35 0 0 0 0 0 0 -728.86 200.606 2329.58 -909.749 40.3483 2312.19 0 0 0 -1027.61 -186.453 2290.26 0 0 0 0 0 0 -404.6 232.241 2439.7 -274.105 100.123 2574.2 0 0 0 -207.367 -80.361 2722.08 0 0 0 -677.335 -160.259 2528.3 -497.29 -486.381 2239.96 0 0 0 -494.165 -858.977 2335.69 -502.077 -143.16 2587.81 -438.637 -544.742 2557.48 0 0 0 -568.584 -897.68 2668.03
29233519 -549.078 386.892 2258.27 -565.682 209.935 2371.68 -577.679 27.4097 2461.51 0 0 0 0 0 0 -728.129 193.679 2316.95 -905.871 33.67 2268.09 0 0 0 -1023.44 -186.313 2208.7 0 0 0 0 0 0 -403.234 226.192 2426.41 -230.08 99.5531 2539.25 0 0 0 -120.234 -80.4625 2672.49 0 0 0 -677.268 -163.882 2521.84 -496.409 -488.066 2238.75 0 0 0 -503.76 -859.381 2350.7 -502.083 -146.35 2580.85 -452.882 -550.052 2552.27 0 0 0 -566.482 -909.89 2658.5
29264833 -546.446 381.175 2255.91 -563.04 201.963 2364.8 -572.56 17.9032 2451.73 0 0 0 0 0 0 -726.413 185.746 2312.57 -898.461 29.8541 2225.03 0 0 0 -1015.48 -182.588 2139.13 0 0 0 0 0 0 -399.666 218.179 2417.03 -196.929 99.1633 2496.99 0 0 0 -49.7479 -78.0783 2607.73 0 0 0 -672.681 -175.149 2509.69 -488.024 -503.926 2226.66 0 0 0 -505.459 -872.21 2352.48 -491.479 -157.163 2567.62 -453.385 -562.269 2542.09 0 0 0 -552.561 -927.872 2642.95
29300105 -540.999 371.559 2241.25 -558.963 194.485 2354.62 -568.4 12.0839 2444.98 0 0 0 0 0 0 -722.873 177.894 2304.01 -889.713 27.9108 2189.51 0 0 0 -1004.27 -170.648 2070.33 0 0 0 0 0 0 -395.054 211.077 2405.23 -173.902 100.49 2449.55 0 0 0 2.68327 -70.5237 2531.84 0 0 0 -668.6 -179.505 2507.32 -487.18 -503.862 2227.91 0 0 0 -511.916 -868.372 2365.84 -487.073 -161.13 2563.37 -457.544 -567.153 2541.31 0 0 0 -544.074 -937.544 2636.16
29331571 -542.891 357.318 2235.41 -559.673 179.764 2346.97 -568.309 -2.7241 2437.32 0 0 0 0 0 0 -724.287 163.552 2298.49 -884.359 35.4552 2150.75 0 0 0 -989.431 -156.231 2008.62 0 0 0 0 0 0 -395.06 195.977 2395.46 -162.63 121.534 2322.31 0 0 0 61.6596 -7.58753 2291.65 0 0 0 -665.791 -193.963 2501.49 -483.935 -519.28 2215.63 0 0 0 -514.703 -879.277 2365.15 -488.096 -176.462 2553.83 -465.146 -583.08 2535.17 0 0 0 -540.639 -957.427 2623.71
29366691 -539.233 354.352 2225 -557.663 174.723 2337.59 -567.329 -6.64248 2430.06 0 0 0 0 0 0 -722.509 159.056 2289.63 -873.674 38.7239 2121.38 0 0 0 -974.866 -134.572 1954.17 0 0 0 0 0 0 -392.817 190.391 2385.55 -163.808 122.769 2288.15 0 0 0 63.5785 6.63701 2229.89 0 0 0 -666.154 -196.482 2496.6 -482.596 -510.764 2215.34 0 0 0 -516.894 -867.368 2372.99 -487.838 -179.535 2548.48 -469.941 -586.537 2532.93 0 0 0 -535.832 -964.139 2615.08
29398310 -536.809 349.912 2220.8 -554.725 168.473 2329.7 -565.175 -13.6822 2420.55 0 0 0 0 0 0 -720.145 154.748 2283.16 -857.899 49.0325 2101.52 0 0 0 -962.655 -94.6104 1910.29 0 0 0 0 0 0 -389.306 182.197 2376.25 -164.416 125.881 2256.09 0 0 0 63.4327 18.151 2178.03 0 0 0 -664.959 -203.249 2486.25 -477.125 -519.363 2201.86 0 0 0 -514.887 -871.803 2368.26 -486.289 -188.425 2536.53 -472.284 -595.675 2523.71 0 0 0 -529.837 -975.949 2599.56
29433277 -533.702 346.418 2210.69 -551.9 164.909 2320.6 -563.276 -16.6149 2412.61 0 0 0 0 0 0 -717.674 152.186 2275 -844.211 59.3433 2082.97 0 0 0 -946.477 -64.4837 1875.24 0 0 0 0 0 0 -386.127 177.632 2366.2 -164.2 129.942 2224.04 0 0 0 62.1369 28.4368 2127.88 0 0 0 -664.667 -205.048 2479.85 -475.326 -518.057 2199.83 0 0 0 -515.299 -865.498 2376.08 -484.635 -191.23 2529.37 -473.64 -598.639 2518.87 0 0 0 -523.96 -981.099 2588.63
29465048 -533.144 340.749 2207.64 -551.174 159.072 2313.45 -563.425 -22.9886 2404.28 0 0 0 0 0 0 -716.771 147.041 2267 -829.796 70.695 2063.48 0 0 0 -929.042 -38.6985 1844.74 0 0 0 0 0 0 -385.577 171.104 2359.9 -168.097 133.472 2198.03 0 0 0 50.3118 36.8354 2084.36 0 0 0 -664.265 -211.486 2470.27 -472.439 -527.573 2192.03 0 0 0 -515.677 -873.187 2371.42 -487.087 -198.613 2519.97 -478.428 -606.124 2511.42 0 0 0 -522.477 -990.37 2575.35
29499863 -532.998 336.664 2204.62 -550.198 154.78 2307.64 -562.978 -28.1825 2396.56 0 0 0 0 0 0 -715.717 143.53 2260.7 -818.436 79.0695 2044.29 0 0 0 -910.633 -18.8127 1816.23 0 0 0 0 0 0 -384.679 166.029 2354.57 -170.548 132.738 2176.52 0 0 0 39.5896 44.3003 2041.29 0 0 0 -664.74 -217.192 2460.24 -469.35 -530.663 2190.21 0 0 0 -516.006 -873.583 2374 -486.777 -205.097 2510.71 -479.94 -612.673 2503.78 0 0 0 -518.551 -998.376 2562.22
29531787 -532.102 334.977 2203.6 -548.799 151.508 2303.07 -561.23 -32.4885 2389.87 0 0 0 0 0 0 -714.415 140.665 2256.37 -808.92 87.3095 2029.79 0 0 0 -891.317 -0.706207 1793.62 0 0 0 0 0 0 -383.182 162.352 2349.78 -171.278 130.868 2156.27 0 0 0 31.0414 48.3089 2004.18 0 0 0 -663.822 -222.389 2451.24 -465.57 -531.15 2187.74 0 0 0 -515.375 -868.543 2380.55 -483.501 -210.582 2502.1 -478.09 -618.2 2496.49 0 0 0 -511.981 -1005.09 2549.8
29565156 -529.204 332.838 2195.59 -545.737 150.313 2296.66 -558.663 -33.0133 2384.81 0 0 0 0 0 0 -711.744 140.164 2251.21 -797.283 93.897 2018.49 0 0 0 -874.566 17.9824 1776.13 0 0 0 0 0 0 -379.731 160.461 2342.1 -173.131 132.438 2136.13 0 0 0 20.0479 50.6852 1969.87 0 0 0 -662.681 -221.908 2448.02 -465.059 -528.528 2193.01 0 0 0 -516.043 -865.999 2385.61 -480.495 -210.77 2497.9 -476.204 -618.415 2493.37 0 0 0 -505.995 -1006.27 2541.9
29599742 -530.13 333.974 2198.58 -544.869 148.63 2293.41 -556.611 -36.2821 2378.29 0 0 0 0 0 0 -711.224 138.887 2249.17 -795.656 93.96 1996.74 0 0 0 -856.147 23.3727 1749.57 0 0 0 0 0 0 -378.513 158.373 2337.65 -174.58 136.707 2113.56 0 0 0 11.2869 52.2683 1939.26 0 0 0 -659.423 -226.528 2438.95 -461.965 -535.165 2183.88 0 0 0 -513.497 -869.537 2381.69 -477.284 -215.861 2487.38 -473.876 -623.523 2483.74 0 0 0 -500.103 -1012.16 2527.85
29631894 -529.367 328.225 2194.59 -544.514 144.03 2288.83 -555.916 -41.0105 2373.53 0 0 0 0 0 0 -710.826 133.976 2244.48 -795.34 94.4719 1975.87 0 0 0 -837.43 30.4539 1724.55 0 0 0 0 0 0 -378.202 154.083 2333.18 -174.805 140.87 2093.29 0 0 0 3.05727 52.3454 1908.01 0 0 0 -657.861 -231.524 2434.09 -461.577 -537.763 2188.6 0 0 0 -516.966 -872.205 2385.32 -476.775 -220.577 2482.38 -474.065 -628.25 2479.45 0 0 0 -497.187 -1017.53 2519.48
29666328 -527.662 323.397 2191.58 -542.795 139.192 2285.72 -554.552 -45.6797 2370.77 0 0 0 0 0 0 -708.641 128.614 2239.8 -796.67 95.2354 1956.93 0 0 0 -822.204 35.6137 1704.47 0 0 0 0 0 0 -376.949 149.771 2331.65 -174.405 144.933 2076.15 0 0 0 -0.636795 56.2443 1881.55 0 0 0 -656.875 -236.328 2430.73 -458.714 -538.678 2188.96 0 0 0 -517.716 -873.667 2383.72 -475.744 -224.775 2480.89 -473.586 -632.455 2478.54 0 0 0 -494 -1022.25 2514.83
29698633 -526.47 324.825 2189.59 -539.856 139.425 2283.26 -549.684 -45.7119 2367.97 0 0 0 0 0 0 -705.354 126.87 2236.62 -793.836 102.617 1940.98 0 0 0 -807.856 41.9029 1686.15 0 0 0 0 0 0 -374.357 151.98 2329.91 -173.202 145.974 2065.08 0 0 0 -7.4767 60.1886 1854.91 0 0 0 -652.571 -237.908 2426.44 -453.219 -536.026 2185.82 0 0 0 -511.572 -870.152 2382.29 -466.453 -223.789 2478.9 -464.733 -631.473 2477.01 0 0 0 -482.781 -1021.69 2509.89
29732914 -522.688 323.46 2186.59 -536.117 138.174 2280.45 -545.875 -46.6814 2365.79 0 0 0 0 0 0 -701.237 124.839 2232.69 -786.919 106.807 1925.98 0 0 0 -796.262 44.5743 1669.14 0 0 0 0 0 0 -370.996 151.51 2328.22 -174.106 142.987 2057.04 0 0 0 -10.1745 66.3755 1832.29 0 0 0 -647.293 -238.94 2424.61 -453.202 -536.967 2187.96 0 0 0 -514.307 -872.96 2380.33 -463.974 -224.134 2477.65 -462.602 -631.822 2476.13 0 0 0 -478.581 -1022.38 2505.89
29765371 -519.8 323.41 2181.08 -533.954 137.913 2276.97 -543.625 -46.4773 2363.32 0 0 0 0 0 0 -698.215 123.04 2226.81 -783.968 108.41 1910.49 0 0 0 -783.484 54.6283 1649.03 0 0 0 0 0 0 -369.693 152.786 2327.12 -173.564 137.988 2050.53 0 0 0 -19.9596 80.7229 1807.12 0 0 0 -643.821 -239.064 2422.03 -452.449 -536.114 2186.75 0 0 0 -515.975 -871.286 2379.8 -462.769 -222.671 2477.31 -461.674 -630.36 2476.1 0 0 0 -475.838 -1021.19 2503.01
29799500 -519.536 327.206 2177.83 -534.148 142.216 2273.64 -545.321 -42.4498 2359.21 0 0 0 0 0 0 -697.707 127.777 2221.12 -780.476 109.7 1900.23 0 0 0 -774.949 68.3149 1632.51 0 0 0 0 0 0 -370.59 156.655 2326.15 -171.776 136.992 2038.26 0 0 0 -26.0057 90.9307 1785.72 0 0 0 -643.799 -234.823 2416.75 -454.044 -531.768 2183.83 0 0 0 -516.844 -865.979 2378.8 -469.188 -219.408 2472.81 -468.314 -627.099 2471.84 0 0 0 -480.884 -1018.15 2496.16
29832110 -521.531 327.243 2177.21 -536.267 142.353 2271.15 -548.188 -43.0255 2355.06 0 0 0 0 0 0 -699.557 128.608 2217.58 -780.732 111.847 1892.11 0 0 0 -768.222 81.4521 1620.34 0 0 0 0 0 0 -372.977 156.098 2324.72 -170.385 135.999 2027.14 0 0 0 -28.7187 98.2566 1766.33 0 0 0 -646.712 -235.694 2410.55 -454.564 -538.661 2185.62 0 0 0 -520.293 -874.791 2376.22 -473.504 -221.114 2467.37 -472.806 -628.805 2466.59 0 0 0 -483.975 -1020.04 2488.57
29866086 -520.006 327.613 2177.9 -535.257 143.024 2269.88 -547.736 -42.7837 2352.75 0 0 0 0 0 0 -698.797 130.331 2216.79 -779.867 113.93 1886.56 0 0 0 -763.103 94.4919 1611.54 0 0 0 0 0 0 -371.717 155.717 2322.96 -172.194 138.997 2022.07 0 0 0 -34.5063 115.433 1756.97 0 0 0 -648.917 -235.476 2406.84 -453.009 -538.055 2190.2 0 0 0 -519.188 -876.601 2376.3 -471.515 -221.707 2464.42 -470.958 -629.399 2463.8 0 0 0 -480.892 -1020.78 2483.64
29899379 -521.492 330.991 2170.74 -536.314 146.83 2266.23 -548.698 -38.2281 2350.78 0 0 0 0 0 0 -700.481 134.438 2215.06 -777.424 114.955 1885.28 0 0 0 -759.585 112.263 1607.92 0 0 0 0 0 0 -372.147 159.222 2317.41 -170.586 139.005 2018.03 0 0 0 -36.6297 121.504 1749.96 0 0 0 -650.448 -230.032 2407.47 -454.144 -531.255 2193.85 0 0 0 -522.51 -869.234 2380.24 -471.716 -216.54 2463.18 -471.27 -624.232 2462.68 0 0 0 -480.115 -1015.74 2480.59
29932218 -515.961 332.373 2174.67 -529.573 147.273 2267.68 -540.123 -38.4774 2350.92 0 0 0 0 0 0 -693.209 133.092 2215.3 -774.707 115.474 1883.16 0 0 0 -757.488 122.172 1603.79 0 0 0 0 0 0 -365.937 161.454 2320.05 -169.785 141.015 2012.02 0 0 0 -37.2898 124.698 1740.41 0 0 0 -644.486 -232.358 2404.14 -446.91 -539.183 2190.77 0 0 0 -516.641 -877.072 2376.85 -456.86 -216.098 2464.2 -456.504 -623.79 2463.8 0 0 0 -464.386 -1015.39 2479.96
29965965 -518.271 336.002 2169.12 -530.235 150.524 2265.1 -538.463 -34.6365 2349.89 0 0 0 0 0 0 -694.412 134.842 2214.92 -770.847 116.227 1880.57 0 0 0 -755.257 132.785 1598.3 0 0 0 0 0 0 -366.057 166.206 2315.28 -170.388 146.009 2011 0 0 0 -39.7746 132.779 1738.09 0 0 0 -638.35 -228.552 2406.67 -451.439 -532.531 2193.08 0 0 0 -519.736 -867.72 2384.42 -455.033 -211.042 2462.69 -454.748 -618.734 2462.37 0 0 0 -461.779 -1010.41 2476.95
29998956 -516.136 334.572 2172.36 -526.9 148.844 2266.61 -533.355 -36.706 2350.71 0 0 0 0 0 0 -690.518 131.256 2215.25 -769.421 119.612 1880.3 0 0 0 -757.895 145.814 1594.7 0 0 0 0 0 0 -363.282 166.433 2317.98 -169.69 149.514 2006.51 0 0 0 -41.8113 140.318 1734.1 0 0 0 -632.114 -232.179 2405.84 -450.369 -541.296 2190.05 0 0 0 -517.877 -875.802 2382.91 -447.508 -212.334 2463.79 -447.28 -620.026 2463.54 0 0 0 -453.556 -1011.77 2476.68
30032551 -517.879 333.808 2179.97 -526.487 147.071 2268.82 -531.505 -39.8814 2349.81 0 0 0 0 0 0 -690.02 129.124 2217.26 -768.709 121.305 1879.16 0 0 0 -757.786 152.981 1590.47 0 0 0 0 0 0 -362.954 165.017 2320.39 -169.842 153.76 2003.25 0 0 0 -47.7345 151.643 1728.67 0 0 0 -626.493 -236.707 2402.42 -452.672 -542.596 2186.38 0 0 0 -518.808 -877.662 2378.78 -446.553 -216.96 2459.16 -446.37 -624.652 2458.95 0 0 0 -451.977 -1016.44 2470.8
30065695 -518.832 337.413 2171.28 -527.9 150.941 2264.95 -532.625 -35.0608 2348.13 0 0 0 0 0 0 -692.097 133.022 2215.55 -766.339 121.139 1877.08 0 0 0 -758.963 161.797 1585.62 0 0 0 0 0 0 -363.703 168.86 2314.34 -170.907 155.391 1999.12 0 0 0 -50.7856 163.301 1722.1 0 0 0 -626.975 -230.844 2404.35 -457.857 -531.091 2193.07 0 0 0 -522.773 -865.819 2386.48 -447.724 -211.282 2458.27 -447.578 -618.974 2458.11 0 0 0 -452.59 -1010.81 2468.79
30099137 -517.955 338.939 2166.93 -527.671 152.626 2262.87 -532.24 -32.7257 2347.53 0 0 0 0 0 0 -692.462 135 2215.39 -764.661 120.561 1877.54 0 0 0 -762.266 168.028 1586.18 0 0 0 0 0 0 -362.88 170.253 2310.36 -169.445 158.201 1993.06 0 0 0 -51.0684 167.859 1715.68 0 0 0 -627.248 -227.751 2406.13 -458.136 -535.353 2191.96 0 0 0 -522.378 -868.144 2388.87 -446.37 -208.404 2458.25 -446.254 -616.096 2458.12 0 0 0 -450.737 -1007.96 2467.75
30132433 -517.934 341.275 2164.75 -528.206 155.056 2261 -533.568 -29.9953 2346.29 0 0 0 0 0 0 -692.739 137.502 2212.57 -764.329 121.281 1877.26 0 0 0 -762.597 167.904 1584.19 0 0 0 0 0 0 -363.672 172.609 2309.43 -167.222 161.596 1989.03 0 0 0 -50.7429 180.17 1710.23 0 0 0 -627.814 -224.529 2405.42 -460.012 -533.557 2188.24 0 0 0 -521.337 -865.822 2386.96 -450.045 -205.563 2457.74 -449.952 -613.256 2457.64 0 0 0 -453.964 -1005.15 2466.31
30165802 -519.738 342.352 2164.67 -529.74 155.681 2260.53 -535.088 -29.7767 2344.95 0 0 0 0 0 0 -694.112 138.119 2211.54 -763.662 121.642 1879.13 0 0 0 -764.607 171.482 1586.95 0 0 0 0 0 0 -365.369 173.242 2309.53 -166.111 164.302 1985.02 0 0 0 -51.3672 186.803 1704.32 0 0 0 -629.135 -224.711 2402.93 -460.391 -536.945 2187.33 0 0 0 -521.335 -867.803 2388.5 -451.738 -205.757 2455.81 -451.663 -613.45 2455.72 0 0 0 -455.256 -1005.37 2463.54
30199172 -518.208 344.151 2164.13 -529.197 157.811 2259.44 -535.084 -28.0209 2343 0 0 0 0 0 0 -693.527 140.828 2210.09 -765.326 123.827 1880.07 0 0 0 -762.597 174.359 1587.46 0 0 0 0 0 0 -364.868 174.794 2308.79 -164.552 166.65 1981.02 0 0 0 -50.463 188.796 1701.36 0 0 0 -630.091 -223.063 2399.8 -460.447 -533.679 2186.93 0 0 0 -517.495 -866.364 2386.2 -451.853 -204.642 2453.32 -451.793 -612.335 2453.25 0 0 0 -455.012 -1004.27 2460.3
30232541 -516.914 344.303 2169.36 -528.041 156.807 2260.45 -534.354 -30.023 2341.69 0 0 0 0 0 0 -692.523 140.964 2211.23 -767.666 128.417 1876.53 0 0 0 -761.233 181.486 1585.13 0 0 0 0 0 0 -363.559 172.65 2309.66 -165.282 170.324 1982.52 0 0 0 -52.3416 187.149 1703.68 0 0 0 -629.947 -225.452 2396.21 -459.054 -536.55 2184.96 0 0 0 -519.769 -868.098 2385.03 -451.387 -208.253 2449.64 -451.339 -615.946 2449.59 0 0 0 -454.224 -1007.9 2455.93
30265910 -518.721 348.305 2168.48 -529.769 159.799 2259.15 -536.096 -27.4486 2339.44 0 0 0 0 0 0 -694.249 144.211 2209.83 -766.332 129.714 1874.27 0 0 0 -759.102 187.376 1582.34 0 0 0 0 0 0 -365.29 175.387 2308.46 -175.641 167.164 1998.27 0 0 0 -63.1581 199.92 1722.17 0 0 0 -631.045 -223.096 2393.15 -473.098 -551.711 2207.87 0 0 0 -513.499 -894.487 2391.5 -453.799 -206.298 2446.29 -453.761 -613.99 2446.25 0 0 0 -456.347 -1005.95 2451.97
30299279 -518.219 347.565 2168.03 -529.736 159.741 2258.82 -537.573 -27.2523 2339.56 0 0 0 0 0 0 -694.368 145.405 2209.64 -766.163 134.86 1871.64 0 0 0 -756.758 191.147 1579.72 0 0 0 0 0 0 -365.105 174.077 2308 -182.315 172.58 2006.63 0 0 0 -72.932 209.282 1732.57 0 0 0 -633.983 -221.959 2393.85 -477.963 -555.353 2217.39 0 0 0 -512.637 -902.877 2393.97 -456.836 -206.533 2446.77 -456.805 -614.225 2446.74 0 0 0 -459.126 -1006.2 2451.88
30332649 -521.02 349.317 2165.3 -531.497 161.494 2257.44 -538.589 -25.2291 2338.89 0 0 0 0 0 0 -696.031 146.267 2208.21 -766.087 133.922 1871.31 0 0 0 -756.052 193.672 1579.94 0 0 0 0 0 0 -366.962 176.721 2306.68 -184.665 174.295 2009.31 0 0 0 -77.166 211.579 1734.84 0 0 0 -635.435 -220.259 2393.48 -478.009 -551.915 2215.61 0 0 0 -511.439 -900.735 2390.58 -455.928 -203.646 2447.2 -455.904 -611.339 2447.17 0 0 0 -457.986 -1003.32 2451.8
30366018 -520.898 351.403 2158.44 -531.789 164.895 2254.91 -539.036 -20.7948 2338.65 0 0 0 0 0 0 -696.517 149.446 2206.39 -765.538 135.955 1869.65 0 0 0 -754.77 195.749 1578.82 0 0 0 0 0 0 -367.06 180.345 2303.43 -184.329 177.651 2005.66 0 0 0 -78.3311 217.72 1729.3 0 0 0 -636.448 -214.941 2395.83 -482.426 -550.236 2222.26 0 0 0 -507.974 -899.814 2397.25 -456.12 -198.029 2448.94 -456.1 -605.721 2448.92 0 0 0 -457.969 -997.706 2453.09
