19487642 -656.756 614.345 2778.09 -662.702 410.09 2852.63 -658.281 212.626 2902.98 0 0 0 0 0 0 -813.717 386.377 2772.88 -846.181 94.5901 2689.48 0 0 0 -772.284 -117.444 2522.22 0 0 0 0 0 0 -511.686 433.803 2932.37 -472.955 109.995 2827.69 0 0 0 -371.288 -84.8656 2636.54 0 0 0 -736.26 2.22295 2909.81 -720.523 -405.054 2902.14 0 0 0 -670.373 -774.2 2912.51 -571.462 28.1002 2996.84 -539.256 -361.922 2883.66 0 0 0 -575.118 -738.262 2983.01
19521012 -651.99 605.407 2778.85 -660.709 402.472 2854.67 -658.646 205.359 2906.48 0 0 0 0 0 0 -812.744 380.325 2776.46 -839.084 92.2882 2692.26 0 0 0 -766.958 -110.716 2514.99 0 0 0 0 0 0 -508.674 424.62 2932.88 -483.965 109.012 2825.85 0 0 0 -368.624 -80.9249 2633.57 0 0 0 -739.548 -3.84128 2915.6 -720.684 -411.015 2909.36 0 0 0 -666.881 -786.602 2914.53 -573.619 20.3306 3000.96 -540.249 -369.576 2887.18 0 0 0 -567.994 -746.778 2987.74
19554381 -654.028 606.348 2776.72 -662.669 404.125 2854.37 -661.383 207.193 2906.93 0 0 0 0 0 0 -815.877 382.811 2778.26 -828.537 84.1393 2700.64 0 0 0 -764.844 -107.963 2510.46 0 0 0 0 0 0 -509.46 425.438 2930.48 -489.976 101.513 2828.43 0 0 0 -369.229 -77.87 2624.96 0 0 0 -743.699 -1.3692 2917.96 -721.621 -407.933 2900.92 0 0 0 -666.967 -777.308 2913.22 -576.494 21.8914 3001.02 -542.5 -370.437 2896.21 0 0 0 -571.168 -752.842 2971.78
19587750 -655.35 599.787 2777.16 -664.214 398.502 2856.03 -663.566 201.908 2909.86 0 0 0 0 0 0 -818.654 377.801 2782.29 -811.758 78.5614 2711.33 0 0 0 -765.59 -99.3705 2505.19 0 0 0 0 0 0 -509.775 419.203 2929.76 -496.478 98.2675 2827.72 0 0 0 -372.73 -73.2232 2618.93 0 0 0 -747.191 -5.98195 2923.46 -722.826 -412.427 2904.91 0 0 0 -668.906 -778.007 2919.42 -578.644 16.6103 3003.93 -538.079 -371.591 2887.34 0 0 0 -572.495 -746.49 2990.48
19621119 -652.993 597.046 2787.38 -662.884 395.434 2860.47 -662.938 197.905 2910.65 0 0 0 0 0 0 -818.216 377.069 2788.01 -785.395 72.2934 2724.65 0 0 0 -766.149 -91.2858 2505.08 0 0 0 0 0 0 -507.552 413.8 2932.93 -504.767 95.623 2826.38 0 0 0 -367.569 -59.5134 2617.36 0 0 0 -747.75 -9.64481 2921.3 -714.412 -414.663 2892.42 0 0 0 -664.779 -780.867 2909.29 -578.232 10.3979 3000.37 -541.028 -379.395 2887.56 0 0 0 -563.2 -757.385 2984.82
19654489 -656.956 598.366 2792.48 -666.108 396.69 2862.64 -666.212 198.545 2910.35 0 0 0 0 0 0 -822.109 379.591 2791.29 -763.207 67.1539 2731.32 0 0 0 -769.33 -87.3711 2504.79 0 0 0 0 0 0 -510.107 413.789 2933.99 -509.897 94.8043 2825.7 0 0 0 -364.349 -49.2045 2618.48 0 0 0 -751.433 -8.92929 2919.13 -717.009 -413.933 2889.4 0 0 0 -665.267 -776.881 2907.06 -581.2 9.72971 2996.99 -540.795 -380.814 2887.67 0 0 0 -574.909 -760.675 2974.49
19687858 -657.742 602.891 2785.03 -667.601 401.606 2859.39 -668.754 204.152 2909.87 0 0 0 0 0 0 -823.71 384.341 2788.29 -742.601 62.5753 2736.16 0 0 0 -770.146 -84.7717 2505.08 0 0 0 0 0 0 -511.492 418.87 2930.5 -510.947 93.4044 2826.85 0 0 0 -363.541 -41.9463 2618.5 0 0 0 -755.081 -2.72058 2921.54 -716.614 -407.725 2896.97 0 0 0 -668.421 -768.585 2908.51 -584.734 16.1184 2999.13 -536.528 -369.34 2876.66 0 0 0 -579.775 -737.982 2996.2
19721227 -653.194 601.649 2792.34 -665.045 400.172 2862.37 -668.792 202.19 2910.55 0 0 0 0 0 0 -822.738 386.561 2794.17 -729.325 56.8042 2739.1 0 0 0 -771.465 -83.0224 2501.76 0 0 0 0 0 0 -507.351 413.783 2930.56 -513.004 93.7013 2825.96 0 0 0 -361.36 -38.6535 2611.18 0 0 0 -758.617 -3.22249 2921.51 -715.912 -407.385 2890.91 0 0 0 -661.419 -778.9 2904.02 -586.463 11.6365 2995.95 -533.673 -370.752 2865.73 0 0 0 -577.362 -738.338 2991.41
19754596 -656.869 610.946 2793.98 -668.922 407.38 2862.15 -674.225 208.731 2907.33 0 0 0 0 0 0 -828.096 396.805 2796.98 -721.692 56.9245 2741.05 0 0 0 -774.549 -78.4389 2497.57 0 0 0 0 0 0 -509.747 417.954 2927.32 -514.042 89.8376 2827.02 0 0 0 -362.026 -36.5873 2605.79 0 0 0 -766.393 4.31131 2916.95 -720.298 -399.717 2889.06 0 0 0 -663.224 -772.171 2900.42 -592.665 15.8521 2988.08 -541.8 -371.383 2872.75 0 0 0 -579.89 -744.816 2982.4
19787966 -659.632 603.052 2795.3 -671.241 399.813 2863.11 -677.286 201.121 2908.13 0 0 0 0 0 0 -833.038 391.511 2804.74 -712.349 62.4635 2746.54 0 0 0 -772.724 -69.1555 2499.59 0 0 0 0 0 0 -509.443 408.115 2921.49 -517.025 87.4252 2825.03 0 0 0 -360.872 -34.6305 2600.48 0 0 0 -771.677 -2.10471 2921.27 -718.673 -405.496 2897.18 0 0 0 -660.465 -787.263 2908.29 -594.985 6.96182 2985.02 -531.711 -377.579 2866.77 0 0 0 -576.803 -745.503 2991.63
19821335 -655.19 603.009 2796.97 -667.466 400.227 2863.84 -674.836 201.56 2908.82 0 0 0 0 0 0 -831.528 394.572 2811.98 -709.174 63.7297 2751.3 0 0 0 -772.88 -61.711 2499.81 0 0 0 0 0 0 -503.403 405.881 2915.69 -519.513 78.7273 2824.54 0 0 0 -358.086 -32.1624 2593.12 0 0 0 -771.753 -0.191833 2925.49 -711.223 -401.856 2893.24 0 0 0 -654.718 -779.519 2911.16 -592.66 5.98062 2982.1 -527.207 -382.67 2880.03 0 0 0 -572.015 -755.071 2991.58
19854704 -652.086 606.803 2797.27 -665.206 404.915 2864.83 -673.328 206.452 2910.6 0 0 0 0 0 0 -829.222 399.529 2812.36 -706.587 67.8661 2750.15 0 0 0 -773.268 -51.3357 2496.66 0 0 0 0 0 0 -501.189 410.302 2917.3 -518.756 74.3613 2823.77 0 0 0 -354.703 -26.9965 2588.45 0 0 0 -770.876 5.05086 2927.75 -711.313 -396.417 2890.65 0 0 0 -655.94 -775.983 2913.21 -592.022 10.9248 2984.97 -521.066 -376.852 2882.28 0 0 0 -579.075 -745.969 2998.82
19888073 -651.357 603.368 2798.93 -665.055 401.825 2865.36 -673.363 203.351 2911.07 0 0 0 0 0 0 -830.498 397.72 2817.47 -707.794 69.933 2749.07 0 0 0 -772.88 -44.6636 2491.91 0 0 0 0 0 0 -499.611 405.93 2913.25 -515.379 71.6817 2822.89 0 0 0 -352.585 -19.8596 2579.54 0 0 0 -771.947 2.63649 2930.65 -712.634 -399.275 2897.65 0 0 0 -657.897 -781.023 2912.9 -591.394 7.11626 2982.92 -521.234 -381.503 2882.27 0 0 0 -574.602 -754.218 2989.76
19921443 -646.563 603.161 2787.73 -662.38 402.588 2861.28 -672.369 205.664 2912.63 0 0 0 0 0 0 -826.132 397.03 2808.11 -713.99 74.0468 2747.49 0 0 0 -771.645 -40.2388 2486.3 0 0 0 0 0 0 -498.629 408.146 2914.46 -509.79 68.2552 2823.44 0 0 0 -349.731 -12.0037 2575 0 0 0 -771.723 5.70772 2934.96 -709.859 -395.645 2899.56 0 0 0 -655.225 -777.735 2910.29 -592.994 11.7741 2992.99 -521.463 -375.868 2889.32 0 0 0 -578.903 -744.54 3008.13
19954812 -652.445 604.564 2793.17 -664.356 403.305 2862.11 -671.441 205.505 2910.49 0 0 0 0 0 0 -827.528 395.727 2807.23 -716.48 71.5102 2745.28 0 0 0 -769.037 -33.8564 2476.43 0 0 0 0 0 0 -501.184 410.884 2916.99 -506.369 69.1472 2823.72 0 0 0 -346.622 -5.66359 2569.22 0 0 0 -767.529 3.57097 2928.94 -704.115 -396.564 2884.51 0 0 0 -650.444 -785.992 2898.49 -589.523 11.8381 2988.81 -513.635 -371.614 2873.85 0 0 0 -572.66 -740.102 2993.16
19988181 -647.501 599.138 2784.88 -660.123 399.423 2858.34 -667.811 202.68 2910.78 0 0 0 0 0 0 -822.456 390.519 2801.14 -716.77 70.2805 2742.62 0 0 0 -764.929 -24 2464.77 0 0 0 0 0 0 -497.79 408.327 2915.55 -500.221 67.0483 2822.87 0 0 0 -346.921 -3.51154 2559.85 0 0 0 -764.061 1.07954 2932.01 -703.543 -399.415 2886.3 0 0 0 -650.336 -786.93 2908.33 -586.937 10.7952 2994.43 -516.91 -376.064 2887.49 0 0 0 -570.154 -747.054 3001.74
20021550 -643.096 599.573 2772.73 -657.128 401.389 2853.13 -665.476 206.201 2910.89 0 0 0 0 0 0 -819.317 391.307 2795.61 -717.891 67.6452 2740.8 0 0 0 -760.657 -15.4403 2456.07 0 0 0 0 0 0 -494.939 411.472 2910.65 -497.626 65.52 2820.95 0 0 0 -346.427 7.36491 2553.41 0 0 0 -762.306 5.51146 2937.26 -702.445 -392.835 2876.54 0 0 0 -652.613 -781.273 2913.88 -585.343 16.5126 3000.02 -517.42 -370.002 2890.09 0 0 0 -568.159 -745.285 2989.84
20054920 -645.128 605.78 2763.66 -658.21 407.166 2846.97 -666.511 212.187 2905.64 0 0 0 0 0 0 -820.843 397.147 2790.66 -725.442 67.8196 2737.9 0 0 0 -757.464 -6.90257 2447.41 0 0 0 0 0 0 -495.577 417.186 2903.28 -492.809 64.7624 2816.97 0 0 0 -344.544 19.7495 2545.4 0 0 0 -763.546 11.742 2933.58 -701.733 -384.133 2860.27 0 0 0 -654.901 -779.119 2903.63 -586.08 22.6754 2995.03 -516.599 -361.866 2879.22 0 0 0 -568.608 -739.241 2970.44
20088289 -637.992 599.491 2759.63 -652.244 401.547 2843.98 -661.423 207.024 2904.1 0 0 0 0 0 0 -815.812 392.671 2790.29 -731.209 67.8998 2733.96 0 0 0 -754.997 8.21898 2437.05 0 0 0 0 0 0 -488.677 410.423 2897.68 -483.39 66.3947 2811.49 0 0 0 -342.461 26.8058 2529.76 0 0 0 -759.86 7.65739 2934.91 -694.075 -386.566 2855.73 0 0 0 -649.648 -790.761 2905.48 -581.344 17.3448 2993.52 -509.558 -367.615 2880.36 0 0 0 -564.334 -745.424 2968.68
20121658 -637.573 597.009 2748.61 -651.394 400.544 2837.2 -660.648 207.43 2901.6 0 0 0 0 0 0 -814.336 389.925 2781.94 -741.628 66.4688 2724.96 0 0 0 -750.91 19.0717 2419.16 0 0 0 0 0 0 -488.451 411.163 2892.47 -454.728 73.1808 2798.76 0 0 0 -340.315 41.0752 2512.17 0 0 0 -758.812 8.522 2935.84 -690.853 -382.927 2845.68 0 0 0 -652.644 -784.482 2904.49 -580.994 20.1102 2996.14 -513.285 -364.222 2878.46 0 0 0 -567.192 -741.184 2971.09
20155027 -636.796 597.877 2742.09 -649.857 400.984 2832.09 -658.881 208.208 2897.61 0 0 0 0 0 0 -815.323 392.807 2785.24 -758.284 70.7078 2699.98 0 0 0 -741.372 36.0494 2396.81 0 0 0 0 0 0 -484.39 409.16 2878.93 -426.832 86.61 2771.87 0 0 0 -341.052 57.5718 2485.32 0 0 0 -758.31 10.9649 2937.55 -688.973 -377.761 2837.21 0 0 0 -653.309 -787.222 2901.49 -577.501 19.8995 2988.73 -504.975 -360.028 2860.59 0 0 0 -560.569 -736.306 2955.18
20188397 -635.142 595.531 2740.34 -648.04 396.898 2826.47 -655.875 203.018 2888.78 0 0 0 0 0 0 -813.557 388.452 2779.38 -774.139 82.8521 2660.49 0 0 0 -732.532 51.9756 2366.6 0 0 0 0 0 0 -482.524 405.344 2873.57 -375.912 139.807 2737.43 0 0 0 -337.269 74.9764 2453.71 0 0 0 -753.955 4.53386 2925.41 -680.274 -377.315 2805.38 0 0 0 -650.2 -801.778 2886.72 -573.463 13.7441 2976.76 -502.785 -365.826 2846.22 0 0 0 -560.822 -740.679 2944.91
20221766 -625.452 579.876 2738.96 -639.638 381.514 2821.42 -647.037 186.788 2881.11 0 0 0 0 0 0 -804.591 372.717 2772.27 -799.553 113.412 2615.25 0 0 0 -724.034 77.8828 2337.02 0 0 0 0 0 0 -474.685 390.31 2870.57 -350.439 167.418 2704.22 0 0 0 -332.086 102.531 2420.22 0 0 0 -744.416 -12.7369 2913.98 -668.712 -395.831 2798.16 0 0 0 -643.615 -814.939 2885.54 -564.456 -3.14011 2967.6 -495.522 -386.462 2847.85 0 0 0 -560.886 -762.239 2937.46
20255135 -627.022 578.97 2727.29 -638.923 380.592 2811.25 -644.684 186.198 2872.22 0 0 0 0 0 0 -803.108 369.393 2760.03 -806.786 133.215 2576.14 0 0 0 -723.439 109.005 2301.48 0 0 0 0 0 0 -474.738 391.792 2862.47 -337.731 175.708 2672.12 0 0 0 -324.056 133.015 2385.88 0 0 0 -740.028 -14.3068 2905.25 -664.512 -397.011 2787.39 0 0 0 -653.714 -803.912 2886.25 -560.862 -2.08554 2961.14 -488.647 -384.185 2839.12 0 0 0 -576.78 -752.584 2936.46
20288504 -621.132 568.498 2721.44 -632.138 370.559 2804.58 -637.003 176.175 2865.71 0 0 0 0 0 0 -796.063 358.336 2752.67 -804.394 153.608 2546.07 0 0 0 -719.033 138.7 2273.7 0 0 0 0 0 0 -468.213 382.782 2856.5 -336.366 183.355 2643.06 0 0 0 -309.932 164.036 2358.55 0 0 0 -731.299 -24.8772 2898.52 -653.904 -402.804 2767.67 0 0 0 -650.819 -813.244 2884.24 -552.439 -11.5405 2955.16 -470.135 -382.222 2809.59 0 0 0 -566.476 -742.427 2926.87
20321874 -612.555 546.263 2720.01 -624.005 348.856 2801.78 -628.604 154.585 2863.32 0 0 0 0 0 0 -787.398 335.808 2748.38 -797.699 164.305 2523.54 0 0 0 -717.724 161.613 2250.37 0 0 0 0 0 0 -460.612 361.904 2855.19 -334.185 192.677 2608.53 0 0 0 -301.983 185.628 2326.96 0 0 0 -722.354 -46.8052 2895.72 -647.946 -420.891 2752.79 0 0 0 -647.315 -825.264 2889.69 -544.053 -32.5665 2953.99 -471.297 -409.057 2817.83 0 0 0 -565.518 -775.109 2917.95
20355243 -613.374 535.603 2717.8 -623.323 337.305 2795.55 -627.632 142.093 2853.98 0 0 0 0 0 0 -786.287 324.505 2740.76 -790.836 173.141 2497.77 0 0 0 -711.477 177.894 2226.43 0 0 0 0 0 0 -460.358 350.106 2850.33 -330.082 200.85 2581.77 0 0 0 -295.426 202.527 2303.44 0 0 0 -720.859 -60.1034 2882.52 -638.5 -424.25 2720.78 0 0 0 -659.135 -818.966 2877.54 -543.024 -46.1348 2942.3 -479.574 -422.925 2801.62 0 0 0 -576.389 -785.447 2912.74
20388612 -611.305 526.984 2707.19 -621.349 329.908 2787.86 -626.729 135.493 2848.8 0 0 0 0 0 0 -784.221 317.146 2732.76 -783.42 179.073 2477.38 0 0 0 -706.204 185.681 2207.35 0 0 0 0 0 0 -458.477 342.669 2842.96 -325.543 206.922 2566.88 0 0 0 -288.952 211.288 2291.68 0 0 0 -720.976 -65.8845 2879.67 -627.794 -427.75 2718.03 0 0 0 -661.442 -808.121 2883.02 -543.244 -51.9588 2939.79 -481.471 -429.59 2799.88 0 0 0 -577.497 -790.494 2917.72
20421981 -600.13 511.689 2682.39 -615.269 318.211 2775.04 -624.623 127.519 2845.56 0 0 0 0 0 0 -778.061 305.705 2719.63 -773.72 179.045 2464.7 0 0 0 -702.346 189.225 2194.4 0 0 0 0 0 0 -452.476 330.716 2830.44 -324.775 204.452 2548.93 0 0 0 -288.04 211.827 2276.68 0 0 0 -722.803 -69.9954 2885.85 -610.927 -411.309 2697.47 0 0 0 -663.484 -810.779 2886.62 -545.152 -56.3481 2946.32 -478.569 -427.327 2792.12 0 0 0 -577.62 -783.153 2922.16
20455351 -593.865 499.76 2669.49 -612.214 308.564 2766.45 -623.446 119.58 2841.43 0 0 0 0 0 0 -775.226 296.488 2711.59 -767.853 177.017 2451.36 0 0 0 -697.328 189.882 2181.33 0 0 0 0 0 0 -449.202 320.64 2821.31 -317.878 202.735 2533.97 0 0 0 -288.133 211.121 2265.83 0 0 0 -723.624 -75.9943 2886.47 -608.133 -407.419 2682 0 0 0 -661.145 -814.328 2878.34 -545.73 -62.8158 2946.33 -479.378 -431.967 2787.21 0 0 0 -573.271 -794.263 2901.76
20488720 -590.22 486.292 2663.54 -607.797 295.354 2759.19 -618.979 106.354 2834.43 0 0 0 0 0 0 -770.984 283.368 2704.83 -758.427 169.008 2441.18 0 0 0 -693.561 186.998 2171.15 0 0 0 0 0 0 -444.609 307.34 2813.55 -316.938 194.367 2521.48 0 0 0 -287.846 204.658 2255.13 0 0 0 -719.204 -89.1867 2880.01 -599.334 -416.705 2670.49 0 0 0 -656.752 -823.863 2871.41 -541.118 -76.1068 2939.34 -472.229 -442.575 2774.96 0 0 0 -568.607 -805.705 2885.69
20522089 -586.645 471.76 2659.56 -603.442 281.653 2753.89 -614.495 92.4565 2828.81 0 0 0 0 0 0 -766.384 269.383 2698.87 -751.212 158.503 2433.09 0 0 0 -688.156 177.679 2166.28 0 0 0 0 0 0 -440.5 293.924 2808.92 -309.969 188.686 2508.24 0 0 0 -286.202 198.619 2244.53 0 0 0 -714.458 -103.435 2873.7 -600.287 -439.874 2675.17 0 0 0 -658.84 -824.083 2868.62 -536.639 -90.0448 2933.75 -479.058 -464.059 2783.59 0 0 0 -578.679 -830.932 2876.82
20555458 -593.547 483.528 2648.61 -606.485 290.986 2740.93 -614.832 101.126 2814.52 0 0 0 0 0 0 -767.917 275.468 2682.58 -745.091 154.243 2418.6 0 0 0 -681.83 171.989 2157.52 0 0 0 0 0 0 -445.053 306.505 2799.27 -305.461 180.876 2501.64 0 0 0 -283.989 190.774 2238.87 0 0 0 -711.299 -97.2053 2856.26 -587.78 -429.878 2656.52 0 0 0 -662.635 -801.689 2857.02 -535.059 -80.2636 2919.96 -478.198 -448.931 2756.76 0 0 0 -580.604 -805.16 2879.5
20588828 -594.689 476.843 2641.1 -605.841 285.416 2731.78 -612.944 95.3218 2804.95 0 0 0 0 0 0 -766.988 268.762 2672.87 -742.546 146.62 2407.3 0 0 0 -681.167 164.797 2149.74 0 0 0 0 0 0 -444.693 302.071 2790.69 -301.23 175.442 2493.82 0 0 0 -283.438 178.469 2231.96 0 0 0 -707.962 -103.859 2845.99 -578.567 -436.575 2649.7 0 0 0 -660.615 -816.64 2862.43 -532.132 -85.6868 2910.27 -469.455 -448.944 2737.2 0 0 0 -578.808 -795.561 2880.08
20622197 -592.994 477.273 2629.35 -603.035 285.841 2719.18 -609.498 95.3746 2791.48 0 0 0 0 0 0 -763.475 268.292 2658.6 -735.768 133.306 2393.16 0 0 0 -672.989 159.386 2138.38 0 0 0 0 0 0 -442.595 303.391 2779.76 -299.109 167.227 2489.41 0 0 0 -280.988 165.502 2227.38 0 0 0 -703.501 -104.667 2830.72 -585.247 -449.56 2650.05 0 0 0 -655.983 -811.802 2853.08 -528.421 -85.517 2896.82 -475.857 -455.828 2736.11 0 0 0 -579.359 -809.065 2868.05
20655566 -590.066 465.594 2614.96 -600.688 275.146 2708.12 -607.853 86.0877 2783.89 0 0 0 0 0 0 -760.344 256.258 2645.89 -738.405 120.669 2389.06 0 0 0 -674.393 149.449 2136.11 0 0 0 0 0 0 -441.032 294.034 2770.35 -294.581 155.596 2487.21 0 0 0 -278.173 154.111 2225.57 0 0 0 -702.133 -113.277 2825.7 -572.706 -439.724 2621.81 0 0 0 -655.364 -818.61 2852.66 -527.901 -92.6647 2893.61 -470.129 -466.413 2742.58 0 0 0 -587.498 -817.428 2869.37
20688935 -590.514 467.838 2607.77 -599.693 275.314 2696.48 -606.413 84.9173 2768.83 0 0 0 0 0 0 -759.551 257.386 2634.45 -736.206 101.836 2393.02 0 0 0 -677.53 126.316 2137.56 0 0 0 0 0 0 -439.834 293.241 2758.5 -281.299 133.795 2489.61 0 0 0 -269.335 128.067 2227.23 0 0 0 -700.354 -115.261 2807.33 -571.778 -444.068 2605.1 0 0 0 -650.063 -808.974 2819.47 -525.912 -95.6977 2875.02 -469.283 -472.739 2731.53 0 0 0 -584.31 -831.779 2834.42
20722305 -581.275 468.958 2593.68 -590.333 275.842 2684.5 -598.314 85.8581 2757.86 0 0 0 0 0 0 -750.89 259.204 2623.94 -750.598 68.4147 2399.02 0 0 0 -685.533 83.157 2141.92 0 0 0 0 0 0 -429.777 292.481 2745.06 -275.142 107.406 2517.31 0 0 0 -257.601 77.4515 2256.15 0 0 0 -693.903 -113.205 2798.17 -547.691 -417.585 2573.57 0 0 0 -643.957 -804.938 2812.26 -518.684 -95.047 2864.26 -462.146 -478.204 2738.92 0 0 0 -572.096 -842.149 2831.06
20755674 -575.878 458.047 2588.63 -583.786 265.809 2674.78 -591.599 74.5484 2744.71 0 0 0 0 0 0 -745.764 251.53 2617.63 -764.84 43.7397 2416.49 0 0 0 -678.576 25.5013 2169.12 0 0 0 0 0 0 -421.807 280.089 2731.92 -268.12 96.1723 2557.67 0 0 0 -243.839 -0.595207 2319.53 0 0 0 -687.819 -124.506 2783.46 -545.912 -421.316 2545.04 0 0 0 -629.631 -818.303 2759.49 -511.005 -108.919 2845.84 -453.503 -487.82 2708.27 0 0 0 -559.893 -846.468 2821.87
20789043 -580.47 460.316 2569.09 -584.355 266.784 2657.05 -591.133 75.9317 2728.25 0 0 0 0 0 0 -748.742 254.081 2607.35 -808.89 -20.6579 2506.23 0 0 0 -721.273 -63.1365 2266.14 0 0 0 0 0 0 -419.968 279.487 2706.75 -261.03 90.0946 2603.31 0 0 0 -233.938 -81.7663 2432.03 0 0 0 -687.689 -121.858 2772.3 -545.343 -430.845 2517.21 0 0 0 -613.703 -799.339 2710.93 -508.135 -107.983 2826.59 -459.315 -495.185 2712.58 0 0 0 -568.256 -861.228 2790.52
20822412 -570.25 458.992 2540.86 -578.128 267.548 2636.06 -586.865 78.9209 2712.56 0 0 0 0 0 0 -744.063 257.02 2591.15 -846.186 0.340515 2519.17 0 0 0 -756.3 -145.965 2399.13 0 0 0 0 0 0 -412.192 278.076 2680.97 -262.42 79.6302 2646.65 0 0 0 -226.272 -138.89 2560.75 0 0 0 -686.665 -115.484 2764.42 -537.81 -430.378 2489.8 0 0 0 -584.99 -784.124 2646.66 -504.539 -103.929 2813.71 -471.603 -498.96 2718.43 0 0 0 -568.434 -871.453 2792.9
20855782 -568.073 464.28 2526.12 -567.854 272.241 2615.3 -569.029 82.5341 2689.31 0 0 0 0 0 0 -735.141 258.37 2577.08 -846.636 12.3216 2563.57 0 0 0 -810.725 -191.949 2525.71 0 0 0 0 0 0 -400.566 286.112 2653.51 -268.738 84.6985 2677.19 0 0 0 -227.234 -146.364 2673.86 0 0 0 -669.716 -115.424 2740.58 -521.12 -433.446 2440.51 0 0 0 -546.209 -779.319 2549.94 -470.691 -98.9212 2786.05 -448.54 -498.417 2707.78 0 0 0 -534.09 -874.5 2777.9
20889151 -564.119 456.757 2486.31 -560.931 271.147 2586.12 -558.629 85.1272 2668.6 0 0 0 0 0 0 -729.292 254.848 2554.06 -825.165 52.5163 2588.19 0 0 0 -830.018 -151.916 2630.91 0 0 0 0 0 0 -392.571 287.446 2618.18 -278.759 99.9548 2691.6 0 0 0 -241.208 -111.904 2771.43 0 0 0 -652.369 -110.19 2732.8 -521.125 -423.604 2420.2 0 0 0 -533.414 -790.968 2499.74 -460.284 -91.5947 2769.37 -429.384 -492.923 2685.54 0 0 0 -516.815 -867.964 2753.3
20922520 -561.784 464.163 2474.45 -557.006 275.097 2565.99 -554.752 87.4635 2645.1 0 0 0 0 0 0 -727.123 263.722 2543.86 -813.316 62.7085 2644.64 0 0 0 -847.779 -115.16 2770.95 0 0 0 0 0 0 -386.89 286.472 2588.13 -298.954 110.583 2724.09 0 0 0 -289.107 -60.6185 2879.86 0 0 0 -647.592 -106.529 2711.83 -519.64 -429.869 2368.69 0 0 0 -508.997 -807.831 2388.67 -457.403 -93.8114 2736.57 -431.113 -487.5 2630.43 0 0 0 -508.717 -856.778 2729.38
20955889 -551.508 456.182 2436.99 -549.389 269.63 2536.93 -547.987 83.2854 2619.22 0 0 0 0 0 0 -717.421 254.104 2504.64 -784.273 138.937 2616.77 0 0 0 -813.324 -9.821 2767.03 0 0 0 0 0 0 -381.356 285.155 2569.22 -330.748 128.827 2747.34 0 0 0 -330.868 11.2348 2954.52 0 0 0 -639.467 -111.641 2683.67 -520.79 -397.037 2359.61 0 0 0 -486.099 -771.88 2314.72 -453.702 -94.4772 2719.37 -419.433 -489.058 2621.49 0 0 0 -502.281 -854.227 2733.31
20989259 -527.99 441.208 2411.71 -530.237 255.392 2512.58 -530.252 69.4158 2595.86 0 0 0 0 0 0 -692.367 233.181 2462.95 -760.154 28.047 2619.1 0 0 0 -783.431 -171.222 2794.63 0 0 0 0 0 0 -368.106 277.602 2562.21 -341.196 137.998 2787.7 0 0 0 -350.36 27.1813 3029.96 0 0 0 -619.084 -128.727 2651.95 -504.871 -388.858 2336.36 0 0 0 -457.887 -760.966 2255.35 -441.451 -104.393 2706.33 -393.167 -492.775 2593.62 0 0 0 -497.958 -836.308 2741.71
21022628 -517.034 432.703 2390.17 -519.447 246.441 2491.59 -519.013 58.6925 2570.76 0 0 0 0 0 0 -676.032 219.418 2428.37 -719.635 -6.25705 2563.38 0 0 0 -732.678 -217.055 2726.02 0 0 0 0 0 0 -362.862 273.463 2554.81 -348.829 91.1621 2748.79 0 0 0 -361.899 -46.3661 2976.77 0 0 0 -604.014 -143.799 2615.44 -499.021 -387.995 2295.68 0 0 0 -444.436 -759.819 2200.94 -433.145 -114.312 2684.43 -394.854 -498.879 2556.59 0 0 0 -501.77 -838.87 2715.17
21055997 -513.199 428.156 2356.4 -515.93 242.793 2460.64 -514.065 54.5978 2538.82 0 0 0 0 0 0 -670.637 212.99 2392.59 -698.041 -26.7451 2505.88 0 0 0 -703.192 -247.301 2655.51 0 0 0 0 0 0 -361.223 272.595 2528.69 -355.076 61.221 2691 0 0 0 -370.778 -98.9034 2903.53 0 0 0 -596.329 -149.804 2579.99 -493.048 -375.566 2252.1 0 0 0 -439.314 -752.313 2168.65 -428.07 -117.39 2654.01 -396.999 -504.304 2530.67 0 0 0 -509.576 -846.498 2682.57
21089366 -513.974 426.773 2333 -513.722 238.415 2431.3 -509.673 47.8211 2503.06 0 0 0 0 0 0 -668.348 209.005 2361.91 -685.207 -40.1146 2455.26 0 0 0 -684.4 -268.855 2592.14 0 0 0 0 0 0 -359.095 267.825 2500.7 -357.529 37.1062 2634.21 0 0 0 -374.857 -141.965 2830.91 0 0 0 -587.01 -158.253 2538.29 -478.606 -365.039 2203.66 0 0 0 -426.061 -746.214 2137.72 -424.238 -127.293 2611.34 -404.239 -521.797 2510.44 0 0 0 -503.419 -873.909 2651.35
21122736 -510.094 425.655 2293.29 -510.53 238.293 2393.77 -506.38 47.8227 2466.06 0 0 0 0 0 0 -669.727 212.352 2334.56 -689.01 91.5103 2428.84 0 0 0 -706.297 -85.1794 2580.13 0 0 0 0 0 0 -351.333 264.234 2452.98 -345.329 97.2314 2606.31 0 0 0 -363.912 -49.2596 2799 0 0 0 -586.034 -156.304 2507.18 -471.785 -369.768 2179.14 0 0 0 -419.096 -753.416 2125 -418.426 -128.992 2569.52 -405.635 -528.186 2487.7 0 0 0 -492.805 -887.681 2617.46
21156105 -501.285 420.978 2253.44 -503.248 235.552 2356.77 -499.229 46.2252 2432.05 0 0 0 0 0 0 -664.729 210.722 2302.94 -708.877 95.3501 2448.24 0 0 0 -739.079 -75.6847 2627.13 0 0 0 0 0 0 -341.766 260.382 2410.6 -325.97 136.684 2574.08 0 0 0 -342.664 0.509155 2772.75 0 0 0 -581.775 -156.412 2478.47 -459.9 -345.734 2139.69 0 0 0 -413.161 -732.476 2115.71 -408.648 -129.791 2536.18 -397.328 -525.175 2450.48 0 0 0 -483.676 -859.689 2630.14
21189474 -497.116 417.507 2221.03 -499.072 233.921 2325.42 -495.59 45.2303 2402.37 0 0 0 0 0 0 -664.419 213.896 2283.8 -740.295 110.56 2452.88 0 0 0 -781.84 -58.0721 2627.86 0 0 0 0 0 0 -333.726 253.946 2367.05 -303.373 158.078 2540.78 0 0 0 -311.066 20.6487 2738.01 0 0 0 -580.247 -154.135 2457.12 -458.737 -365.457 2131.93 0 0 0 -412.33 -753.324 2112.26 -403.967 -132.786 2501.5 -397.38 -534.424 2431.81 0 0 0 -473.406 -881.385 2597.67
21222843 -488.779 413.216 2191.81 -491.905 231.722 2296.93 -489.399 43.9558 2376.15 0 0 0 0 0 0 -658.351 212.962 2257.74 -757.369 130.051 2414.84 0 0 0 -810.942 -33.0464 2555.8 0 0 0 0 0 0 -325.459 250.481 2336.13 -264.299 178.141 2507.5 0 0 0 -260.333 25.2029 2692.52 0 0 0 -576.657 -153.927 2434.23 -451.669 -369.218 2112.23 0 0 0 -408.524 -758.117 2105.37 -397.129 -133.693 2476.51 -381.672 -535.674 2438.09 0 0 0 -481.257 -832.612 2666.14
21256213 -485.174 407.958 2171.21 -487.031 227.72 2275.27 -483.797 40.3949 2355.53 0 0 0 0 0 0 -651.978 205.973 2231.16 -782.547 144.311 2362.89 0 0 0 -850.598 -40.9835 2484.52 0 0 0 0 0 0 -322.084 249.467 2319.37 -217.237 195.209 2471.15 0 0 0 -196.346 20.5005 2630.46 0 0 0 -570.078 -158.732 2411.86 -446.892 -388.708 2099.52 0 0 0 -405.213 -777.915 2105.25 -391.047 -135.129 2459.73 -374.343 -538.97 2422.52 0 0 0 -479.5 -823.847 2665.95
21289582 -479.845 399.588 2142.89 -482.569 222.039 2252.81 -480.017 38.0946 2340.24 0 0 0 0 0 0 -646.993 198.156 2207.36 -819.206 151.459 2306.84 0 0 0 -899.35 -56.1467 2397.71 0 0 0 0 0 0 -318.146 245.922 2298.26 -165.996 199.978 2417.37 0 0 0 -116.097 5.66292 2538.3 0 0 0 -566.833 -158.831 2402.96 -446.212 -407.757 2104.91 0 0 0 -407.444 -797.348 2116.54 -388.094 -132.869 2452.37 -374.648 -537.11 2409.39 0 0 0 -479.979 -807.016 2670.35
21322951 -475.32 394.979 2122.24 -478.205 218.004 2233.48 -475.57 36.1106 2325.16 0 0 0 0 0 0 -643.984 195.031 2192.67 -834.843 199.946 2111.47 0 0 0 -914.891 -15.343 2039.13 0 0 0 0 0 0 -312.425 240.976 2274.29 -105.226 232.39 2201 0 0 0 8.81263 29.7012 2139.9 0 0 0 -563.233 -158.295 2394.61 -434.97 -435.758 2088.06 0 0 0 -407.707 -824.204 2123.13 -382.637 -133.27 2439.07 -368.711 -536.515 2385.17 0 0 0 -476.87 -803.461 2649.5
21356320 -471.844 391.998 2105.92 -475.715 214.836 2214.86 -474.288 33.4592 2307.72 0 0 0 0 0 0 -642.587 194.256 2177.23 -796.173 190.764 2033.28 0 0 0 -884.22 37.8118 1881.33 0 0 0 0 0 0 -308.842 235.415 2252.49 -101.097 208.215 2106.01 0 0 0 51.7682 52.2537 1983.79 0 0 0 -561.568 -158.857 2380.57 -427.197 -456.741 2066.17 0 0 0 -417.162 -841.467 2129.68 -384.153 -136.978 2420.58 -374.591 -542.207 2376.87 0 0 0 -469.537 -832.217 2622.94
21389690 -467.77 384.016 2086.27 -472.795 207.467 2196.28 -472.606 27.5405 2291.95 0 0 0 0 0 0 -640.954 189.771 2163.33 -745.802 174.642 1972.16 0 0 0 -842.253 88.8106 1774 0 0 0 0 0 0 -304.637 225.164 2229.23 -105.996 186.158 2021.5 0 0 0 71.3757 97.2898 1852.84 0 0 0 -562.68 -161.885 2369.93 -419.791 -473.854 2054.96 0 0 0 -424.479 -853.994 2142.07 -382.154 -142.887 2405.3 -375.542 -548.998 2370.04 0 0 0 -458.608 -857.531 2597.16
21423059 -463.137 373.394 2065.93 -468.757 197.027 2176.63 -469.569 17.8494 2273.75 0 0 0 0 0 0 -637.16 180.163 2144.11 -712.398 164.819 1902.09 0 0 0 -792.612 123.307 1670.51 0 0 0 0 0 0 -300.353 213.892 2209.16 -113.494 172.082 1947.25 0 0 0 75.3448 127.935 1747.82 0 0 0 -561.445 -170.448 2353.27 -410.838 -491.995 2037.17 0 0 0 -425.661 -869.123 2137.92 -379.318 -152.209 2388.44 -374.698 -558.887 2360.08 0 0 0 -447.368 -882.715 2568.72
21456428 -457.668 359.233 2044.26 -463.321 184.684 2158.88 -465.54 7.64688 2259.76 0 0 0 0 0 0 -631.955 168.608 2126.96 -695.188 162.404 1833.05 0 0 0 -743.161 137.78 1576.86 0 0 0 0 0 0 -294.686 200.759 2190.81 -117.234 174.55 1895.12 0 0 0 64.7327 160.257 1671.7 0 0 0 -559.824 -178.166 2343.22 -405.34 -499.932 2033.38 0 0 0 -426.509 -875.929 2139.41 -375.696 -160.614 2378.07 -372.433 -567.656 2355.3 0 0 0 -436.03 -904.065 2546.24
21489797 -454.49 349.577 2033.42 -462.208 173.55 2144.37 -466.847 -5.0122 2242.43 0 0 0 0 0 0 -630.803 159.715 2111.2 -683.091 160.694 1793.51 0 0 0 -710.436 146 1520.18 0 0 0 0 0 0 -293.613 187.386 2177.54 -118.12 177.782 1862.07 0 0 0 47.9658 179.405 1619.43 0 0 0 -559.901 -190.831 2323.1 -402.031 -511.823 2012.51 0 0 0 -430.319 -886.522 2122.51 -383.069 -176.319 2357.89 -380.737 -583.595 2339.62 0 0 0 -436.433 -930.321 2513.84
21523167 -451.443 340.774 2023 -460.2 163.401 2132.46 -465.767 -15.9654 2229.06 0 0 0 0 0 0 -628.883 150.72 2099.19 -677.547 156.848 1768.75 0 0 0 -689.277 148.068 1484.27 0 0 0 0 0 0 -291.518 176.083 2165.73 -117.563 177.392 1843.04 0 0 0 33.7684 190.042 1586.97 0 0 0 -562.026 -202.15 2307.76 -394.497 -514.607 2008.68 0 0 0 -428.551 -887.589 2123.37 -380.643 -188.514 2343.54 -378.956 -595.94 2328.9 0 0 0 -427.778 -951.108 2487.47
21556536 -447.334 335.836 2013.79 -456.338 156.413 2121.68 -462.277 -24.0558 2216.2 0 0 0 0 0 0 -625.292 145.019 2089.31 -673.282 146.93 1752.87 0 0 0 -672.987 148.237 1463.21 0 0 0 0 0 0 -287.385 167.807 2154.05 -114.792 167.191 1832.03 0 0 0 24.6933 192.974 1567.69 0 0 0 -560.585 -210.754 2293.02 -385.682 -516.293 2002.17 0 0 0 -428.222 -884.603 2128.14 -375.849 -198.295 2328.42 -374.613 -605.817 2316.69 0 0 0 -417.457 -967.878 2460.73
21589905 -444.137 328.032 2003.19 -454.548 150.03 2111.8 -460.947 -30.1796 2206.82 0 0 0 0 0 0 -623.471 138.815 2079.16 -669.139 136.965 1741.43 0 0 0 -661.517 149.792 1450.28 0 0 0 0 0 0 -285.625 161.245 2144.45 -110.894 161.593 1823.51 0 0 0 19.2513 191.226 1554.17 0 0 0 -559.069 -216.479 2284.11 -380.389 -517.63 1998.88 0 0 0 -427.474 -880.243 2138.71 -375.623 -204.299 2319.57 -374.708 -611.883 2310.18 0 0 0 -412.352 -979.564 2440.81
21623274 -445.218 325.268 1996.88 -455.03 147.29 2103.59 -461.592 -33.6959 2197.11 0 0 0 0 0 0 -623.624 135.739 2069.41 -665.562 131.476 1737.22 0 0 0 -652.308 149.689 1445.43 0 0 0 0 0 0 -286.437 158.841 2137.77 -108.439 158.302 1815.76 0 0 0 13.2583 186.965 1542.14 0 0 0 -558.738 -220.888 2272.28 -372.085 -519.824 1991.66 0 0 0 -428.045 -882.511 2128.42 -377.569 -208.475 2309.01 -376.884 -616.098 2301.49 0 0 0 -410.003 -988.356 2419.81
21656644 -439.721 320.939 1990.73 -452.213 143.493 2097.94 -461.211 -36.8848 2192.42 0 0 0 0 0 0 -620.655 133.386 2062.6 -666.283 132.241 1733.11 0 0 0 -647.226 150.921 1442.23 0 0 0 0 0 0 -283.77 153.6 2133.28 -107.219 156.645 1808.87 0 0 0 10.5578 185.392 1532.74 0 0 0 -560.708 -222.693 2267.9 -365.502 -518.933 1995.62 0 0 0 -432.426 -877.712 2137.61 -379.712 -211.833 2305.88 -379.194 -619.48 2299.86 0 0 0 -408.371 -995.461 2406.91
21690013 -439.708 317.628 1987.16 -452.963 139.778 2094.3 -462.541 -41.0998 2187.77 0 0 0 0 0 0 -621.375 130.256 2058.62 -664.64 129.122 1727.06 0 0 0 -643.801 149.534 1436.29 0 0 0 0 0 0 -284.551 149.3 2129.98 -105.609 154.823 1808.44 0 0 0 5.64255 176.759 1530.01 0 0 0 -562.464 -227.086 2262.11 -360.313 -524.917 1993.36 0 0 0 -434.819 -880.719 2139.27 -381.775 -216.87 2300.39 -381.38 -624.533 2295.58 0 0 0 -407.118 -1003.54 2392.35
