0 -0.025972222362102625 -0.3256046508720775 -0.03897067891450743 0.1595349324451575 -0.5763491555045162 -0.057655626831060805 -0.026145096666488375 -0.4266254896648713 -0.005527311483257666 0.07853619294848775 -0.8172507858898288 -0.03181785691942284 
0 -0.04139322520183811 -0.3295867044952833 -0.06914087505596993 0.06256094951333735 -0.5661736769351496 -0.18727667662748734 -0.03806188502977151 -0.4249178971838141 -0.057373292990973636 0.012924301634809184 -0.7752267814019552 -0.1908449595282217 
0 -0.07431767171009664 -0.3205127196793566 -0.09181324440301004 -0.039167115113754716 -0.5254451958295998 -0.2976588577478949 -0.060530254946792886 -0.4278608632207072 -0.1200497353876563 -0.037283188100047694 -0.7088598512186597 -0.36904229983593173 
0 -0.1032015934294318 -0.2994683905028532 -0.12945210629773307 -0.10279324809508661 -0.44249937993805694 -0.39180595541458263 -0.08060220222486396 -0.4071724650411834 -0.18679530616754755 -0.06826906597689364 -0.5993088779091164 -0.5174219890486501 
0 -0.11593794282448762 -0.26708031408382665 -0.18465178403919694 -0.11742655036550831 -0.3313534945026428 -0.47259223409519047 -0.10585898970456548 -0.363570232005552 -0.24730121241546857 -0.11192114031275001 -0.4538376189198474 -0.6129485035445719 
0 -0.1046772252108601 -0.23197772239294512 -0.2186350454054387 -0.09868411018483166 -0.23407820836550816 -0.4908121655336389 -0.11066825586076554 -0.3173827386007809 -0.27010684642593313 -0.13160141957625543 -0.328186733502357 -0.6182156241017468 
0 -0.08715597330948009 -0.21382505952210082 -0.20739545002058024 -0.08973272806921959 -0.1907539967464333 -0.4440421532639856 -0.10067596279126112 -0.30359170414744574 -0.25232843678829536 -0.1148506706632747 -0.2841357510381009 -0.5603789164040188 
0 -0.06816210735410125 -0.19747738054714473 -0.17900173497494298 -0.07967396850235504 -0.16273609629503893 -0.3757575141489075 -0.10358862142615838 -0.30627952719394824 -0.20758519882855225 -0.09746641048917444 -0.26707373746547347 -0.46425457462717346 
0 -0.0793439831713239 -0.18439232404560607 -0.20968385160591382 -0.04718269545183586 -0.1613128638878649 -0.4140009055452691 -0.07808737461996619 -0.3123508797680412 -0.2194979208147759 -0.06886928649411914 -0.2658255177055585 -0.49011395305904837 
0 -0.10292264881016358 -0.2009734640080836 -0.24801467016885223 -0.06416156860598346 -0.18692680258055652 -0.4964874374581751 -0.06438240208549108 -0.3142835442554786 -0.2688480519981733 -0.05930912686224741 -0.27936932188949337 -0.5960090251300633 
0 -0.1182651617039352 -0.21844173213038076 -0.26190437533819777 -0.08069594092833951 -0.21879870998706266 -0.5321945507866289 -0.06770587275857376 -0.3143170363561111 -0.2919429642670645 -0.059296108648269584 -0.288997262722517 -0.6518453557865865 
0 -0.12197718686374591 -0.21835538233132773 -0.23956370454973952 -0.08589487942916298 -0.24964957050070427 -0.4977927560291448 -0.09138146024345317 -0.3203100259763362 -0.2669902823731648 -0.08146898905985976 -0.31208694487791033 -0.6233778579925396 
0 -0.1418500254152053 -0.20153399754197537 -0.16813719366479338 -0.11509923602694748 -0.3084111707065984 -0.37432232505971696 -0.11987942774179428 -0.3296632835098305 -0.1823703153912366 -0.09707296411295524 -0.38141920538894913 -0.5110137971838566 
0 -0.16103913775961068 -0.19337757336489741 -0.09539472435227386 -0.14671851652198137 -0.3700449646811674 -0.23048920469527562 -0.1349084769345258 -0.3385624827540059 -0.08656930510433244 -0.09658293068351337 -0.46954647779704 -0.36672755712733573 
0 -0.16546555294860713 -0.18883262058012157 -0.028285600745564913 -0.1625955841814584 -0.40452056196127156 -0.08246262716231094 -0.13849078520912 -0.3371753491086375 0.0027298989220649206 -0.10202021432133303 -0.5438553558334582 -0.19951331838841554 
0 -0.1542137802319056 -0.18442931571047547 0.04134530645653134 -0.160028087172693 -0.41103504106722566 0.07094848396228563 -0.12752889109055246 -0.33008101448893484 0.08036491863775574 -0.11427527546030132 -0.5974048940738551 -0.016337783482709308 
0 -0.12203928891389484 -0.1772695665589661 0.12359498728219719 -0.1322393982549223 -0.4002040761228287 0.23516861465375166 -0.09519628746213617 -0.33131570033437435 0.13390714299193288 -0.11391909204418746 -0.6468420920153714 0.15763560061205362 
0 -0.06792216899228633 -0.17549054439368855 0.19056750523417107 -0.0777225998987972 -0.4015715821772299 0.3516994505549413 -0.05076967185744365 -0.3509032170195688 0.13614560466753514 -0.08456957759160454 -0.7051305302539946 0.23822999176360923 
0 -0.03125507193236298 -0.19169525813722932 0.1966229606041488 -0.0379118267219139 -0.4285823314016471 0.35751165558417264 -0.029206142104726888 -0.36266224333555225 0.1145100817407587 -0.05954595829010454 -0.7303854498395892 0.22641373201548465 
0 -0.016480822280300105 -0.21289766815066188 0.17510793539384803 -0.018651365512654373 -0.4585032723942194 0.32207083827019706 -0.024789864241721762 -0.35308831646500743 0.10425577767521252 -0.0489455246246975 -0.7182842745557294 0.21396981069548526 
0 -0.022166797935809814 -0.2185424473500487 0.15197397912113544 -0.019802628415908286 -0.46767517855062335 0.284323391925985 -0.03601674131730585 -0.31853485396404313 0.11175813944562561 -0.05461037505671875 -0.6714824086036331 0.22543124665156603 
0 -0.05007223924315873 -0.1979806617501685 0.13712352871409947 -0.04520178728715737 -0.44455589203738427 0.255916255514566 -0.06787793659179145 -0.2658460353402901 0.12884917676831945 -0.08255423751388044 -0.6021960213965407 0.2488190499766113 
0 -0.09650971522088213 -0.1608735649911234 0.12429643760296256 -0.09478939996293863 -0.4016320414915142 0.22800135174936298 -0.11958650764099682 -0.21326565870968184 0.13601542000124694 -0.13476456614862878 -0.5360752185103574 0.2537400914359751 
0 -0.14990157173513727 -0.12661303875712995 0.10057938474844233 -0.1607896913731803 -0.3625545415162044 0.18348182236031568 -0.18092008077675664 -0.174576974543624 0.11854489911041644 -0.20646587428085983 -0.488043723639514 0.21825290929223107 
0 -0.19716774045918203 -0.10758568815609083 0.06279791613689083 -0.23071472238407487 -0.3406137759849671 0.11796422691488156 -0.23586655631923878 -0.15182304212436917 0.07572967281798806 -0.28522071644535046 -0.45393495658439653 0.141558561601425 
0 -0.2332142872292124 -0.10195503159840527 0.0180526464247509 -0.2959544789921999 -0.3318043571332728 0.040523550446788646 -0.2712465387295682 -0.13893925397584708 0.013090865561368518 -0.3530377058545283 -0.4207141521720414 0.029461546256997626 
0 -0.2577594057568578 -0.1025907726702349 -0.02629656759959477 -0.3496575112568958 -0.3274154290622926 -0.03825159245049767 -0.2797980284967557 -0.12860833616319664 -0.06468403231320542 -0.3907167845446018 -0.37720866205155207 -0.11510838082601553 
0 -0.27002036878289404 -0.10329534584867069 -0.06779372323949931 -0.3844817499106815 -0.31955429536984026 -0.11417290758045077 -0.262112423447752 -0.11554700504247997 -0.15150620403220608 -0.3877921986131257 -0.3180435487585271 -0.28406185257595373 
0 -0.26703625914515183 -0.0994665867488763 -0.11142587638614303 -0.39361148833518084 -0.29821592791228624 -0.19589987955938684 -0.23052660397479882 -0.09834787096170748 -0.23577363384957012 -0.35504766463015164 -0.24850315615183177 -0.4534830442483729 
0 -0.2435775426925671 -0.0865056321292705 -0.16713049078308417 -0.36890631544349833 -0.24913481024759615 -0.3017526075993209 -0.20666728307895532 -0.07845458425606511 -0.29859374227750674 -0.3201244374791346 -0.18550967041574942 -0.5807323199156471 
0 -0.19945439377125943 -0.060968350397027346 -0.2357809227415316 -0.30754473942247174 -0.16677668310322774 -0.433319883550812 -0.20487306088980126 -0.055081809434356845 -0.33031060926922867 -0.3008921236824161 -0.1372089194284928 -0.6403380999336348 
0 -0.11915001891441561 0.0018765030784154467 -0.3436832844421671 -0.17261879638480518 -0.003281954357674381 -0.6424883444158274 -0.22498433198034984 0.008616387720064553 -0.3961892796295633 -0.277416523965958 -0.012934130858900014 -0.7462599085640249 
