0 -0.07347820902050461 -0.3730392852379056 -0.018836932221397526 -0.07642456623644266 -0.7247595040199116 -0.031234047429887588 -0.01702353156382276 -0.2927536289137876 0.0271488638254937 0.06086730348036682 -0.5552407640029243 0.009755949494377688 
0 -0.09116561032610712 -0.3544444970981072 -0.06035306736176507 -0.07464103260601086 -0.6650613626349704 -0.18816359563546184 -0.036769579459411214 -0.2846040370437333 -0.027163410039688102 0.03387631808376561 -0.5295285833062807 -0.08573760343934007 
0 -0.10726519208942953 -0.35096356255257066 -0.1175866994286499 -0.08438653390591785 -0.6067845735415753 -0.32284695298563987 -0.046315622137859225 -0.28995985122498635 -0.05988657520808715 -0.00335120098145905 -0.4994793840351607 -0.19340800678002068 
0 -0.12286269729949226 -0.32436224311629136 -0.16423302682331944 -0.09928008518666644 -0.5119470317979072 -0.4236770938911604 -0.05476440302663033 -0.2798635254776283 -0.10276644284312364 -0.021651300941551762 -0.43595522709827955 -0.3019825041222734 
0 -0.12374211397453055 -0.28630209390475936 -0.20956590608135128 -0.09806039251802665 -0.4003232410782251 -0.5019721043744565 -0.06395722473245924 -0.2531503058563226 -0.14805933965106238 -0.03836744156182851 -0.34453088235867246 -0.38615846019930333 
0 -0.10701984706214451 -0.24236094425045787 -0.24737572735911162 -0.07315343016989127 -0.28666490232744046 -0.5519452597449613 -0.07573136009540976 -0.21335358359413506 -0.18632749870723814 -0.06295182451322712 -0.24789137558714341 -0.4366373516390216 
0 -0.09310106538299652 -0.20056294965554863 -0.25982024235836215 -0.05028059804200218 -0.21129564254982933 -0.5585784105567003 -0.09277445070820231 -0.190384927324597 -0.20317803883560873 -0.08428556001973093 -0.1941516219064447 -0.4453606392332755 
0 -0.10998688081953759 -0.2009395063465089 -0.21669038397779092 -0.06411384056459339 -0.2692258848331399 -0.48994342831976617 -0.10991766955122013 -0.2158086174006192 -0.15725425940371607 -0.10189248766761513 -0.24684752812314922 -0.384935706544105 
0 -0.12999445503347692 -0.2097486325278529 -0.16318998717201105 -0.09030713087471741 -0.3581965571475252 -0.39423177513351326 -0.11416414904705577 -0.23238407052744678 -0.09103509113506379 -0.11019782299371145 -0.3166345783640754 -0.29506050175926507 
0 -0.14527212984045285 -0.21321062115542486 -0.11070052362665149 -0.12294728331330088 -0.4283798026357193 -0.28753768868135554 -0.10913190216791258 -0.2343907110976919 -0.028000231932830005 -0.1047355509216022 -0.3762955582671546 -0.19515203446040225 
0 -0.15660090843344693 -0.21376172866730028 -0.0552006183330263 -0.15678479110665663 -0.47230672923668815 -0.16593622338857347 -0.0996345636753995 -0.23240741276778681 0.027504991957447444 -0.08600028651995625 -0.42326977712338426 -0.09212151326235973 
0 -0.1601293738958793 -0.21371042705541976 0.007699727857968824 -0.1837276857097448 -0.4910562001381556 -0.025371509848813836 -0.08570235648632536 -0.22935021853743917 0.0783351614489294 -0.06075266475925263 -0.44915049139182395 0.02134459338960394 
0 -0.15054820262752946 -0.21396913659028455 0.07854191869338228 -0.20133631203409694 -0.49266073092483503 0.11673928396808177 -0.06337861870645767 -0.21969635619065475 0.1272647043337052 -0.036984244494252944 -0.4351428503333861 0.15368090637253468 
0 -0.12923067739029317 -0.20819499923376333 0.15120684289176817 -0.20892258282674356 -0.4889067370440098 0.2283976668841001 -0.02574531824556543 -0.19631390095322165 0.1773718030524926 -0.010074581265218712 -0.3685955256137326 0.2949171462510162 
0 -0.10554178582457327 -0.2125499132072446 0.17850087921836488 -0.1967442446973854 -0.4994363385534789 0.2600835553310431 0.018674148179059068 -0.17232257238076723 0.21319754232689556 0.023776293777986568 -0.29229321253994034 0.3907223080810452 
0 -0.09011304828304978 -0.24290866779402295 0.14979059321071186 -0.17591168101362725 -0.5338834114754023 0.2225653957447259 0.045226916335231744 -0.1756790518769054 0.2213756694045224 0.05282410116390145 -0.27718387873820405 0.40441799845207393 
0 -0.07530747626499963 -0.271499850468166 0.11935871435963741 -0.1525233803037086 -0.5661720857215272 0.1828706627834252 0.05530288930147884 -0.1818174017428216 0.23470137871871635 0.06325069908452312 -0.2771366746406287 0.4015717924151292 
0 -0.06316341462555713 -0.2869734119278133 0.10827766551937047 -0.13347306903173414 -0.5782058444206354 0.16771987775980088 0.040339284335788705 -0.16362225711250547 0.2429917074768702 0.03906330307861121 -0.26249624871175253 0.4084623944805218 
0 -0.06223499916601825 -0.28024604376021034 0.12081064294263187 -0.1341221231427142 -0.5582494675512074 0.17960790499290805 0.004543470422212776 -0.13254773091347968 0.2233850626243194 -0.011580461080879866 -0.2518948167530307 0.39535882835188896 
0 -0.07100343513531915 -0.24429620008115116 0.13672576587735255 -0.15183500422275895 -0.5075164063446124 0.19428395332142373 -0.031788826790474435 -0.1145785570028097 0.19044999063615972 -0.06428780734752862 -0.2594457200194554 0.34040414244111367 
0 -0.08698533938063573 -0.1950385125702627 0.14195907892506412 -0.1772603785951022 -0.44877532718879537 0.1953036747749632 -0.0671190152196014 -0.10864423545391913 0.1517428465765122 -0.11692602245300651 -0.27836077825842503 0.24969244030210772 
0 -0.11134803411138502 -0.15386456709321056 0.14170882912583493 -0.2117003157842123 -0.40451477728892077 0.1874793667553296 -0.1051902051410008 -0.10263467155288042 0.10059103754564859 -0.1718275865283886 -0.2944516530483455 0.13344235042923921 
0 -0.1459231029663718 -0.12474998351413545 0.13206554395537182 -0.2600830716379585 -0.3784545010100173 0.16452778676667093 -0.1375491690075566 -0.09181115125720211 0.044753181001152734 -0.21496132557669315 -0.2950103171165545 0.016770294951932094 
0 -0.18871925991224062 -0.10334996167312119 0.10733851543399894 -0.3200568765428331 -0.3598143370155183 0.11796615439736959 -0.15768172042565354 -0.07802234638255759 -0.0077340255449769284 -0.24118215106328464 -0.27844732755573565 -0.0808772509283729 
0 -0.23028778855368626 -0.08822214926559853 0.06768838647883309 -0.37990651955256266 -0.34242474846584287 0.048765342726861255 -0.1669588427641819 -0.06817635699998392 -0.054918633070803656 -0.25730651274134053 -0.25430729208389125 -0.1659025988006591 
0 -0.2581212630086213 -0.0782954518137594 0.009967831785392098 -0.42335769120891514 -0.3199837443944211 -0.04822542228341853 -0.16697593843415212 -0.0631930793057533 -0.09744305564979135 -0.26536194843876726 -0.228455753095669 -0.24170239478107228 
0 -0.26016895898881703 -0.0702316031017631 -0.07235248324017181 -0.4334441333366949 -0.28275832317874783 -0.18414572400463544 -0.15912159993218672 -0.05879926025153633 -0.13021498565107115 -0.2643126731495337 -0.2020522615803266 -0.29766575628208614 
0 -0.2412866544216733 -0.062193395479216554 -0.16930154668177466 -0.4162924195394804 -0.23234951195091505 -0.3431010867419305 -0.14613727618648645 -0.053038826706999366 -0.15319812188283177 -0.2567447157510637 -0.17448466669009538 -0.336118587714251 
0 -0.21971585667065832 -0.05651893942820337 -0.2552009791863527 -0.3975054632267963 -0.1802297177820399 -0.4837354754447827 -0.12771572354965038 -0.04603017047269847 -0.17896005988795996 -0.24190072823497277 -0.1390910694323845 -0.3787356924170597 
0 -0.19696704268008614 -0.05431406451750198 -0.31554989652494164 -0.3762861986689649 -0.1305775055722867 -0.5819852171053965 -0.10491051706146239 -0.03713351772695641 -0.21336722894100243 -0.2167948551571115 -0.0915435720591834 -0.43420600112067737 
0 -0.17145674853097104 -0.05066952754986149 -0.35777631347039157 -0.33505251603768854 -0.09060831080259009 -0.6504945087156762 -0.09559883356960713 -0.027476615373213505 -0.2530472975998015 -0.19407217242351296 -0.04721295620497795 -0.49499196696386516 
0 -0.1284093212843025 -0.03777433257131874 -0.4053401942662078 -0.21261814223143966 -0.030447863493968046 -0.7399164446689569 -0.10775323445708773 -0.005463287635805855 -0.3149501051982242 -0.176838199779178 0.01273171412170462 -0.5915376055194782 
