0 -0.07972566584776437 -0.27655978824631994 0.04284350378347265 -0.07622864427501086 -0.4759397553561236 -0.1580019637073141 -0.04012731483446733 -0.29188999990916803 -0.0019398682046416974 0.03741107800985022 -0.5291690392556785 -0.21288996815549327 
0 -0.09700262535943158 -0.2821954875759341 -0.019422363638733325 -0.12830019818536345 -0.39404041452141886 -0.2606175655845562 -0.03417456092679678 -0.2941649703191952 -0.05628217829734656 0.03798668569907933 -0.4498252180763792 -0.3454963474234432 
0 -0.11226695116248091 -0.2663968667417109 -0.06710973166152998 -0.1367302869295309 -0.28810590074204595 -0.3446444998527406 -0.043483199968540394 -0.27049142901905016 -0.11689958127124349 0.023073057828781437 -0.33815476391116744 -0.43289165213105946 
0 -0.11946899285300468 -0.20987621917121918 -0.13379876170449423 -0.10805221818976388 -0.20354439157796902 -0.41250135652958686 -0.02813827332876744 -0.24264631868720268 -0.14513702526802214 0.0013550233755059153 -0.2407255174817066 -0.47758445554587703 
0 -0.13614021465614004 -0.1715186155399184 -0.1360345226753034 -0.09166499242134288 -0.1913797103197968 -0.41769742908538654 -0.021854596186167696 -0.22026726124637955 -0.12695523210591175 -0.007942432935482982 -0.20415046039943802 -0.48745429352112873 
0 -0.13805753484380207 -0.19154868020073765 -0.11537940463541393 -0.10404260544016125 -0.23197022208208387 -0.3907394188177826 -0.01696771580262616 -0.21215802008550555 -0.10951998560739411 -0.012304497845174456 -0.2284858897297268 -0.46338098952507256 
0 -0.11769276236659079 -0.2413799574440011 -0.0844854004548884 -0.140373892163232 -0.2847029298109432 -0.3386527548397451 -0.030534071084307213 -0.22989637793293313 -0.06818102533799966 -0.03221960453355244 -0.31090188379870703 -0.40726186832021916 
0 -0.1066838449281012 -0.25029103061508073 -0.04706871912511702 -0.15760989227458302 -0.38740240949911164 -0.22807966650217665 -0.04515511645838148 -0.25854107478399097 -0.03148271115970278 -0.0549443389183619 -0.4233805375045287 -0.30344161183127566 
0 -0.09799964627149983 -0.2585253319266867 -3.983966834257963E-5 -0.1393041373325826 -0.43788888104656415 -0.06204105709089667 -0.05929475234779226 -0.2732267138186008 0.007400835149956229 -0.08902900118737864 -0.4931860373131827 -0.12603414969736015 
0 -0.08223946045683338 -0.2579190480756546 0.06722473924350401 -0.12677768808870288 -0.40309816811427723 -0.0038901392065212063 -0.06778308256018856 -0.27121523130553726 0.07318658861741362 -0.10022203672675987 -0.4952770769193036 0.07609786057760051 
0 -0.0773187495054395 -0.2450798852556055 0.11072333724533687 -0.11076061011963441 -0.3691737732058569 0.11429201926202734 -0.05503079917879067 -0.28553421428068243 0.11403858793811324 -0.10353813184648565 -0.45855921199077804 0.15667032990608534 
0 -0.07970812636030469 -0.24219553451748285 0.12629668468339356 -0.09110761862908578 -0.2966284076374299 0.2698012072893505 -0.04884084542121763 -0.2897227116094666 0.12298572335334243 -0.09519114304498158 -0.3842471684471839 0.28457540673190485 
0 -0.09304213249972036 -0.17997986157145293 0.1633229177060454 -0.06168315750305392 -0.28181948144783875 0.308330635284155 -0.03841449954541346 -0.22885032401480734 0.14012634797068882 -0.05281059418140077 -0.3926853900866101 0.33333861534696363 
0 -0.0880360771239784 -0.13190143185178213 0.1993193633895589 -0.05461624225664702 -0.17073849501172939 0.38757356831634365 -0.03137815474761659 -0.21752076743520818 0.17865833365093964 -0.04198735810794329 -0.4529839371223061 0.3371816195641521 
0 -0.07837406161593181 -0.1311939286377094 0.19558475999623878 -0.11680025094902872 -0.15284119618513636 0.5160403454078475 -0.029337103572338447 -0.21441812652914827 0.19501372936979913 -0.06773434537005384 -0.38214134437225683 0.49116679321442086 
0 -0.05874682779710899 -0.10369296263556624 0.22059236955724015 -0.02558392106221675 -0.1876352501055556 0.5218732688675601 -0.03827508135198047 -0.2160567676529205 0.20274293429835738 0.0011035009770266886 -0.3589096940642247 0.39087246903029976 
0 -0.06780218001964498 -0.08162986016360724 0.2305856651492005 0.041269468308873236 -0.09254098386376773 0.420015573884213 -0.04513156645758284 -0.20833627147986908 0.2016464073712696 -9.082025504096456E-4 -0.34249372286286406 0.38862961196175 
0 -0.10151063791822715 -0.07906587723166877 0.22151557994539728 0.058067406877707436 -0.04275860749105977 0.4449402241231697 -0.05749586111567073 -0.1901847996727367 0.18640784841325173 -0.02975650592203608 -0.30961293326273914 0.4141705166487259 
0 -0.14258083438910663 -0.09602019575675833 0.1885503517881541 0.04062170870366273 -0.0059247186080684956 0.4561770936952773 -0.07344591747135801 -0.1879992753241983 0.17416772708957323 -0.04975107186225327 -0.2931769548334922 0.3912904189170782 
0 -0.15876157659968462 -0.094766731264286 0.17648698290834738 0.0029631110708085323 0.008592145297867315 0.4568438764789613 -0.0907225568801134 -0.19581676597828174 0.15613137193153978 -0.10364328096957513 -0.30383357804746053 0.3328387226341538 
0 -0.1708772569325835 -0.10914507864782784 0.150070222424967 -0.03875243288388013 0.010250888268080066 0.44961866906128395 -0.10757325238933718 -0.19900095517312533 0.14632526374445784 -0.18282216242063773 -0.34683178833217926 0.24294410709830702 
0 -0.18460860469596074 -0.1294945794602314 0.10843481398706305 -0.07955455766387992 0.007045395818539198 0.43494320432103295 -0.13379491099358018 -0.2071050430958458 0.12374821591979848 -0.20866064900575992 -0.3666731302933669 0.19150743501625606 
0 -0.2078555731945414 -0.13041590211664356 0.07823689113457975 -0.12192828235164417 -0.005218758530448437 0.40209816073752586 -0.15209090811174178 -0.208916535601146 0.10255266527960606 -0.2133581435141427 -0.34637009419929915 0.14622021688664605 
0 -0.22223527638473853 -0.12755335845479224 0.056557686134914485 -0.18108465009614577 -0.03351515531785846 0.32154324951793295 -0.15417746343326444 -0.2075956018042924 0.09925569390399078 -0.2600369259794842 -0.3605053613986972 0.019047563919383812 
0 -0.22516257056899733 -0.1282031511973643 0.039369238782737556 -0.2647712265285425 -0.09993739357780886 0.15985508477562335 -0.15570809056877716 -0.21356613922746862 0.082811384405408 -0.29595035318856655 -0.3663935038570784 -0.062601474608591 
0 -0.2209709397717707 -0.13026034927504657 0.018597633724257795 -0.34473157649614067 -0.1756791283571606 -0.028637061693649674 -0.15984384851953903 -0.21978466607000666 0.05723965125499761 -0.3094562130727448 -0.350815315427436 -0.10569420892627429 
0 -0.20879776431443303 -0.13503325692460566 -0.025047920130443095 -0.374903083809576 -0.20764757905734094 -0.1611804367874487 -0.16734135876586312 -0.21252171736851458 0.03414140797190062 -0.318256927699563 -0.32011220447316724 -0.15914011026775524 
0 -0.19828191641247014 -0.13622623592054034 -0.08472396257857526 -0.35214416854724306 -0.18850598014262196 -0.22175454511285356 -0.1829006910080891 -0.1877065565288442 0.0016453729221201654 -0.3189527042694213 -0.27621036359892254 -0.23013337887655141 
0 -0.19846850458894397 -0.12320260771397169 -0.12835851387641595 -0.3229423533611965 -0.16765846862409395 -0.2855625197491371 -0.20667613284256775 -0.15657578827380034 -0.05647378720136675 -0.3091435659953213 -0.22780582009925035 -0.3102919081057977 
0 -0.16677395799982475 -0.1060723462295355 -0.1697166754745737 -0.2688218737815788 -0.13836632135129892 -0.374475892398488 -0.21195873186996597 -0.12994856296727778 -0.08922884102353054 -0.29617944637154164 -0.15807401949933167 -0.37889747566875653 
0 -0.1346133887875551 -0.08773431148592988 -0.19616440565464552 -0.1888161114006262 -0.06972156609595542 -0.45169911602801455 -0.20255547965766846 -0.11102443690799738 -0.12163685583330149 -0.2961120217915006 -0.07198342273171568 -0.39396099399696344 
0 -0.10363069805036437 -0.05333427013525056 -0.21890207898531422 -0.09063073425375837 0.027382038039525675 -0.47812673113243986 -0.18899389791469823 -0.07218417236868092 -0.19894157932259146 -0.2644198296647856 0.007661482304707927 -0.5088332067855791 
