0 0 0 0 0 0 0 0 0 0 0 0 0 0 0 0 0.0 0.0 0.0 -0.03595881278222479 -0.3436482475731001 0.013127705736243155 0 0 0 0.0019320569361378247 -0.7234144312370211 -0.08326409684570055 0 0 0 0 0 0 -0.0 0.0 0.0 -0.07288107815907836 -0.29967907382803094 0.11603784842998931 0 0 0 -0.06251324537346921 -0.5290432870592764 -0.0054021848721638845 0 0 0 0 0 0 0 0 0 0 0 0 0 0 0 0 0 0 0 0 0 0 0 0 0 0 0 
0 0 0 0 0 0 0 0 0 0 0 0 0 0 0 0 0.0 0.0 0.0 -0.04841431686463934 -0.36718987943952014 -0.006169081115672603 0 0 0 -0.0023596526106150757 -0.6773463611233895 -0.2049494680257004 0 0 0 0 0 0 -0.0 0.0 0.0 -0.10716853720295022 -0.3085701911009673 0.05815432616557852 0 0 0 -0.12087144777699692 -0.5571851261710385 -0.10044292389253955 0 0 0 0 0 0 0 0 0 0 0 0 0 0 0 0 0 0 0 0 0 0 0 0 0 0 0 
0 0 0 0 0 0 0 0 0 0 0 0 0 0 0 0 0.0 0.0 0.0 -0.0601986228966964 -0.3617820976578107 -0.041048609842388194 0 0 0 0.003878919709241425 -0.6206220507613324 -0.28991747002290436 0 0 0 0 0 0 -0.0 0.0 0.0 -0.1326324768910292 -0.30974031664161394 0.011018687571351 0 0 0 -0.15407531963502955 -0.49939370889444723 -0.16822333944326373 0 0 0 0 0 0 0 0 0 0 0 0 0 0 0 0 0 0 0 0 0 0 0 0 0 0 0 
0 0 0 0 0 0 0 0 0 0 0 0 0 0 0 0 0.0 0.0 0.0 -0.08704710632579062 -0.3397886663136653 -0.033790037289503555 0 0 0 -0.032503574471980885 -0.5638659544424005 -0.3008308286916351 0 0 0 0 0 0 -0.0 0.0 0.0 -0.14254429007994818 -0.30928481248665113 -0.016893168015816036 0 0 0 -0.16531421895322476 -0.46991585246285467 -0.18803176740172625 0 0 0 0 0 0 0 0 0 0 0 0 0 0 0 0 0 0 0 0 0 0 0 0 0 0 0 
0 0 0 0 0 0 0 0 0 0 0 0 0 0 0 0 0.0 0.0 0.0 -0.10476519225944463 -0.33343829551445825 0.022986663088301423 0 0 0 -0.09305062843880647 -0.5636691361028808 -0.18881454012536725 0 0 0 0 0 0 -0.0 0.0 0.0 -0.12975817299310927 -0.3110216829991892 0.012574985909011502 0 0 0 -0.16698535864218095 -0.4922762245613072 -0.10417656877074148 0 0 0 0 0 0 0 0 0 0 0 0 0 0 0 0 0 0 0 0 0 0 0 0 0 0 0 
0 0 0 0 0 0 0 0 0 0 0 0 0 0 0 0 0.0 0.0 0.0 -0.10285099491389066 -0.3417120837470829 0.072869646840293 0 0 0 -0.12107362847145084 -0.5745906162960401 -0.026400557866785416 0 0 0 0 0 0 -0.0 0.0 0.0 -0.11660501921373805 -0.3095351020836543 0.06337635950706766 0 0 0 -0.1622421588238949 -0.5118505211996852 0.025167332627666957 0 0 0 0 0 0 0 0 0 0 0 0 0 0 0 0 0 0 0 0 0 0 0 0 0 0 0 
0 0 0 0 0 0 0 0 0 0 0 0 0 0 0 0 0.0 0.0 0.0 -0.09277292727716441 -0.34285218292956077 0.1132902432808866 0 0 0 -0.11741403735508907 -0.5598117756175335 0.1438911786876662 0 0 0 0 0 0 -0.0 0.0 0.0 -0.10922793426452376 -0.30339906345867595 0.11480106566899034 0 0 0 -0.14685393012050482 -0.5005304662604526 0.16554089070479097 0 0 0 0 0 0 0 0 0 0 0 0 0 0 0 0 0 0 0 0 0 0 0 0 0 0 0 
0 0 0 0 0 0 0 0 0 0 0 0 0 0 0 0 0.0 0.0 0.0 -0.077471976321155 -0.3369746016250145 0.15130407388291317 0 0 0 -0.08697909668462547 -0.5321112794478954 0.2914744049782882 0 0 0 0 0 0 -0.0 0.0 0.0 -0.10389747032666338 -0.2955405676324706 0.1602913212703212 0 0 0 -0.11347182879939235 -0.46456729568163624 0.27856960274626774 0 0 0 0 0 0 0 0 0 0 0 0 0 0 0 0 0 0 0 0 0 0 0 0 0 0 0 
0 0 0 0 0 0 0 0 0 0 0 0 0 0 0 0 0.0 0.0 0.0 -0.0579653504702892 -0.33054045557934914 0.18536312754743986 0 0 0 -0.03153359828173422 -0.5318339448984044 0.3917979589349199 0 0 0 0 0 0 -0.0 0.0 0.0 -0.09321535286058373 -0.2827838997264596 0.1950146963770599 0 0 0 -0.06005964637365758 -0.4262727399325615 0.327017089578638 0 0 0 0 0 0 0 0 0 0 0 0 0 0 0 0 0 0 0 0 0 0 0 0 0 0 0 
0 0 0 0 0 0 0 0 0 0 0 0 0 0 0 0 0.0 0.0 0.0 -0.04347644723945887 -0.32534291709064994 0.20717606910244427 0 0 0 0.0111150765174309 -0.5604015539772964 0.433587684482728 0 0 0 0 0 0 -0.0 0.0 0.0 -0.07625877900990348 -0.26436910253057083 0.21169244257990005 0 0 0 -0.011535330205331781 -0.38453865387965785 0.3013193593017697 0 0 0 0 0 0 0 0 0 0 0 0 0 0 0 0 0 0 0 0 0 0 0 0 0 0 0 
0 0 0 0 0 0 0 0 0 0 0 0 0 0 0 0 0.0 0.0 0.0 -0.03575149217093024 -0.3189092417983002 0.21989846788608725 0 0 0 0.024591954533089825 -0.5795121595167763 0.45034604941532724 0 0 0 0 0 0 -0.0 0.0 0.0 -0.06044748573979439 -0.2463375209213391 0.22167524302290117 0 0 0 0.026028744506451394 -0.31522162538985976 0.23791420289178014 0 0 0 0 0 0 0 0 0 0 0 0 0 0 0 0 0 0 0 0 0 0 0 0 0 0 0 
0 0 0 0 0 0 0 0 0 0 0 0 0 0 0 0 0.0 0.0 0.0 -0.03674424862642537 -0.30949914368425513 0.22960374937780423 0 0 0 0.019832796166935934 -0.5772666797642575 0.4680703227781541 0 0 0 0 0 0 -0.0 0.0 0.0 -0.050290320957941975 -0.227431249732402 0.23277246639479826 0 0 0 0.05983527469645849 -0.24573639290982843 0.20129393163179105 0 0 0 0 0 0 0 0 0 0 0 0 0 0 0 0 0 0 0 0 0 0 0 0 0 0 0 
0 0 0 0 0 0 0 0 0 0 0 0 0 0 0 0 0.0 0.0 0.0 -0.05142235033420059 -0.29101286453129427 0.24507701112354682 0 0 0 -0.0023565007687690602 -0.555628318363201 0.494000368923358 0 0 0 0 0 0 -0.0 0.0 0.0 -0.048688368042114925 -0.1932281335539089 0.24132374964529968 0 0 0 0.07802134748025176 -0.22405766013839865 0.25825150653822526 0 0 0 0 0 0 0 0 0 0 0 0 0 0 0 0 0 0 0 0 0 0 0 0 0 0 0 
0 0 0 0 0 0 0 0 0 0 0 0 0 0 0 0 0.0 0.0 0.0 -0.0723917404713126 -0.2704776389663039 0.2550261007240698 0 0 0 -0.021130521475369982 -0.521031209863872 0.5146307585755526 0 0 0 0 0 0 -0.0 0.0 0.0 -0.06950203626321227 -0.15787052480726488 0.24450588196014267 0 0 0 0.06767013114660836 -0.22951874339806175 0.35507079480524756 0 0 0 0 0 0 0 0 0 0 0 0 0 0 0 0 0 0 0 0 0 0 0 0 0 0 0 
0 0 0 0 0 0 0 0 0 0 0 0 0 0 0 0 0.0 0.0 0.0 -0.09556681214609994 -0.25806756170707973 0.24937256258858928 0 0 0 -0.024287079858526774 -0.4831179973041105 0.5279240685953044 0 0 0 0 0 0 -0.0 0.0 0.0 -0.11271126855524782 -0.1397488357702303 0.23579138973865446 0 0 0 0.01967430681808167 -0.2212349977383496 0.4262732020525852 0 0 0 0 0 0 0 0 0 0 0 0 0 0 0 0 0 0 0 0 0 0 0 0 0 0 0 
0 0 0 0 0 0 0 0 0 0 0 0 0 0 0 0 0.0 0.0 0.0 -0.12171653676778371 -0.25332961245647545 0.23253759331620705 0 0 0 -0.025154829459848982 -0.45210023787738907 0.5336524809940497 0 0 0 0 0 0 -0.0 0.0 0.0 -0.15359342079486404 -0.14283991682642755 0.20890368002959714 0 0 0 -0.05969888245419795 -0.19729469355630067 0.4513627808655935 0 0 0 0 0 0 0 0 0 0 0 0 0 0 0 0 0 0 0 0 0 0 0 0 0 0 0 
0 0 0 0 0 0 0 0 0 0 0 0 0 0 0 0 0.0 0.0 0.0 -0.15152719972925868 -0.2496910098341706 0.20794433422026856 0 0 0 -0.03341481427794997 -0.4226512496953794 0.5349513024948025 0 0 0 0 0 0 -0.0 0.0 0.0 -0.1785637150883013 -0.15446053768524481 0.17685599675529634 0 0 0 -0.1324526101054596 -0.16130096452311402 0.4397864635074256 0 0 0 0 0 0 0 0 0 0 0 0 0 0 0 0 0 0 0 0 0 0 0 0 0 0 0 
0 0 0 0 0 0 0 0 0 0 0 0 0 0 0 0 0.0 0.0 0.0 -0.1880851313019401 -0.24803345364871732 0.17233823067479934 0 0 0 -0.04682889581876568 -0.3890560601340437 0.5316852338656756 0 0 0 0 0 0 -0.0 0.0 0.0 -0.19577390079346577 -0.1604323059563802 0.15032713073876416 0 0 0 -0.16670755832811718 -0.1226674770451645 0.4191646382020131 0 0 0 0 0 0 0 0 0 0 0 0 0 0 0 0 0 0 0 0 0 0 0 0 0 0 0 
0 0 0 0 0 0 0 0 0 0 0 0 0 0 0 0 0.0 0.0 0.0 -0.22708610837571985 -0.2496981313806342 0.1320846260417308 0 0 0 -0.06711744113943943 -0.3588948013307832 0.5107390828067526 0 0 0 0 0 0 -0.0 0.0 0.0 -0.21568624021909094 -0.1606911199108663 0.12047030525263416 0 0 0 -0.17824036564349152 -0.09945874787651782 0.40948384821143813 0 0 0 0 0 0 0 0 0 0 0 0 0 0 0 0 0 0 0 0 0 0 0 0 0 0 0 
0 0 0 0 0 0 0 0 0 0 0 0 0 0 0 0 0.0 0.0 0.0 -0.2518128187838103 -0.25113740525575984 0.10374165876355583 0 0 0 -0.10429304224548666 -0.34297199441981874 0.44641023588196344 0 0 0 0 0 0 -0.0 0.0 0.0 -0.24158958656587223 -0.16137143604267606 0.07615593459168907 0 0 0 -0.19696632975568076 -0.09661660046730569 0.405534791438435 0 0 0 0 0 0 0 0 0 0 0 0 0 0 0 0 0 0 0 0 0 0 0 0 0 0 0 
0 0 0 0 0 0 0 0 0 0 0 0 0 0 0 0 0.0 0.0 0.0 -0.25582050163067316 -0.2509106523786188 0.09191808493085503 0 0 0 -0.16934720042768175 -0.34215332534063125 0.31890641377228207 0 0 0 0 0 0 -0.0 0.0 0.0 -0.2655831912502239 -0.1615334321945373 0.0334962698877877 0 0 0 -0.22052227682388906 -0.10149007831036316 0.3928619197351216 0 0 0 0 0 0 0 0 0 0 0 0 0 0 0 0 0 0 0 0 0 0 0 0 0 0 0 
0 0 0 0 0 0 0 0 0 0 0 0 0 0 0 0 0.0 0.0 0.0 -0.25344553411129533 -0.25222858771277157 0.08322362668140591 0 0 0 -0.2549791154253875 -0.3487792584209065 0.14395983072287133 0 0 0 0 0 0 -0.0 0.0 0.0 -0.28010164983717334 -0.15846512965361212 0.013000948929606185 0 0 0 -0.24503466508072322 -0.10843099680724227 0.36088458035822046 0 0 0 0 0 0 0 0 0 0 0 0 0 0 0 0 0 0 0 0 0 0 0 0 0 0 0 
0 0 0 0 0 0 0 0 0 0 0 0 0 0 0 0 0.0 0.0 0.0 -0.25326492811359175 -0.2542144570760214 0.07189245500978501 0 0 0 -0.32958534993312083 -0.3520229645107285 -0.021988611708642344 0 0 0 0 0 0 -0.0 0.0 0.0 -0.28754508186963973 -0.15382515086362 0.006476206343608989 0 0 0 -0.2835208110588461 -0.12338009747755065 0.2901695637768649 0 0 0 0 0 0 0 0 0 0 0 0 0 0 0 0 0 0 0 0 0 0 0 0 0 0 0 
0 0 0 0 0 0 0 0 0 0 0 0 0 0 0 0 0.0 0.0 0.0 -0.2531626168296378 -0.2520822307685143 0.0598863297733155 0 0 0 -0.3701320673057742 -0.34521511615132644 -0.12895758881590877 0 0 0 0 0 0 -0.0 0.0 0.0 -0.2925271253335725 -0.15019191167943674 -0.0042711035371912716 0 0 0 -0.34478047666016043 -0.15069727234225158 0.16519188764538148 0 0 0 0 0 0 0 0 0 0 0 0 0 0 0 0 0 0 0 0 0 0 0 0 0 0 0 
0 0 0 0 0 0 0 0 0 0 0 0 0 0 0 0 0.0 0.0 0.0 -0.2534261223079895 -0.2422041251582036 0.039827199880248104 0 0 0 -0.38253288365843763 -0.3325894032632811 -0.1846531602391764 0 0 0 0 0 0 -0.0 0.0 0.0 -0.29501792723730186 -0.1476150831369823 -0.024602404365853016 0 0 0 -0.4135049036023255 -0.18199879251896672 0.007673307831636427 0 0 0 0 0 0 0 0 0 0 0 0 0 0 0 0 0 0 0 0 0 0 0 0 0 0 0 
0 0 0 0 0 0 0 0 0 0 0 0 0 0 0 0 0.0 0.0 0.0 -0.25569360461637086 -0.2200351070028966 -7.676665439187392E-4 0 0 0 -0.38591642126706 -0.32292835280941856 -0.2291134627134417 0 0 0 0 0 0 -0.0 0.0 0.0 -0.29376918388503553 -0.1447872192380414 -0.05656159492786868 0 0 0 -0.45780213609556825 -0.1988336043084767 -0.1322153872846929 0 0 0 0 0 0 0 0 0 0 0 0 0 0 0 0 0 0 0 0 0 0 0 0 0 0 0 
0 0 0 0 0 0 0 0 0 0 0 0 0 0 0 0 0.0 0.0 0.0 -0.26140791006010955 -0.1849452878539515 -0.06040930049487875 0 0 0 -0.3883970517147679 -0.31310795106266015 -0.2856531042821499 0 0 0 0 0 0 -0.0 0.0 0.0 -0.2881823886199556 -0.139411794233345 -0.09730456728760223 0 0 0 -0.46080870168732524 -0.19032873521360827 -0.22783755173970768 0 0 0 0 0 0 0 0 0 0 0 0 0 0 0 0 0 0 0 0 0 0 0 0 0 0 0 
0 0 0 0 0 0 0 0 0 0 0 0 0 0 0 0 0.0 0.0 0.0 -0.26864946876053936 -0.150548115452278 -0.11066322923428917 0 0 0 -0.38720537266808996 -0.28450002932322427 -0.3516058452869581 0 0 0 0 0 0 -0.0 0.0 0.0 -0.2783351577701448 -0.1278967005998983 -0.13677596023738978 0 0 0 -0.43821879103652156 -0.16568326575263181 -0.3016906951937158 0 0 0 0 0 0 0 0 0 0 0 0 0 0 0 0 0 0 0 0 0 0 0 0 0 0 0 
0 0 0 0 0 0 0 0 0 0 0 0 0 0 0 0 0.0 0.0 0.0 -0.2724208391009862 -0.13608322054803282 -0.1314494908546746 0 0 0 -0.38441894759915324 -0.22815319958735206 -0.4067041756638423 0 0 0 0 0 0 -0.0 0.0 0.0 -0.25822900114220626 -0.10786452422709322 -0.17583861929911743 0 0 0 -0.4056807172377106 -0.13760374653464066 -0.3854841598820012 0 0 0 0 0 0 0 0 0 0 0 0 0 0 0 0 0 0 0 0 0 0 0 0 0 0 0 
0 0 0 0 0 0 0 0 0 0 0 0 0 0 0 0 0.0 0.0 0.0 -0.27316926997657476 -0.1379682340711313 -0.13993846189586254 0 0 0 -0.38443313191452827 -0.1577395945072413 -0.41910732277284646 0 0 0 0 0 0 -0.0 0.0 0.0 -0.21962340895892496 -0.08548098868794442 -0.21867984257560044 0 0 0 -0.34870563697607443 -0.09747186978870924 -0.4619993755508639 0 0 0 0 0 0 0 0 0 0 0 0 0 0 0 0 0 0 0 0 0 0 0 0 0 0 0 
0 0 0 0 0 0 0 0 0 0 0 0 0 0 0 0 0.0 0.0 0.0 -0.27759971224062996 -0.1253540097623863 -0.14245319138578189 0 0 0 -0.3764099619535437 -0.072286742436919 -0.4053747182277464 0 0 0 0 0 0 -0.0 0.0 0.0 -0.18062072720176098 -0.07387194143105362 -0.23540370021206936 0 0 0 -0.2754069745227366 -0.03477789509880002 -0.5098918906161801 0 0 0 0 0 0 0 0 0 0 0 0 0 0 0 0 0 0 0 0 0 0 0 0 0 0 0 
0 0 0 0 0 0 0 0 0 0 0 0 0 0 0 0 0.0 0.0 0.0 -0.26840221603125597 -0.09210181566190812 -0.16929080674151653 0 0 0 -0.3762146283435646 0.03357910998737848 -0.4650486975051975 0 0 0 0 0 0 -0.0 0.0 0.0 -0.10479402974022183 -0.06975207117015177 -0.27947999695813397 0 0 0 -0.13048020002581662 0.06671686972372085 -0.5486372191344064 0 0 0 0 0 0 0 0 0 0 0 0 0 0 0 0 0 0 0 0 0 0 0 0 0 0 0 
