0 0 0 0 0 0 0 0 0 0 0 0 0 0 0 0 0.0 0.0 0.0 -0.05240968599250513 -0.3416854624750497 -0.007973700577333043 0 0 0 -0.02183337366573044 -0.6027622950917647 -0.16844728638191517 0 0 0 0 0 0 -0.0 0.0 0.0 -0.05748886598073225 -0.302845031073262 -0.04372238562385164 0 0 0 -0.026082223029631774 -0.5768822122880851 -0.10923800265180977 0 0 0 0 0 0 0 0 0 0 0 0 0 0 0 0 0 0 0 0 0 0 0 0 0 0 0 
0 0 0 0 0 0 0 0 0 0 0 0 0 0 0 0 0.0 0.0 0.0 -0.08744985384525088 -0.3195904286073643 -0.03796078008492754 0 0 0 -0.056171422720119296 -0.5233345451933968 -0.2318796441178235 0 0 0 0 0 0 -0.0 0.0 0.0 -0.03335206369307627 -0.3019930217683343 -0.06921582549408616 0 0 0 0.013283397537822199 -0.4977107465369802 -0.22061829157742657 0 0 0 0 0 0 0 0 0 0 0 0 0 0 0 0 0 0 0 0 0 0 0 0 0 0 0 
0 0 0 0 0 0 0 0 0 0 0 0 0 0 0 0 0.0 0.0 0.0 -0.10345787122198702 -0.3153147138867977 -0.04313604830343796 0 0 0 -0.12971881566781984 -0.4306596129004416 -0.2500217353932913 0 0 0 0 0 0 -0.0 0.0 0.0 -0.020037276247545786 -0.2922828153921035 -0.1156119144429026 0 0 0 0.0558307682344652 -0.4136189468056927 -0.29163971002141725 0 0 0 0 0 0 0 0 0 0 0 0 0 0 0 0 0 0 0 0 0 0 0 0 0 0 0 
0 0 0 0 0 0 0 0 0 0 0 0 0 0 0 0 0.0 0.0 0.0 -0.10460801124049578 -0.2854292516288075 -0.11896382311389973 0 0 0 -0.12970583048794407 -0.32203181355919036 -0.3700095125532983 0 0 0 0 0 0 -0.0 0.0 0.0 -0.04533945090164937 -0.24316367161771368 -0.15199312839684342 0 0 0 0.005122708613494478 -0.3022001183392055 -0.3785706295205352 0 0 0 0 0 0 0 0 0 0 0 0 0 0 0 0 0 0 0 0 0 0 0 0 0 0 0 
0 0 0 0 0 0 0 0 0 0 0 0 0 0 0 0 0.0 0.0 0.0 -0.07643988648444769 -0.24269199109681874 -0.22870361614919127 0 0 0 -0.06231358656809199 -0.22436658361465567 -0.507806144737198 0 0 0 0 0 0 -0.0 0.0 0.0 -0.060169356907858074 -0.2094622822056267 -0.1836512293627206 0 0 0 -0.029429922865438007 -0.21308960352476686 -0.4345164623947072 0 0 0 0 0 0 0 0 0 0 0 0 0 0 0 0 0 0 0 0 0 0 0 0 0 0 0 
0 0 0 0 0 0 0 0 0 0 0 0 0 0 0 0 0.0 0.0 0.0 -0.057291710709601824 -0.23948641887202027 -0.25891489537114126 0 0 0 -0.0478341018035452 -0.21842067608646945 -0.5482607355740889 0 0 0 0 0 0 -0.0 0.0 0.0 -0.05491321222643775 -0.1896088630496868 -0.21306898578066502 0 0 0 -0.011694799376258487 -0.1988122362725466 -0.45421290227423483 0 0 0 0 0 0 0 0 0 0 0 0 0 0 0 0 0 0 0 0 0 0 0 0 0 0 0 
0 0 0 0 0 0 0 0 0 0 0 0 0 0 0 0 0.0 0.0 0.0 -0.06242281997398172 -0.24460350172592452 -0.2639102895464078 0 0 0 -0.053150997763847775 -0.22273400813739985 -0.5518714399279382 0 0 0 0 0 0 -0.0 0.0 0.0 -0.05915529078522793 -0.1847969293182929 -0.23266003155830123 0 0 0 -0.003441123941325395 -0.19071162036217923 -0.4643161178939863 0 0 0 0 0 0 0 0 0 0 0 0 0 0 0 0 0 0 0 0 0 0 0 0 0 0 0 
0 0 0 0 0 0 0 0 0 0 0 0 0 0 0 0 0.0 0.0 0.0 -0.06993249812886276 -0.21987408504423026 -0.25187835387061747 0 0 0 -0.05288498834429399 -0.21214212411195962 -0.5307538001771721 0 0 0 0 0 0 -0.0 0.0 0.0 -0.06101064279793479 -0.14264550849478194 -0.24199814775930825 0 0 0 0.004755498631379465 -0.15434998275799916 -0.46354697022904423 0 0 0 0 0 0 0 0 0 0 0 0 0 0 0 0 0 0 0 0 0 0 0 0 0 0 0 
0 0 0 0 0 0 0 0 0 0 0 0 0 0 0 0 0.0 0.0 0.0 -0.07935631611084386 -0.22826303684947866 -0.18246498314515147 0 0 0 -0.05926346591823049 -0.31758203084261005 -0.4203708496572145 0 0 0 0 0 0 -0.0 0.0 0.0 -0.08602580165028942 -0.12752547216539073 -0.19534178967297378 0 0 0 -0.04557292086151905 -0.22415623013079067 -0.36411264501694973 0 0 0 0 0 0 0 0 0 0 0 0 0 0 0 0 0 0 0 0 0 0 0 0 0 0 0 
0 0 0 0 0 0 0 0 0 0 0 0 0 0 0 0 0.0 0.0 0.0 -0.08023624189434822 -0.24274117703132397 -0.13049804000890636 0 0 0 -0.06078498456242734 -0.40874327850902936 -0.3090685965661188 0 0 0 0 0 0 -0.0 0.0 0.0 -0.10649770361920084 -0.13604807402127733 -0.1495950981162237 0 0 0 -0.10240931845521471 -0.2937524936000818 -0.2670005628499362 0 0 0 0 0 0 0 0 0 0 0 0 0 0 0 0 0 0 0 0 0 0 0 0 0 0 0 
0 0 0 0 0 0 0 0 0 0 0 0 0 0 0 0 0.0 0.0 0.0 -0.07931551502707761 -0.2574022055682903 -0.08382779667691688 0 0 0 -0.06540453631236468 -0.47998066019353897 -0.1863081566705118 0 0 0 0 0 0 -0.0 0.0 0.0 -0.12224526404604179 -0.14472944452852954 -0.09283851415576819 0 0 0 -0.15131147228233993 -0.3355728063596366 -0.1531265555545738 0 0 0 0 0 0 0 0 0 0 0 0 0 0 0 0 0 0 0 0 0 0 0 0 0 0 0 
0 0 0 0 0 0 0 0 0 0 0 0 0 0 0 0 0.0 0.0 0.0 -0.07979673339357587 -0.26557823116332263 -0.03035481031206669 0 0 0 -0.0808346605806016 -0.5192304683029597 -0.05484004666617566 0 0 0 0 0 0 -0.0 0.0 0.0 -0.12636027014504736 -0.14815565961095734 -0.021727523571769776 0 0 0 -0.17080367142620734 -0.3466271723449104 -0.017206539448397996 0 0 0 0 0 0 0 0 0 0 0 0 0 0 0 0 0 0 0 0 0 0 0 0 0 0 0 
0 0 0 0 0 0 0 0 0 0 0 0 0 0 0 0 0.0 0.0 0.0 -0.08176980661305741 -0.2570852303742306 0.03966247827266229 0 0 0 -0.10096453835602999 -0.5160209641186019 0.08880029076132696 0 0 0 0 0 0 -0.0 0.0 0.0 -0.11690307313356804 -0.14632772539519695 0.04464450384099026 0 0 0 -0.157836725617494 -0.33461825983939786 0.11473718898330457 0 0 0 0 0 0 0 0 0 0 0 0 0 0 0 0 0 0 0 0 0 0 0 0 0 0 0 
0 0 0 0 0 0 0 0 0 0 0 0 0 0 0 0 0.0 0.0 0.0 -0.07401567454722453 -0.23235522032232675 0.12285823801303838 0 0 0 -0.09943605082468508 -0.47565101892807526 0.2399873142936222 0 0 0 0 0 0 -0.0 0.0 0.0 -0.10568162643557448 -0.13914462561756244 0.0976238366037731 0 0 0 -0.14080521711573346 -0.3074435987060655 0.22262032725877476 0 0 0 0 0 0 0 0 0 0 0 0 0 0 0 0 0 0 0 0 0 0 0 0 0 0 0 
0 0 0 0 0 0 0 0 0 0 0 0 0 0 0 0 0.0 0.0 0.0 -0.04007654911898363 -0.20371448538784023 0.19707433955882564 0 0 0 -0.053414710562948775 -0.4184175661545835 0.37327429203974644 0 0 0 0 0 0 -0.0 0.0 0.0 -0.10031823857894313 -0.11814048542042557 0.14561981500137355 0 0 0 -0.1358868567912499 -0.2546652849229281 0.31403107858115376 0 0 0 0 0 0 0 0 0 0 0 0 0 0 0 0 0 0 0 0 0 0 0 0 0 0 0 
0 0 0 0 0 0 0 0 0 0 0 0 0 0 0 0 0.0 0.0 0.0 -0.0042351926545802325 -0.22475074913587875 0.18826895613910496 0 0 0 4.749922040067952E-4 -0.4452705230879456 0.37707522182034175 0 0 0 0 0 0 -0.0 0.0 0.0 -0.10208208971467551 -0.08444133274513792 0.18313255589457947 0 0 0 -0.13824517037643383 -0.18282941440921868 0.37841840403313565 0 0 0 0 0 0 0 0 0 0 0 0 0 0 0 0 0 0 0 0 0 0 0 0 0 0 0 
0 0 0 0 0 0 0 0 0 0 0 0 0 0 0 0 0.0 0.0 0.0 0.00402877577124759 -0.2604108866001703 0.14977465753302416 0 0 0 0.013375093586408267 -0.5041878081788339 0.32299188730740386 0 0 0 0 0 0 -0.0 0.0 0.0 -0.10100875959025665 -0.0593045163590937 0.22010077005332204 0 0 0 -0.12771006877069155 -0.1446973210009531 0.4290384997448299 0 0 0 0 0 0 0 0 0 0 0 0 0 0 0 0 0 0 0 0 0 0 0 0 0 0 0 
0 0 0 0 0 0 0 0 0 0 0 0 0 0 0 0 0.0 0.0 0.0 0.004547761950216671 -0.2818828127262066 0.11797812269139014 0 0 0 0.012746377080864789 -0.5406173002906477 0.2750135563566982 0 0 0 0 0 0 -0.0 0.0 0.0 -0.08708510003767375 -0.049472771046606544 0.23123518149433664 0 0 0 -0.09755495323985076 -0.1360829230151352 0.4492165299760701 0 0 0 0 0 0 0 0 0 0 0 0 0 0 0 0 0 0 0 0 0 0 0 0 0 0 0 
0 0 0 0 0 0 0 0 0 0 0 0 0 0 0 0 0.0 0.0 0.0 0.0021284279963785574 -0.28151382773916256 0.10438164045425447 0 0 0 0.007578180307425662 -0.545207462231662 0.2527800024644563 0 0 0 0 0 0 -0.0 0.0 0.0 -0.0609584112885361 -0.07133447529319371 0.21578906438563503 0 0 0 -0.0582692825182904 -0.17003478979206665 0.43214212843026933 0 0 0 0 0 0 0 0 0 0 0 0 0 0 0 0 0 0 0 0 0 0 0 0 0 0 0 
0 0 0 0 0 0 0 0 0 0 0 0 0 0 0 0 0.0 0.0 0.0 -0.007634341045099807 -0.23126656387687483 0.12789103108586086 0 0 0 -0.00525433211556956 -0.47904892707460733 0.28181541116182024 0 0 0 0 0 0 -0.0 0.0 0.0 -0.05610099438548453 -0.0761592554105677 0.20331782507003987 0 0 0 -0.05116202728988766 -0.19200122470885636 0.40395993721670975 0 0 0 0 0 0 0 0 0 0 0 0 0 0 0 0 0 0 0 0 0 0 0 0 0 0 0 
0 0 0 0 0 0 0 0 0 0 0 0 0 0 0 0 0.0 0.0 0.0 -0.02873888305102389 -0.17277554949717192 0.1548948257823014 0 0 0 -0.02674832899926838 -0.40568320496282007 0.3113074462823959 0 0 0 0 0 0 -0.0 0.0 0.0 -0.0782500568608088 -0.05103807214734034 0.1821483221798413 0 0 0 -0.0758177199063895 -0.17838391241738527 0.3697290986120341 0 0 0 0 0 0 0 0 0 0 0 0 0 0 0 0 0 0 0 0 0 0 0 0 0 0 0 
0 0 0 0 0 0 0 0 0 0 0 0 0 0 0 0 0.0 0.0 0.0 -0.06847306845344032 -0.1267475569966804 0.1604403101925102 0 0 0 -0.06610591152478384 -0.3581316613996457 0.3039690301384347 0 0 0 0 0 0 -0.0 0.0 0.0 -0.11138477277630189 -0.03109738896718131 0.15559345115085377 0 0 0 -0.1098501374854075 -0.17572232303176555 0.32529255538834057 0 0 0 0 0 0 0 0 0 0 0 0 0 0 0 0 0 0 0 0 0 0 0 0 0 0 0 
0 0 0 0 0 0 0 0 0 0 0 0 0 0 0 0 0.0 0.0 0.0 -0.12301820547959746 -0.09617922148579373 0.14546828725438887 0 0 0 -0.12539505649116547 -0.3373188197031593 0.2677840941375757 0 0 0 0 0 0 -0.0 0.0 0.0 -0.14976894655174924 -0.02132652959498791 0.12894945010424208 0 0 0 -0.15548966782981782 -0.1874520022620167 0.2713749187480027 0 0 0 0 0 0 0 0 0 0 0 0 0 0 0 0 0 0 0 0 0 0 0 0 0 0 0 
0 0 0 0 0 0 0 0 0 0 0 0 0 0 0 0 0.0 0.0 0.0 -0.17522241252230433 -0.07954401481449727 0.11538102385085383 0 0 0 -0.19125220224361691 -0.3333740889811745 0.21141455144857454 0 0 0 0 0 0 -0.0 0.0 0.0 -0.185795992676464 -0.01955731621271422 0.09174094242688503 0 0 0 -0.2085582506305659 -0.2073454096460269 0.20448681050200995 0 0 0 0 0 0 0 0 0 0 0 0 0 0 0 0 0 0 0 0 0 0 0 0 0 0 0 
0 0 0 0 0 0 0 0 0 0 0 0 0 0 0 0 0.0 0.0 0.0 -0.2098567706067852 -0.07204465489933694 0.07130971497174611 0 0 0 -0.2496114603887875 -0.32486114629053087 0.13012480311549435 0 0 0 0 0 0 -0.0 0.0 0.0 -0.21241934790840583 -0.025320453802494668 0.04842864444718502 0 0 0 -0.2591689834568779 -0.22481018754217952 0.12471066213325221 0 0 0 0 0 0 0 0 0 0 0 0 0 0 0 0 0 0 0 0 0 0 0 0 0 0 0 
0 0 0 0 0 0 0 0 0 0 0 0 0 0 0 0 0.0 0.0 0.0 -0.22508800025886463 -0.07022263471852218 0.019485277810962976 0 0 0 -0.2910354846489793 -0.3111012290946526 0.034541108762755915 0 0 0 0 0 0 -0.0 0.0 0.0 -0.2325839201241387 -0.03511859171287774 0.005039020450914569 0 0 0 -0.3018396219666667 -0.23705900803814153 0.0395120154272243 0 0 0 0 0 0 0 0 0 0 0 0 0 0 0 0 0 0 0 0 0 0 0 0 0 0 0 
0 0 0 0 0 0 0 0 0 0 0 0 0 0 0 0 0.0 0.0 0.0 -0.21644151671605155 -0.06759444246140475 -0.03757315751021227 0 0 0 -0.3010869022607363 -0.28352579609468076 -0.07479546634326291 0 0 0 0 0 0 -0.0 0.0 0.0 -0.23121409167278645 -0.04160064994669508 -0.04423934327144301 0 0 0 -0.3149928763277127 -0.22799447894852018 -0.060514711324088644 0 0 0 0 0 0 0 0 0 0 0 0 0 0 0 0 0 0 0 0 0 0 0 0 0 0 0 
0 0 0 0 0 0 0 0 0 0 0 0 0 0 0 0 0.0 0.0 0.0 -0.19063645566214188 -0.06353931092649928 -0.09347482144619719 0 0 0 -0.28581074106546334 -0.24650716735834058 -0.18533438688300366 0 0 0 0 0 0 -0.0 0.0 0.0 -0.21154195434396947 -0.044022773118463414 -0.09542623074812721 0 0 0 -0.301700967428042 -0.20145522012520095 -0.166003659371381 0 0 0 0 0 0 0 0 0 0 0 0 0 0 0 0 0 0 0 0 0 0 0 0 0 0 0 
0 0 0 0 0 0 0 0 0 0 0 0 0 0 0 0 0.0 0.0 0.0 -0.16304186734241566 -0.059329593519105064 -0.14878364121121354 0 0 0 -0.26719964521931144 -0.2087337783525819 -0.2953004995437925 0 0 0 0 0 0 -0.0 0.0 0.0 -0.19041606665384908 -0.04600885581584361 -0.14667215408122528 0 0 0 -0.2861560089825507 -0.17305594485499412 -0.2715438689743037 0 0 0 0 0 0 0 0 0 0 0 0 0 0 0 0 0 0 0 0 0 0 0 0 0 0 0 
0 0 0 0 0 0 0 0 0 0 0 0 0 0 0 0 0.0 0.0 0.0 -0.13697055418047227 -0.05486168967453052 -0.20255957072800998 0 0 0 -0.24642634333093505 -0.17161799169382697 -0.4022235353351141 0 0 0 0 0 0 -0.0 0.0 0.0 -0.16990724955110992 -0.04777191930424198 -0.1964157343213477 0 0 0 -0.268950745382682 -0.14310636558382628 -0.3732375004695723 0 0 0 0 0 0 0 0 0 0 0 0 0 0 0 0 0 0 0 0 0 0 0 0 0 0 0 
0 0 0 0 0 0 0 0 0 0 0 0 0 0 0 0 0.0 0.0 0.0 -0.1228072705710326 -0.04901803911016899 -0.25055825398783294 0 0 0 -0.21929427127363987 -0.1385384481103578 -0.4935426710599645 0 0 0 0 0 0 -0.0 0.0 0.0 -0.15117781122141494 -0.047474768744062756 -0.2380714841342067 0 0 0 -0.24005420138264597 -0.10775435440138914 -0.4536488621801619 0 0 0 0 0 0 0 0 0 0 0 0 0 0 0 0 0 0 0 0 0 0 0 0 0 0 0 
0 0 0 0 0 0 0 0 0 0 0 0 0 0 0 0 0.0 0.0 0.0 -0.15982430625847982 -0.06520582283695692 -0.33394186527455577 0 0 0 -0.17745925141731567 -0.09792384245800746 -0.6229247781796582 0 0 0 0 0 0 -0.0 0.0 0.0 -0.12139686074132498 -0.059149697790430826 -0.30283206030173815 0 0 0 -0.14685533249767072 -0.08126443645505818 -0.5507834700239299 0 0 0 0 0 0 0 0 0 0 0 0 0 0 0 0 0 0 0 0 0 0 0 0 0 0 0 
