0 0 0 0 0 0 0 0 0 0 0 0 0 0 0 0 0.0 0.0 0.0 -0.07666376128182792 -0.3306590740658057 -0.047775738159147756 0 0 0 -0.09111991814422365 -0.5709405917637437 -0.20863453102435534 0 0 0 0 0 0 -0.0 0.0 0.0 0.014843686437511328 -0.32850457882920114 -0.0869779788541827 0 0 0 0.014190016658587958 -0.5261914776501241 -0.2587654288690329 0 0 0 0 0 0 0 0 0 0 0 0 0 0 0 0 0 0 0 0 0 0 0 0 0 0 0 
0 0 0 0 0 0 0 0 0 0 0 0 0 0 0 0 0.0 0.0 0.0 0.08619334096563307 -0.38036947898720996 -0.09085868144776477 0 0 0 -0.06798694630971458 -0.5167457159734364 -0.30381774301078845 0 0 0 0 0 0 -0.0 0.0 0.0 0.03731566880666495 -0.33620774070273507 -0.07846157482192223 0 0 0 -0.01858936422674575 -0.44564356645598635 -0.3194783438164797 0 0 0 0 0 0 0 0 0 0 0 0 0 0 0 0 0 0 0 0 0 0 0 0 0 0 0 
0 0 0 0 0 0 0 0 0 0 0 0 0 0 0 0 0.0 0.0 0.0 0.050211368065262184 -0.3627954560711991 -0.09928249112010845 0 0 0 -0.051679164524977755 -0.42350767054343524 -0.38650202280637586 0 0 0 0 0 0 -0.0 0.0 0.0 -0.008307681406126654 -0.32603380676593186 -0.10334412102727408 0 0 0 -0.025522747501187847 -0.37369138061245805 -0.3782922912217544 0 0 0 0 0 0 0 0 0 0 0 0 0 0 0 0 0 0 0 0 0 0 0 0 0 0 0 
0 0 0 0 0 0 0 0 0 0 0 0 0 0 0 0 0.0 0.0 0.0 -0.010824745006165936 -0.32377408002353447 -0.13965463259263977 0 0 0 -0.048764376004966414 -0.35976571500420335 -0.4431440420233453 0 0 0 0 0 0 -0.0 0.0 0.0 -0.05834122396357455 -0.265620001768524 -0.15860328022447182 0 0 0 -0.018524280417859824 -0.3169728018800934 -0.42466658321608497 0 0 0 0 0 0 0 0 0 0 0 0 0 0 0 0 0 0 0 0 0 0 0 0 0 0 0 
0 0 0 0 0 0 0 0 0 0 0 0 0 0 0 0 0.0 0.0 0.0 -0.06522511624097713 -0.2537226676636202 -0.1832492598687172 0 0 0 -0.07327538000977417 -0.2771953105611191 -0.47925034736278316 0 0 0 0 0 0 -0.0 0.0 0.0 -0.06392844904992205 -0.20815336568759107 -0.2124608879215176 0 0 0 -1.0178231276733965E-4 -0.24598470571559267 -0.46856010073760207 0 0 0 0 0 0 0 0 0 0 0 0 0 0 0 0 0 0 0 0 0 0 0 0 0 0 0 
0 0 0 0 0 0 0 0 0 0 0 0 0 0 0 0 0.0 0.0 0.0 -0.08617131841732166 -0.18523882877613462 -0.22136553574295983 0 0 0 -0.09878813611195611 -0.186086896401547 -0.5107130326448743 0 0 0 0 0 0 -0.0 0.0 0.0 -0.04407062013474491 -0.16215051179396192 -0.2564971843179549 0 0 0 0.014382572851009485 -0.16830842844846378 -0.5065552306152308 0 0 0 0 0 0 0 0 0 0 0 0 0 0 0 0 0 0 0 0 0 0 0 0 0 0 0 
0 0 0 0 0 0 0 0 0 0 0 0 0 0 0 0 0.0 0.0 0.0 -0.08366454936300893 -0.14512827239541695 -0.24951708197995714 0 0 0 -0.10922817816536318 -0.12770558372404286 -0.5253344101620702 0 0 0 0 0 0 -0.0 0.0 0.0 -0.033433025524819096 -0.12933649112173382 -0.2840100728901999 0 0 0 0.02971512870178519 -0.1250227683399503 -0.51955237873948 0 0 0 0 0 0 0 0 0 0 0 0 0 0 0 0 0 0 0 0 0 0 0 0 0 0 0 
0 0 0 0 0 0 0 0 0 0 0 0 0 0 0 0 0.0 0.0 0.0 -0.08241657894689416 -0.17933810381948817 -0.23295621076036646 0 0 0 -0.11524388473157458 -0.15770037047383353 -0.49271692811546103 0 0 0 0 0 0 -0.0 0.0 0.0 -0.04719353182981208 -0.15750624484791378 -0.26546232077106163 0 0 0 0.02777136141184477 -0.17437185984671014 -0.4862309091785539 0 0 0 0 0 0 0 0 0 0 0 0 0 0 0 0 0 0 0 0 0 0 0 0 0 0 0 
0 0 0 0 0 0 0 0 0 0 0 0 0 0 0 0 0.0 0.0 0.0 -0.09142490382463965 -0.23445895273912995 -0.18279541405645228 0 0 0 -0.10859980458633067 -0.23803631469373682 -0.44477282741888624 0 0 0 0 0 0 -0.0 0.0 0.0 -0.0808102054918911 -0.18730332616555487 -0.2139161481778053 0 0 0 -0.01815672332253464 -0.25716579985116694 -0.4227242392340331 0 0 0 0 0 0 0 0 0 0 0 0 0 0 0 0 0 0 0 0 0 0 0 0 0 0 0 
0 0 0 0 0 0 0 0 0 0 0 0 0 0 0 0 0.0 0.0 0.0 -0.09880850411858441 -0.2748368839887825 -0.1243288705252275 0 0 0 -0.08589710204774235 -0.3216467442003054 -0.3778913069778 0 0 0 0 0 0 -0.0 0.0 0.0 -0.11006566864254476 -0.19059125107497 -0.15866080633696938 0 0 0 -0.07574684338806288 -0.33390949939467207 -0.3345039879807981 0 0 0 0 0 0 0 0 0 0 0 0 0 0 0 0 0 0 0 0 0 0 0 0 0 0 0 
0 0 0 0 0 0 0 0 0 0 0 0 0 0 0 0 0.0 0.0 0.0 -0.11238183497268138 -0.29910244020516435 -0.062275838765798 0 0 0 -0.0765690981305647 -0.40482443635946647 -0.26741451004723404 0 0 0 0 0 0 -0.0 0.0 0.0 -0.1301454496175267 -0.19631788543010287 -0.10317739231604975 0 0 0 -0.12539449402882846 -0.39106009046700557 -0.22616789680931063 0 0 0 0 0 0 0 0 0 0 0 0 0 0 0 0 0 0 0 0 0 0 0 0 0 0 0 
0 0 0 0 0 0 0 0 0 0 0 0 0 0 0 0 0.0 0.0 0.0 -0.12534001748168724 -0.28183272437845747 -0.017847040988145234 0 0 0 -0.07826850413543686 -0.47078475520620844 -0.11945716987571972 0 0 0 0 0 0 -0.0 0.0 0.0 -0.1366980437776971 -0.20087130411094764 -0.04069881459019834 0 0 0 -0.16227976838704486 -0.4241805070053902 -0.09250410698760235 0 0 0 0 0 0 0 0 0 0 0 0 0 0 0 0 0 0 0 0 0 0 0 0 0 0 0 
0 0 0 0 0 0 0 0 0 0 0 0 0 0 0 0 0.0 0.0 0.0 -0.1107688599458992 -0.2549766544328205 0.03711583079285088 0 0 0 -0.0921047949227928 -0.48080653929080847 0.039419374286036965 0 0 0 0 0 0 -0.0 0.0 0.0 -0.1311033221267624 -0.19621098723675207 0.024372391048140016 0 0 0 -0.17595176700690263 -0.4166756500011757 0.05565228544836862 0 0 0 0 0 0 0 0 0 0 0 0 0 0 0 0 0 0 0 0 0 0 0 0 0 0 0 
0 0 0 0 0 0 0 0 0 0 0 0 0 0 0 0 0.0 0.0 0.0 -0.08801438934154016 -0.2238324626559934 0.09114149872080057 0 0 0 -0.09309300966952762 -0.43683802051209036 0.18805547439644615 0 0 0 0 0 0 -0.0 0.0 0.0 -0.11581991261154714 -0.18307565490214403 0.08933941075460625 0 0 0 -0.15768383079822715 -0.3727342179142921 0.20343956174979885 0 0 0 0 0 0 0 0 0 0 0 0 0 0 0 0 0 0 0 0 0 0 0 0 0 0 0 
0 0 0 0 0 0 0 0 0 0 0 0 0 0 0 0 0.0 0.0 0.0 -0.057689826031682725 -0.18228912097894498 0.137119578901863 0 0 0 -0.05906484677787842 -0.3732731222801968 0.29710389899766376 0 0 0 0 0 0 -0.0 0.0 0.0 -0.09230810347467223 -0.1635729618220274 0.15117422358578017 0 0 0 -0.1318221276358903 -0.30222335540452105 0.3357933577802119 0 0 0 0 0 0 0 0 0 0 0 0 0 0 0 0 0 0 0 0 0 0 0 0 0 0 0 
0 0 0 0 0 0 0 0 0 0 0 0 0 0 0 0 0.0 0.0 0.0 -0.011528676917396402 -0.22837802576455013 0.15429886390861963 0 0 0 0.026397121389638435 -0.4520303909612012 0.32099803093651863 0 0 0 0 0 0 -0.0 0.0 0.0 -0.08852054942426056 -0.1633625339990772 0.16890112202938612 0 0 0 -0.15249741624123034 -0.28912977370808407 0.3709984012104852 0 0 0 0 0 0 0 0 0 0 0 0 0 0 0 0 0 0 0 0 0 0 0 0 0 0 0 
0 0 0 0 0 0 0 0 0 0 0 0 0 0 0 0 0.0 0.0 0.0 0.014305350291191333 -0.26158256070933034 0.12558416262729377 0 0 0 0.07124697185153635 -0.5051227482172208 0.26819741388804685 0 0 0 0 0 0 -0.0 0.0 0.0 -0.07959056750327657 -0.19605969583949523 0.13826187379964824 0 0 0 -0.15122703683281769 -0.34540570232691836 0.31817315953280495 0 0 0 0 0 0 0 0 0 0 0 0 0 0 0 0 0 0 0 0 0 0 0 0 0 0 0 
0 0 0 0 0 0 0 0 0 0 0 0 0 0 0 0 0.0 0.0 0.0 0.02283178992577495 -0.26215706492851815 0.09842437257905137 0 0 0 0.08363952109537437 -0.5109801900011807 0.22448952104972741 0 0 0 0 0 0 -0.0 0.0 0.0 -0.06422996295799137 -0.21698778026206966 0.11288094515268891 0 0 0 -0.1307858112051561 -0.3862779244751824 0.2756980594644186 0 0 0 0 0 0 0 0 0 0 0 0 0 0 0 0 0 0 0 0 0 0 0 0 0 0 0 
0 0 0 0 0 0 0 0 0 0 0 0 0 0 0 0 0.0 0.0 0.0 0.016300634575214 -0.18912176431181718 0.10827464225491906 0 0 0 0.06340129191555188 -0.40958664306346926 0.2524960904726814 0 0 0 0 0 0 -0.0 0.0 0.0 -0.062218201104063245 -0.18077357971254956 0.11883590043987538 0 0 0 -0.11774559525034908 -0.3390608314593125 0.284052772495562 0 0 0 0 0 0 0 0 0 0 0 0 0 0 0 0 0 0 0 0 0 0 0 0 0 0 0 
0 0 0 0 0 0 0 0 0 0 0 0 0 0 0 0 0.0 0.0 0.0 -0.009286254393730303 -0.13231947209429246 0.15093745170011702 0 0 0 0.01280400898760773 -0.33017316510401684 0.3208615446162759 0 0 0 0 0 0 -0.0 0.0 0.0 -0.07349996961046135 -0.12683458751602397 0.13396149002848765 0 0 0 -0.12212239459572853 -0.2733307258418606 0.30668368170656424 0 0 0 0 0 0 0 0 0 0 0 0 0 0 0 0 0 0 0 0 0 0 0 0 0 0 0 
0 0 0 0 0 0 0 0 0 0 0 0 0 0 0 0 0.0 0.0 0.0 -0.05766122132433377 -0.09962636147419313 0.17856420042756854 0 0 0 -0.06911068234524886 -0.29497795970623847 0.3455240913845338 0 0 0 0 0 0 -0.0 0.0 0.0 -0.09973174963986943 -0.08428944446491975 0.1353112457779687 0 0 0 -0.14991729826984837 -0.23897962163606948 0.30130867016264484 0 0 0 0 0 0 0 0 0 0 0 0 0 0 0 0 0 0 0 0 0 0 0 0 0 0 0 
0 0 0 0 0 0 0 0 0 0 0 0 0 0 0 0 0.0 0.0 0.0 -0.1036352379013715 -0.07490214960620828 0.17016942009511696 0 0 0 -0.14032909905028354 -0.2840171887046819 0.3133192220994269 0 0 0 0 0 0 -0.0 0.0 0.0 -0.13655278773044185 -0.060623187077167656 0.11120960647127169 0 0 0 -0.19863256061438084 -0.2344423443369703 0.2501645593675039 0 0 0 0 0 0 0 0 0 0 0 0 0 0 0 0 0 0 0 0 0 0 0 0 0 0 0 
0 0 0 0 0 0 0 0 0 0 0 0 0 0 0 0 0.0 0.0 0.0 -0.1454330391377636 -0.05486375365387181 0.14399183871996657 0 0 0 -0.201969905230674 -0.28169912301563027 0.2560612799378256 0 0 0 0 0 0 -0.0 0.0 0.0 -0.16717883284235854 -0.04718361415935548 0.06967111974340043 0 0 0 -0.2429349834742851 -0.23771208250756062 0.167747293117986 0 0 0 0 0 0 0 0 0 0 0 0 0 0 0 0 0 0 0 0 0 0 0 0 0 0 0 
0 0 0 0 0 0 0 0 0 0 0 0 0 0 0 0 0.0 0.0 0.0 -0.17816609716916673 -0.0370570231362541 0.10056822070977525 0 0 0 -0.25195574514971586 -0.2739186673813284 0.1700408433180474 0 0 0 0 0 0 -0.0 0.0 0.0 -0.18008835205352822 -0.036252813411818546 0.018278054205442592 0 0 0 -0.2643550028269854 -0.23510799311808817 0.06614694755962432 0 0 0 0 0 0 0 0 0 0 0 0 0 0 0 0 0 0 0 0 0 0 0 0 0 0 0 
0 0 0 0 0 0 0 0 0 0 0 0 0 0 0 0 0.0 0.0 0.0 -0.20142289418965909 -0.019637703647924835 0.04609026863481162 0 0 0 -0.2901400829520116 -0.2593400940318507 0.06527517487603113 0 0 0 0 0 0 -0.0 0.0 0.0 -0.18251190109278834 -0.0251381528137996 -0.03705626828555428 0 0 0 -0.27196157253783365 -0.2267608684567141 -0.043099883605129306 0 0 0 0 0 0 0 0 0 0 0 0 0 0 0 0 0 0 0 0 0 0 0 0 0 0 0 
0 0 0 0 0 0 0 0 0 0 0 0 0 0 0 0 0.0 0.0 0.0 -0.2187973854556167 -0.004630229637214128 -0.010417809269037806 0 0 0 -0.3220826707290718 -0.24112558324454153 -0.04361264259592441 0 0 0 0 0 0 -0.0 0.0 0.0 -0.18335170678467458 -0.016375356462024086 -0.09227138490101948 0 0 0 -0.27961625422589387 -0.2164987820414354 -0.15209307650267317 0 0 0 0 0 0 0 0 0 0 0 0 0 0 0 0 0 0 0 0 0 0 0 0 0 0 0 
0 0 0 0 0 0 0 0 0 0 0 0 0 0 0 0 0.0 0.0 0.0 -0.21963152101929612 8.8319461334067E-4 -0.06716777122906595 0 0 0 -0.339028290795838 -0.21186654213533643 -0.15488999506546056 0 0 0 0 0 0 -0.0 0.0 0.0 -0.17974901974408883 -0.016842234817769426 -0.1436677279955047 0 0 0 -0.2878837498700547 -0.20064979300588798 -0.25348516832722134 0 0 0 0 0 0 0 0 0 0 0 0 0 0 0 0 0 0 0 0 0 0 0 0 0 0 0 
0 0 0 0 0 0 0 0 0 0 0 0 0 0 0 0 0.0 0.0 0.0 -0.19710472331972412 -0.006033950317931413 -0.12192711162028272 0 0 0 -0.33251624951039466 -0.16829467358568162 -0.26226510706294603 0 0 0 0 0 0 -0.0 0.0 0.0 -0.16946407185821344 -0.027988619068667203 -0.18839278737573162 0 0 0 -0.2942753315342052 -0.1738703292286079 -0.34035014600677793 0 0 0 0 0 0 0 0 0 0 0 0 0 0 0 0 0 0 0 0 0 0 0 0 0 0 0 
0 0 0 0 0 0 0 0 0 0 0 0 0 0 0 0 0.0 0.0 0.0 -0.16731848440873223 -0.013395889859344647 -0.17658893225381175 0 0 0 -0.3111787282960379 -0.12138662154676394 -0.36162671690280346 0 0 0 0 0 0 -0.0 0.0 0.0 -0.15666314208185933 -0.03655006949173147 -0.23212039086296757 0 0 0 -0.2955719622191457 -0.1359838572634226 -0.42121755089978946 0 0 0 0 0 0 0 0 0 0 0 0 0 0 0 0 0 0 0 0 0 0 0 0 0 0 0 
0 0 0 0 0 0 0 0 0 0 0 0 0 0 0 0 0.0 0.0 0.0 -0.14309589946440138 -0.015640333215454418 -0.2316363161037587 0 0 0 -0.280804643219992 -0.07689848515373 -0.45465761211273326 0 0 0 0 0 0 -0.0 0.0 0.0 -0.14082057104348145 -0.0387431275498542 -0.2742440963888127 0 0 0 -0.2862374632527321 -0.09438440298413156 -0.4939098683730114 0 0 0 0 0 0 0 0 0 0 0 0 0 0 0 0 0 0 0 0 0 0 0 0 0 0 0 
0 0 0 0 0 0 0 0 0 0 0 0 0 0 0 0 0.0 0.0 0.0 -0.13294003986920308 -0.010068165854291133 -0.285786683956299 0 0 0 -0.24611574914535775 -0.04047159243614057 -0.5432678599993878 0 0 0 0 0 0 -0.0 0.0 0.0 -0.12518467097569916 -0.029427344799360634 -0.30889963053536934 0 0 0 -0.2612642056277202 -0.05127300291132768 -0.5533734250636687 0 0 0 0 0 0 0 0 0 0 0 0 0 0 0 0 0 0 0 0 0 0 0 0 0 0 0 
0 0 0 0 0 0 0 0 0 0 0 0 0 0 0 0 0.0 0.0 0.0 -0.1258385102627044 -0.0012850727362695826 -0.3414906450240642 0 0 0 -0.17102997979613416 0.021846236516583163 -0.6544759086154661 0 0 0 0 0 0 -0.0 0.0 0.0 -0.10998616281062262 0.005603106744965154 -0.3419162337647496 0 0 0 -0.16185586514496955 0.027857271068259665 -0.6290015987895148 0 0 0 0 0 0 0 0 0 0 0 0 0 0 0 0 0 0 0 0 0 0 0 0 0 0 0 
