0 0 0 0 0 0 0 0 0 0 0 0 0 0 0 0 0.0 0.0 0.0 0.042231769858145925 -0.30719801090378274 0.002041603528955644 0 0 0 -0.0393730814826427 -0.5569210193627613 0.22405486580248904 0 0 0 0 0 0 -0.0 0.0 0.0 -0.08791274375559421 -0.3049598838550421 -0.047243129670442016 0 0 0 -0.08405661087587256 -0.5248143030328342 0.17422728302834622 0 0 0 0 0 0 0 0 0 0 0 0 0 0 0 0 0 0 0 0 0 0 0 0 0 0 0 
0 0 0 0 0 0 0 0 0 0 0 0 0 0 0 0 0.0 0.0 0.0 -0.0388569784489252 -0.3084877585928479 -0.03284985868322171 0 0 0 0.03969941042464523 -0.5119386716554918 -0.29923332547048925 0 0 0 0 0 0 -0.0 0.0 0.0 0.09817518817977258 -0.3083074665777131 0.01025745499127589 0 0 0 0.11498690435284298 -0.47616642415545324 -0.2351805375988427 0 0 0 0 0 0 0 0 0 0 0 0 0 0 0 0 0 0 0 0 0 0 0 0 0 0 0 
0 0 0 0 0 0 0 0 0 0 0 0 0 0 0 0 0.0 0.0 0.0 -0.03904550149400939 -0.30354459422018454 -0.06638487325310669 0 0 0 0.0362877967241602 -0.4573657437132556 -0.366409804867878 0 0 0 0 0 0 -0.0 0.0 0.0 0.10832914446207989 -0.3063480908355763 -0.024478792356717814 0 0 0 0.13605687508640932 -0.41951424527110054 -0.29380612342309265 0 0 0 0 0 0 0 0 0 0 0 0 0 0 0 0 0 0 0 0 0 0 0 0 0 0 0 
0 0 0 0 0 0 0 0 0 0 0 0 0 0 0 0 0.0 0.0 0.0 -0.04234104257599026 -0.29202556264288454 -0.10130848995090179 0 0 0 0.02882927928230595 -0.3941085314439946 -0.4227691096754192 0 0 0 0 0 0 -0.0 0.0 0.0 0.11795540715770607 -0.2977301956338745 -0.0567008893544036 0 0 0 0.14533321616174247 -0.3560993696382081 -0.3484211498926011 0 0 0 0 0 0 0 0 0 0 0 0 0 0 0 0 0 0 0 0 0 0 0 0 0 0 0 
0 0 0 0 0 0 0 0 0 0 0 0 0 0 0 0 0.0 0.0 0.0 -0.03865781199446457 -0.2757018131089676 -0.12825939036014697 0 0 0 0.016939908261306303 -0.32774443875142556 -0.46448131469058457 0 0 0 0 0 0 -0.0 0.0 0.0 0.12519570841937705 -0.2713415405237657 -0.09710248401799783 0 0 0 0.13745469353431636 -0.29309214776092835 -0.3996875037949764 0 0 0 0 0 0 0 0 0 0 0 0 0 0 0 0 0 0 0 0 0 0 0 0 0 0 0 
0 0 0 0 0 0 0 0 0 0 0 0 0 0 0 0 0.0 0.0 0.0 -0.03430398866492828 -0.24781897987231682 -0.0698949673082686 0 0 0 -0.0373809452829812 -0.34391768689709623 -0.4027535252313768 0 0 0 0 0 0 -0.0 0.0 0.0 0.13105450465058258 -0.2545982728334437 -0.08792130866237573 0 0 0 0.14900344121026404 -0.3342306425406805 -0.3437889255290687 0 0 0 0 0 0 0 0 0 0 0 0 0 0 0 0 0 0 0 0 0 0 0 0 0 0 0 
0 0 0 0 0 0 0 0 0 0 0 0 0 0 0 0 0.0 0.0 0.0 -0.04296973619116178 -0.2615406055685665 -0.04408777278531697 0 0 0 -0.05260248088296586 -0.4053700291146372 -0.33724550557677074 0 0 0 0 0 0 -0.0 0.0 0.0 0.12198070352550792 -0.27088333245319135 -0.06187873822165377 0 0 0 0.16151033053025993 -0.3875135125126803 -0.27579102058178895 0 0 0 0 0 0 0 0 0 0 0 0 0 0 0 0 0 0 0 0 0 0 0 0 0 0 0 
0 0 0 0 0 0 0 0 0 0 0 0 0 0 0 0 0.0 0.0 0.0 -0.051278011809706335 -0.2739775262752516 -0.020707328401119374 0 0 0 -0.06813985702527761 -0.45771061132618474 -0.2585197734022547 0 0 0 0 0 0 -0.0 0.0 0.0 0.11506228088992453 -0.2780119615029567 -0.035731171264214774 0 0 0 0.1638972790017999 -0.4321991593129762 -0.19854120074312132 0 0 0 0 0 0 0 0 0 0 0 0 0 0 0 0 0 0 0 0 0 0 0 0 0 0 0 
0 0 0 0 0 0 0 0 0 0 0 0 0 0 0 0 0.0 0.0 0.0 -0.058491063993545915 -0.28221722168700336 0.0038498319868034525 0 0 0 -0.08327642917018754 -0.4942877787079644 -0.16565597105809496 0 0 0 0 0 0 -0.0 0.0 0.0 0.10886949118566062 -0.2817985425250556 -0.006938639760809396 0 0 0 0.1583453204240757 -0.4585723186645633 -0.11996314841859314 0 0 0 0 0 0 0 0 0 0 0 0 0 0 0 0 0 0 0 0 0 0 0 0 0 0 0 
0 0 0 0 0 0 0 0 0 0 0 0 0 0 0 0 0.0 0.0 0.0 -0.06402013951742871 -0.286283901095405 0.033175290229228056 0 0 0 -0.0955886790938311 -0.5122431906571883 -0.06139865237027444 0 0 0 0 0 0 -0.0 0.0 0.0 0.1019034789614255 -0.2834357692679736 0.02663950461523488 0 0 0 0.14899898903907247 -0.46196786557111325 -0.05145209297618536 0 0 0 0 0 0 0 0 0 0 0 0 0 0 0 0 0 0 0 0 0 0 0 0 0 0 0 
0 0 0 0 0 0 0 0 0 0 0 0 0 0 0 0 0.0 0.0 0.0 -0.06651819215070111 -0.2888066484524114 0.0677523020448461 0 0 0 -0.10303756653493362 -0.5124695282883626 0.04428432607619947 0 0 0 0 0 0 -0.0 0.0 0.0 0.09407947021232962 -0.2818893948102335 0.06465000979718405 0 0 0 0.13968486318240864 -0.4460852496886976 0.006128461297516956 0 0 0 0 0 0 0 0 0 0 0 0 0 0 0 0 0 0 0 0 0 0 0 0 0 0 0 
0 0 0 0 0 0 0 0 0 0 0 0 0 0 0 0 0.0 0.0 0.0 -0.06372661705509673 -0.2934904239093979 0.10045886092717468 0 0 0 -0.10647523896464135 -0.49486206254385035 0.13538086226828738 0 0 0 0 0 0 -0.0 0.0 0.0 0.08808384764372577 -0.27645916827073763 0.10086187787292965 0 0 0 0.12869885359198788 -0.4185071531368607 0.07781184610157667 0 0 0 0 0 0 0 0 0 0 0 0 0 0 0 0 0 0 0 0 0 0 0 0 0 0 0 
0 0 0 0 0 0 0 0 0 0 0 0 0 0 0 0 0.0 0.0 0.0 -0.055783478992666446 -0.29924880181303265 0.12264235504225897 0 0 0 -0.10449582935470086 -0.4591563170536284 0.20735201717108734 0 0 0 0 0 0 -0.0 0.0 0.0 0.08674022116926886 -0.26707470502128716 0.12785756193703215 0 0 0 0.11453666298888945 -0.3818036018561436 0.17890499380476618 0 0 0 0 0 0 0 0 0 0 0 0 0 0 0 0 0 0 0 0 0 0 0 0 0 0 0 
0 0 0 0 0 0 0 0 0 0 0 0 0 0 0 0 0.0 0.0 0.0 -0.04986306365016401 -0.28891155823169884 0.13284465470509946 0 0 0 -0.09113869086466525 -0.4219940598285963 0.28733301391242766 0 0 0 0 0 0 -0.0 0.0 0.0 0.09071069089377004 -0.25045822558381536 0.14654021765839095 0 0 0 0.09671203235482516 -0.3349192922093382 0.2784865812043871 0 0 0 0 0 0 0 0 0 0 0 0 0 0 0 0 0 0 0 0 0 0 0 0 0 0 0 
0 0 0 0 0 0 0 0 0 0 0 0 0 0 0 0 0.0 0.0 0.0 -0.04146545338615141 -0.25160370079371264 0.15116273190349913 0 0 0 -0.06314855220961405 -0.4235505528602178 0.3403143736154207 0 0 0 0 0 0 -0.0 0.0 0.0 0.09838082054935929 -0.20288922848425336 0.17851787128846414 0 0 0 0.07457230790780389 -0.2934585718262057 0.34525361868893495 0 0 0 0 0 0 0 0 0 0 0 0 0 0 0 0 0 0 0 0 0 0 0 0 0 0 0 
0 0 0 0 0 0 0 0 0 0 0 0 0 0 0 0 0.0 0.0 0.0 -0.03539699850016759 -0.23271984827634667 0.17987704073184352 0 0 0 -0.05094762758728935 -0.44709914019598707 0.37550663688033736 0 0 0 0 0 0 -0.0 0.0 0.0 0.09649125372005428 -0.1594305381457638 0.20861842056305216 0 0 0 0.07005140413052388 -0.21605901991896184 0.42479106358485963 0 0 0 0 0 0 0 0 0 0 0 0 0 0 0 0 0 0 0 0 0 0 0 0 0 0 0 
0 0 0 0 0 0 0 0 0 0 0 0 0 0 0 0 0.0 0.0 0.0 -0.04332808365305163 -0.2221144659253271 0.1976029363861966 0 0 0 -0.048939658305780676 -0.39745359276716524 0.42999523707911036 0 0 0 0 0 0 -0.0 0.0 0.0 0.09594445227387749 -0.12805514930162443 0.2230867379554642 0 0 0 0.05242720490490248 -0.14540266051558115 0.5090560208862124 0 0 0 0 0 0 0 0 0 0 0 0 0 0 0 0 0 0 0 0 0 0 0 0 0 0 0 
0 0 0 0 0 0 0 0 0 0 0 0 0 0 0 0 0.0 0.0 0.0 -0.07205780753446779 -0.21183211164322757 0.18616094487327992 0 0 0 -0.06649477432965267 -0.34724966813325464 0.3822321570323853 0 0 0 0 0 0 -0.0 0.0 0.0 0.12711693722287012 -0.1065287403796435 0.21540395198001236 0 0 0 -0.0023616741909143306 -0.06334151630763396 0.5046914898670941 0 0 0 0 0 0 0 0 0 0 0 0 0 0 0 0 0 0 0 0 0 0 0 0 0 0 0 
0 0 0 0 0 0 0 0 0 0 0 0 0 0 0 0 0.0 0.0 0.0 -0.10063113439669538 -0.20906491012516967 0.16202037516843104 0 0 0 -0.1260877176757727 -0.34324740662931164 0.31379705635393224 0 0 0 0 0 0 -0.0 0.0 0.0 0.1690741233781501 -0.11266922898380642 0.1810403505749832 0 0 0 0.017999284833447232 -0.012326445796054488 0.48747080874789717 0 0 0 0 0 0 0 0 0 0 0 0 0 0 0 0 0 0 0 0 0 0 0 0 0 0 0 
0 0 0 0 0 0 0 0 0 0 0 0 0 0 0 0 0.0 0.0 0.0 -0.12541436328468974 -0.2125633408806093 0.1399307283275598 0 0 0 -0.18314439907504468 -0.35613166818092074 0.23324735627872115 0 0 0 0 0 0 -0.0 0.0 0.0 0.19840938983909465 -0.1255016911065384 0.14162858505983952 0 0 0 0.06967412005506149 -0.0021767430204529133 0.46664346011469027 0 0 0 0 0 0 0 0 0 0 0 0 0 0 0 0 0 0 0 0 0 0 0 0 0 0 0 
0 0 0 0 0 0 0 0 0 0 0 0 0 0 0 0 0.0 0.0 0.0 -0.14510914778804115 -0.2167945316253565 0.12093398802033208 0 0 0 -0.22636556226026716 -0.3686718110136499 0.1484141623991746 0 0 0 0 0 0 -0.0 0.0 0.0 0.2192056303029416 -0.1357164029925559 0.10456731189921532 0 0 0 0.1272582111293595 -0.01433706919242081 0.4228338944073815 0 0 0 0 0 0 0 0 0 0 0 0 0 0 0 0 0 0 0 0 0 0 0 0 0 0 0 
0 0 0 0 0 0 0 0 0 0 0 0 0 0 0 0 0.0 0.0 0.0 -0.15775849681026657 -0.219825981144522 0.10535509593445275 0 0 0 -0.2593344214735478 -0.3750266334402616 0.06528385022587173 0 0 0 0 0 0 -0.0 0.0 0.0 0.23467344719330133 -0.1407109136189619 0.07426528822030151 0 0 0 0.18675348957035623 -0.040867592880430174 0.350795291426812 0 0 0 0 0 0 0 0 0 0 0 0 0 0 0 0 0 0 0 0 0 0 0 0 0 0 0 
0 0 0 0 0 0 0 0 0 0 0 0 0 0 0 0 0.0 0.0 0.0 -0.1633847816958753 -0.22226386470479548 0.09244447865957653 0 0 0 -0.2870090016419729 -0.37722082816717567 -0.009853200650657685 0 0 0 0 0 0 -0.0 0.0 0.0 0.24308508084101127 -0.14186974747738954 0.052342042488191826 0 0 0 0.24712471616745776 -0.07984146818671306 0.24937123311161258 0 0 0 0 0 0 0 0 0 0 0 0 0 0 0 0 0 0 0 0 0 0 0 0 0 0 0 
0 0 0 0 0 0 0 0 0 0 0 0 0 0 0 0 0.0 0.0 0.0 -0.1662199874568869 -0.22444583677637195 0.0780781510293721 0 0 0 -0.3088186920315765 -0.37396719315992494 -0.069531788757578 0 0 0 0 0 0 -0.0 0.0 0.0 0.24420952195695056 -0.14258651234785913 0.03331386529417275 0 0 0 0.3058383163132444 -0.12714419494252535 0.12497316528765297 0 0 0 0 0 0 0 0 0 0 0 0 0 0 0 0 0 0 0 0 0 0 0 0 0 0 0 
0 0 0 0 0 0 0 0 0 0 0 0 0 0 0 0 0.0 0.0 0.0 -0.17062775977243852 -0.22430791082374554 0.05908908041425657 0 0 0 -0.3224209291753773 -0.3606540262682935 -0.11685282804674335 0 0 0 0 0 0 -0.0 0.0 0.0 0.24020426566791941 -0.1443422424845716 0.008814599026776884 0 0 0 0.3556972569687107 -0.17245512503103638 -0.006754294240720046 0 0 0 0 0 0 0 0 0 0 0 0 0 0 0 0 0 0 0 0 0 0 0 0 0 0 0 
0 0 0 0 0 0 0 0 0 0 0 0 0 0 0 0 0.0 0.0 0.0 -0.17818625609869432 -0.21769352798079225 0.03540990621617696 0 0 0 -0.32977403585998116 -0.3360870811914246 -0.16565269395258642 0 0 0 0 0 0 -0.0 0.0 0.0 0.2327954826375566 -0.14608870183562092 -0.02630326942056449 0 0 0 0.3852856801344446 -0.20207246649241303 -0.12566467192827313 0 0 0 0 0 0 0 0 0 0 0 0 0 0 0 0 0 0 0 0 0 0 0 0 0 0 0 
0 0 0 0 0 0 0 0 0 0 0 0 0 0 0 0 0.0 0.0 0.0 -0.1897799579921311 -0.20213456137089986 0.005617598881913472 0 0 0 -0.33197944472213636 -0.30125277392557365 -0.22344824911794162 0 0 0 0 0 0 -0.0 0.0 0.0 0.22386799986853828 -0.1456709880088113 -0.07135987933168722 0 0 0 0.3873402257051639 -0.20766410241767042 -0.21825109670089757 0 0 0 0 0 0 0 0 0 0 0 0 0 0 0 0 0 0 0 0 0 0 0 0 0 0 0 
0 0 0 0 0 0 0 0 0 0 0 0 0 0 0 0 0.0 0.0 0.0 -0.2039853916139865 -0.1798554244662139 -0.03046458897598086 0 0 0 -0.3286646495776379 -0.2591389629470054 -0.2865507316946075 0 0 0 0 0 0 -0.0 0.0 0.0 0.214974699977257 -0.14017022784436944 -0.11719466733979382 0 0 0 0.36580402131057865 -0.19323428555763209 -0.2867915957678089 0 0 0 0 0 0 0 0 0 0 0 0 0 0 0 0 0 0 0 0 0 0 0 0 0 0 0 
0 0 0 0 0 0 0 0 0 0 0 0 0 0 0 0 0.0 0.0 0.0 -0.21580857458143693 -0.15639138661976296 -0.06800268788486871 0 0 0 -0.3211615177760998 -0.2109151804551747 -0.3458439471425296 0 0 0 0 0 0 -0.0 0.0 0.0 0.20264040006364234 -0.12871293013233825 -0.15540336381164135 0 0 0 0.33029403468149676 -0.16941066537846294 -0.3502114371123403 0 0 0 0 0 0 0 0 0 0 0 0 0 0 0 0 0 0 0 0 0 0 0 0 0 0 0 
0 0 0 0 0 0 0 0 0 0 0 0 0 0 0 0 0.0 0.0 0.0 -0.218961210210876 -0.13568021536263913 -0.09877375362986307 0 0 0 -0.3132057469530944 -0.15441642201494507 -0.3929579084987006 0 0 0 0 0 0 -0.0 0.0 0.0 0.1803854393311891 -0.11413090940539296 -0.18665988883589915 0 0 0 0.2816004777786571 -0.13570263319163506 -0.4168280501815353 0 0 0 0 0 0 0 0 0 0 0 0 0 0 0 0 0 0 0 0 0 0 0 0 0 0 0 
0 0 0 0 0 0 0 0 0 0 0 0 0 0 0 0 0.0 0.0 0.0 -0.21429691591293104 -0.11706291850489763 -0.1295480088390628 0 0 0 -0.30608104214884735 -0.09384495814994591 -0.4292469257755285 0 0 0 0 0 0 -0.0 0.0 0.0 0.15528883372955407 -0.09756076812193724 -0.21016765031707504 0 0 0 0.2213531280485483 -0.08578687687962823 -0.47277413929651424 0 0 0 0 0 0 0 0 0 0 0 0 0 0 0 0 0 0 0 0 0 0 0 0 0 0 0 
0 0 0 0 0 0 0 0 0 0 0 0 0 0 0 0 0.0 0.0 0.0 0.19890557926073127 -0.07596983170816084 0.20937496136549777 0 0 0 0.27828718264351826 0.008063284543195067 0.5355186853094155 0 0 0 0 0 0 -0.0 0.0 0.0 -0.11427259849182568 -0.05881119930368575 0.24138126878927046 0 0 0 -0.09993766037709965 0.03019391645184054 0.5272258607034858 0 0 0 0 0 0 0 0 0 0 0 0 0 0 0 0 0 0 0 0 0 0 0 0 0 0 0 
