0 0 0 0 0 0 0 0 0 0 0 0 0 0 0 0 0.0 0.0 0.0 -0.03982448285782272 -0.26522511542489025 0.0521541198980447 0 0 0 -0.041145223441321266 -0.5190550829555738 -0.005182136907657402 0 0 0 0 0 0 -0.0 0.0 0.0 -0.07865374119477064 -0.3046976184088169 0.11191063140591655 0 0 0 -0.05035952176997934 -0.5636032523966527 -0.025728845928569055 0 0 0 0 0 0 0 0 0 0 0 0 0 0 0 0 0 0 0 0 0 0 0 0 0 0 0 
0 0 0 0 0 0 0 0 0 0 0 0 0 0 0 0 0.0 0.0 0.0 -0.04067892480279461 -0.26222206297746836 0.03271217846651954 0 0 0 -0.021332778234733493 -0.4634009853922344 -0.1781163883465848 0 0 0 0 0 0 -0.0 0.0 0.0 -0.0937529462128257 -0.3145886830986909 0.05747146819305514 0 0 0 -0.0987330763292047 -0.5422404385763212 -0.16613081921338624 0 0 0 0 0 0 0 0 0 0 0 0 0 0 0 0 0 0 0 0 0 0 0 0 0 0 0 
0 0 0 0 0 0 0 0 0 0 0 0 0 0 0 0 0.0 0.0 0.0 -0.057642031838939956 -0.2598836863153549 -0.021507082374142693 0 0 0 -0.012367678888917936 -0.38592296766421696 -0.2853411424997681 0 0 0 0 0 0 -0.0 0.0 0.0 -0.11920820384862645 -0.3367425834897413 -0.01930423755089577 0 0 0 -0.1360143553423107 -0.45859774649690477 -0.29220763638843544 0 0 0 0 0 0 0 0 0 0 0 0 0 0 0 0 0 0 0 0 0 0 0 0 0 0 0 
0 0 0 0 0 0 0 0 0 0 0 0 0 0 0 0 0.0 0.0 0.0 -0.04657010371923144 -0.25094256441387225 -0.10381164489672634 0 0 0 0.013332684942642182 -0.30095655754239525 -0.366345256446193 0 0 0 0 0 0 -0.0 0.0 0.0 -0.1451853260303048 -0.3238193219906535 -0.09022045930623608 0 0 0 -0.15139791654353413 -0.3463797266165237 -0.3965578574411306 0 0 0 0 0 0 0 0 0 0 0 0 0 0 0 0 0 0 0 0 0 0 0 0 0 0 0 
0 0 0 0 0 0 0 0 0 0 0 0 0 0 0 0 0.0 0.0 0.0 -0.049762935314193076 -0.21873586463012223 -0.12416358057193348 0 0 0 -0.008108359465181179 -0.2650281126429052 -0.4047457941012606 0 0 0 0 0 0 -0.0 0.0 0.0 -0.14833503255223174 -0.2801816830270313 -0.13410049433609053 0 0 0 -0.14178176280840804 -0.3327381567628054 -0.43781892361362895 0 0 0 0 0 0 0 0 0 0 0 0 0 0 0 0 0 0 0 0 0 0 0 0 0 0 0 
0 0 0 0 0 0 0 0 0 0 0 0 0 0 0 0 0.0 0.0 0.0 -0.06608765612380944 -0.23184739900089252 -0.12037171252231603 0 0 0 -0.009568852970853128 -0.2929554096614665 -0.3930742516623185 0 0 0 0 0 0 -0.0 0.0 0.0 -0.16144390928525293 -0.29377343712909476 -0.11422739660838022 0 0 0 -0.17076468701737343 -0.3569110243793625 -0.4029689869812106 0 0 0 0 0 0 0 0 0 0 0 0 0 0 0 0 0 0 0 0 0 0 0 0 0 0 0 
0 0 0 0 0 0 0 0 0 0 0 0 0 0 0 0 0.0 0.0 0.0 -0.06298695077386184 -0.2503254513944535 -0.0835455310064748 0 0 0 -0.024562637442305257 -0.3552537807379821 -0.32266130525856845 0 0 0 0 0 0 -0.0 0.0 0.0 -0.16044707932413574 -0.292785840524192 -0.07402939412469853 0 0 0 -0.19834558250545078 -0.4196603455155332 -0.2944769351637058 0 0 0 0 0 0 0 0 0 0 0 0 0 0 0 0 0 0 0 0 0 0 0 0 0 0 0 
0 0 0 0 0 0 0 0 0 0 0 0 0 0 0 0 0.0 0.0 0.0 -0.06873994676052254 -0.26114942317469103 -0.00851075206848134 0 0 0 -0.06569389669295728 -0.41643355302774937 -0.17940645006257455 0 0 0 0 0 0 -0.0 0.0 0.0 -0.16000743025577252 -0.2802651779148949 -0.026652780603274223 0 0 0 -0.19795792388210437 -0.47750249651118576 -0.13219885801723968 0 0 0 0 0 0 0 0 0 0 0 0 0 0 0 0 0 0 0 0 0 0 0 0 0 0 0 
0 0 0 0 0 0 0 0 0 0 0 0 0 0 0 0 0.0 0.0 0.0 -0.07137581778182493 -0.2576113735024871 0.04547456731731948 0 0 0 -0.08042392921446549 -0.44189127562571673 -0.05120310957081891 0 0 0 0 0 0 -0.0 0.0 0.0 -0.15888079016059234 -0.2700461083588946 0.03702430596964552 0 0 0 -0.19683477582850473 -0.49736458370548786 0.025979238806424786 0 0 0 0 0 0 0 0 0 0 0 0 0 0 0 0 0 0 0 0 0 0 0 0 0 0 0 
0 0 0 0 0 0 0 0 0 0 0 0 0 0 0 0 0.0 0.0 0.0 -0.0717507463629993 -0.24411439812560676 0.08702982544468094 0 0 0 -0.0832345387087382 -0.43435975752560135 0.05613350952625234 0 0 0 0 0 0 -0.0 0.0 0.0 -0.15434904997566978 -0.2590865937600061 0.09886137871822435 0 0 0 -0.18965224978801662 -0.4808520428325651 0.17202702041437706 0 0 0 0 0 0 0 0 0 0 0 0 0 0 0 0 0 0 0 0 0 0 0 0 0 0 0 
0 0 0 0 0 0 0 0 0 0 0 0 0 0 0 0 0.0 0.0 0.0 -0.07269903723066826 -0.23001621807449266 0.11007406454685392 0 0 0 -0.09224628856744936 -0.4038936549504458 0.1610664561110347 0 0 0 0 0 0 -0.0 0.0 0.0 -0.14597155091932243 -0.24767674725533181 0.14005162053326958 0 0 0 -0.17825525648534488 -0.41253144604375985 0.28750915212113015 0 0 0 0 0 0 0 0 0 0 0 0 0 0 0 0 0 0 0 0 0 0 0 0 0 0 0 
0 0 0 0 0 0 0 0 0 0 0 0 0 0 0 0 0.0 0.0 0.0 -0.07107071342521348 -0.21412742494652862 0.11565634614547346 0 0 0 -0.11330070600825859 -0.36720191658802065 0.25656105045688427 0 0 0 0 0 0 -0.0 0.0 0.0 -0.13190301381393976 -0.22888789660130712 0.16733615573589533 0 0 0 -0.16152531845854898 -0.34127948281359277 0.36351976845661904 0 0 0 0 0 0 0 0 0 0 0 0 0 0 0 0 0 0 0 0 0 0 0 0 0 0 0 
0 0 0 0 0 0 0 0 0 0 0 0 0 0 0 0 0.0 0.0 0.0 -0.05848758088664829 -0.20258157830160878 0.12797675036431602 0 0 0 -0.13022514829803994 -0.29949656927415896 0.3173834530573012 0 0 0 0 0 0 -0.0 0.0 0.0 -0.12574559260130178 -0.20308179692490944 0.195685732559743 0 0 0 -0.14961518579955949 -0.28602841980182087 0.45263903069449574 0 0 0 0 0 0 0 0 0 0 0 0 0 0 0 0 0 0 0 0 0 0 0 0 0 0 0 
0 0 0 0 0 0 0 0 0 0 0 0 0 0 0 0 0.0 0.0 0.0 -0.0489295542367116 -0.187742052679807 0.15043001024024116 0 0 0 -0.11554496613257906 -0.21454235625581547 0.36261474116368914 0 0 0 0 0 0 -0.0 0.0 0.0 -0.11251526786274813 -0.18412587076647755 0.23512674515029441 0 0 0 -0.11897246867433615 -0.23247585111617308 0.5329525873974302 0 0 0 0 0 0 0 0 0 0 0 0 0 0 0 0 0 0 0 0 0 0 0 0 0 0 0 
0 0 0 0 0 0 0 0 0 0 0 0 0 0 0 0 0.0 0.0 0.0 -0.0646735398126397 -0.17125180128295367 0.16043756659295064 0 0 0 -0.12025046701621364 -0.18438408296264439 0.4105701458961428 0 0 0 0 0 0 -0.0 0.0 0.0 -0.11069892465497747 -0.17012189455976343 0.23418262930859698 0 0 0 -0.07010791968903701 -0.17793852204392824 0.562181076386371 0 0 0 0 0 0 0 0 0 0 0 0 0 0 0 0 0 0 0 0 0 0 0 0 0 0 0 
0 0 0 0 0 0 0 0 0 0 0 0 0 0 0 0 0.0 0.0 0.0 -0.0781849139508907 -0.14761059742406335 0.16885846726597725 0 0 0 -0.09482527086682005 -0.15054868527292742 0.45181359229402795 0 0 0 0 0 0 -0.0 0.0 0.0 -0.16518327986177037 -0.11752008053322537 0.2198389110127214 0 0 0 -0.07331631130309742 -0.1375803258619987 0.5315519677715765 0 0 0 0 0 0 0 0 0 0 0 0 0 0 0 0 0 0 0 0 0 0 0 0 0 0 0 
0 0 0 0 0 0 0 0 0 0 0 0 0 0 0 0 0.0 0.0 0.0 -0.10045936472765468 -0.1468789267143188 0.17206912787980563 0 0 0 -0.062186850269415755 -0.12706208482043027 0.4556237928765521 0 0 0 0 0 0 -0.0 0.0 0.0 -0.21703742072946403 -0.08816781204108581 0.19809379552233058 0 0 0 -0.10685909279520361 -0.11020086690174251 0.4884527836271617 0 0 0 0 0 0 0 0 0 0 0 0 0 0 0 0 0 0 0 0 0 0 0 0 0 0 0 
0 0 0 0 0 0 0 0 0 0 0 0 0 0 0 0 0.0 0.0 0.0 -0.1197213168551051 -0.15785768686299917 0.1662009201107025 0 0 0 -0.0787745533794187 -0.14499596932267123 0.39508990911407454 0 0 0 0 0 0 -0.0 0.0 0.0 -0.2388694769507354 -0.11684791712911431 0.11713932130534263 0 0 0 -0.14238506001534407 -0.08645191131548428 0.4692946057360575 0 0 0 0 0 0 0 0 0 0 0 0 0 0 0 0 0 0 0 0 0 0 0 0 0 0 0 
0 0 0 0 0 0 0 0 0 0 0 0 0 0 0 0 0.0 0.0 0.0 -0.1325323471484021 -0.16714642031757942 0.15562851625878443 0 0 0 -0.1470230878779379 -0.20125124266832076 0.28280799692852243 0 0 0 0 0 0 -0.0 0.0 0.0 -0.2465937082269848 -0.14625096942273036 0.053505325820731864 0 0 0 -0.17263177431280458 -0.07179299085690437 0.4602232331440496 0 0 0 0 0 0 0 0 0 0 0 0 0 0 0 0 0 0 0 0 0 0 0 0 0 0 0 
0 0 0 0 0 0 0 0 0 0 0 0 0 0 0 0 0.0 0.0 0.0 -0.1474611993866752 -0.16807925368483997 0.13634244890738453 0 0 0 -0.2216448183359078 -0.2610612175755347 0.15983001091736376 0 0 0 0 0 0 -0.0 0.0 0.0 -0.26064827890193387 -0.15053835528652457 0.03621082509769165 0 0 0 -0.2032061437798215 -0.06866891806671382 0.4380853653324497 0 0 0 0 0 0 0 0 0 0 0 0 0 0 0 0 0 0 0 0 0 0 0 0 0 0 0 
0 0 0 0 0 0 0 0 0 0 0 0 0 0 0 0 0.0 0.0 0.0 -0.16989788733308409 -0.1589229470106595 0.10537776347190544 0 0 0 -0.244668149853617 -0.2647365967057715 0.0863173757971913 0 0 0 0 0 0 -0.0 0.0 0.0 -0.2799759217041086 -0.14943613793517538 0.022937623597631084 0 0 0 -0.24729658252207068 -0.0697740695548367 0.39026121867436825 0 0 0 0 0 0 0 0 0 0 0 0 0 0 0 0 0 0 0 0 0 0 0 0 0 0 0 
0 0 0 0 0 0 0 0 0 0 0 0 0 0 0 0 0.0 0.0 0.0 -0.17380326728074708 -0.1507883227469865 0.0829993046097519 0 0 0 -0.27316146372580563 -0.2572781436006227 0.006463094190870813 0 0 0 0 0 0 -0.0 0.0 0.0 -0.2948549554948004 -0.14537594997851536 -0.011932772360028618 0 0 0 -0.27337626131321596 -0.06265785959619276 0.3556653842092266 0 0 0 0 0 0 0 0 0 0 0 0 0 0 0 0 0 0 0 0 0 0 0 0 0 0 0 
0 0 0 0 0 0 0 0 0 0 0 0 0 0 0 0 0.0 0.0 0.0 -0.1705382680007097 -0.15006118862188084 0.04514596708864215 0 0 0 -0.30422168686899687 -0.2577227337619567 -0.08302292796267786 0 0 0 0 0 0 -0.0 0.0 0.0 -0.3051254782911448 -0.14375681953890435 -0.05632171980029025 0 0 0 -0.2830137432495172 -0.052695584896678686 0.33110295360755365 0 0 0 0 0 0 0 0 0 0 0 0 0 0 0 0 0 0 0 0 0 0 0 0 0 0 0 
0 0 0 0 0 0 0 0 0 0 0 0 0 0 0 0 0.0 0.0 0.0 -0.17118999879424238 -0.15155733335462443 -0.020725011470866132 0 0 0 -0.3157052638806396 -0.24540445981390613 -0.16901442545446738 0 0 0 0 0 0 -0.0 0.0 0.0 -0.3085297157287836 -0.13411011865698277 -0.08583963236249867 0 0 0 -0.2915632089497804 -0.04799341990595495 0.2901183162947213 0 0 0 0 0 0 0 0 0 0 0 0 0 0 0 0 0 0 0 0 0 0 0 0 0 0 0 
0 0 0 0 0 0 0 0 0 0 0 0 0 0 0 0 0.0 0.0 0.0 -0.16570461575238937 -0.1395667463457008 -0.06515318838258113 0 0 0 -0.29551989370288034 -0.2062155579521737 -0.25857829541044547 0 0 0 0 0 0 -0.0 0.0 0.0 -0.30577194728242507 -0.12490350080146323 -0.11201315558345083 0 0 0 -0.3030167535467603 -0.05358240332582548 0.22497966333265834 0 0 0 0 0 0 0 0 0 0 0 0 0 0 0 0 0 0 0 0 0 0 0 0 0 0 0 
0 0 0 0 0 0 0 0 0 0 0 0 0 0 0 0 0.0 0.0 0.0 -0.16145623599524908 -0.13131102813467588 -0.09213227254328923 0 0 0 -0.2685998099756458 -0.17535237208285778 -0.31866847858929287 0 0 0 0 0 0 -0.0 0.0 0.0 -0.295735106213162 -0.11809390262559202 -0.12320390848133338 0 0 0 -0.33844769155357934 -0.09081044622304137 0.030080916897163634 0 0 0 0 0 0 0 0 0 0 0 0 0 0 0 0 0 0 0 0 0 0 0 0 0 0 0 
0 0 0 0 0 0 0 0 0 0 0 0 0 0 0 0 0.0 0.0 0.0 -0.1610003542592031 -0.14494923156055511 -0.10017000854256546 0 0 0 -0.25668208184195246 -0.18637030273505711 -0.3289303874984817 0 0 0 0 0 0 -0.0 0.0 0.0 -0.2925388065802672 -0.12196790763283984 -0.19268941801338108 0 0 0 -0.3655765001389391 -0.13231668584537626 -0.227433622352304 0 0 0 0 0 0 0 0 0 0 0 0 0 0 0 0 0 0 0 0 0 0 0 0 0 0 0 
0 0 0 0 0 0 0 0 0 0 0 0 0 0 0 0 0.0 0.0 0.0 -0.15096679953736158 -0.18830498254810465 -0.08079303471650633 0 0 0 -0.2527340978832058 -0.258564138694773 -0.28195423593104013 0 0 0 0 0 0 -0.0 0.0 0.0 -0.21913601566151394 -0.1558711063930146 -0.22028349811529666 0 0 0 -0.3264712642989956 -0.22459326122725112 -0.4209936361336995 0 0 0 0 0 0 0 0 0 0 0 0 0 0 0 0 0 0 0 0 0 0 0 0 0 0 0 
0 0 0 0 0 0 0 0 0 0 0 0 0 0 0 0 0.0 0.0 0.0 -0.14089135975310504 -0.2026950202087429 -0.09672617548111062 0 0 0 -0.23836203803670888 -0.28685132951244 -0.2818339555837025 0 0 0 0 0 0 -0.0 0.0 0.0 -0.14564176642719373 -0.23862286169723945 -0.13905206579641263 0 0 0 -0.27619506711523284 -0.3895761036813789 -0.3606758721521348 0 0 0 0 0 0 0 0 0 0 0 0 0 0 0 0 0 0 0 0 0 0 0 0 0 0 0 
0 0 0 0 0 0 0 0 0 0 0 0 0 0 0 0 0.0 0.0 0.0 -0.1630172316568452 -0.23803582190401898 -0.13450638790546898 0 0 0 -0.23432594018339598 -0.326959362764062 -0.29226754292232343 0 0 0 0 0 0 -0.0 0.0 0.0 -0.07918585055419279 -0.29688515411440247 -0.06936138605178076 0 0 0 -0.19621544062004956 -0.5248727586032117 -0.24299015085329093 0 0 0 0 0 0 0 0 0 0 0 0 0 0 0 0 0 0 0 0 0 0 0 0 0 0 0 
0 0 0 0 0 0 0 0 0 0 0 0 0 0 0 0 0.0 0.0 0.0 -0.20922991554444395 -0.1841470791852227 -0.21935295491543835 0 0 0 -0.25618163117849846 -0.21389639506451685 -0.39669381243073315 0 0 0 0 0 0 -0.0 0.0 0.0 -0.05385498422246407 -0.3065733544612428 -0.04699500197232763 0 0 0 -0.15110077627283222 -0.5618286717823799 -0.187756369520054 0 0 0 0 0 0 0 0 0 0 0 0 0 0 0 0 0 0 0 0 0 0 0 0 0 0 0 
0 0 0 0 0 0 0 0 0 0 0 0 0 0 0 0 0.0 0.0 0.0 -0.1168822708736373 -0.009568341055943803 -0.2891010969110997 0 0 0 -0.16339173562511514 0.04271711396781473 -0.5443762071234479 0 0 0 0 0 0 -0.0 0.0 0.0 -0.004249512838798218 -0.31671630610659296 -0.003710292641361775 0 0 0 -0.03921241272638736 -0.6276633093881213 -0.04970590187679529 0 0 0 0 0 0 0 0 0 0 0 0 0 0 0 0 0 0 0 0 0 0 0 0 0 0 0 
