0 0 0 0 0 0 0 0 0 0 0 0 0 0 0 0 0.0 0.0 0.0 -0.005573972942284716 -0.26738291883728216 0.0015174519724449114 0 0 0 0.04532312460600548 -0.5288252179496382 -0.03114263720416032 0 0 0 0 0 0 -0.0 0.0 0.0 0.006403272444694127 -0.2679443567530383 -0.058034045764527864 0 0 0 0.1470638015406037 -0.48725299554384416 -0.04809758804811991 0 0 0 0 0 0 0 0 0 0 0 0 0 0 0 0 0 0 0 0 0 0 0 0 0 0 0 
0 0 0 0 0 0 0 0 0 0 0 0 0 0 0 0 0.0 0.0 0.0 -0.029569873754863613 -0.27885975379016376 -0.06523238023180036 0 0 0 0.021342836063811908 -0.48532927868978465 -0.19167063526810738 0 0 0 0 0 0 -0.0 0.0 0.0 -0.039066536551782514 -0.2307240173552976 -0.06352143056972281 0 0 0 0.09708230156016306 -0.43216421312502185 -0.06972040024912514 0 0 0 0 0 0 0 0 0 0 0 0 0 0 0 0 0 0 0 0 0 0 0 0 0 0 0 
0 0 0 0 0 0 0 0 0 0 0 0 0 0 0 0 0.0 0.0 0.0 -0.05892519535905167 -0.26137559877975924 -0.08224237965787584 0 0 0 -0.07211706114422457 -0.38855916093797 -0.28097289364465655 0 0 0 0 0 0 -0.0 0.0 0.0 -0.03908110904520927 -0.22732246516726334 -0.11141832909584937 0 0 0 0.12348982742715432 -0.4121283027462959 -0.07488045016509091 0 0 0 0 0 0 0 0 0 0 0 0 0 0 0 0 0 0 0 0 0 0 0 0 0 0 0 
0 0 0 0 0 0 0 0 0 0 0 0 0 0 0 0 0.0 0.0 0.0 -0.08002885443552422 -0.2426912727686965 -0.10662133366786512 0 0 0 -0.09815686300251138 -0.3163259099748108 -0.3159348211208995 0 0 0 0 0 0 -0.0 0.0 0.0 -0.04605031603898185 -0.1993059055703357 -0.1446940746992527 0 0 0 0.07148156084872193 -0.3528476693438325 -0.1820422416190817 0 0 0 0 0 0 0 0 0 0 0 0 0 0 0 0 0 0 0 0 0 0 0 0 0 0 0 
0 0 0 0 0 0 0 0 0 0 0 0 0 0 0 0 0.0 0.0 0.0 -0.08143943563105104 -0.22402890004008275 -0.12241391707232115 0 0 0 -0.10601086115581392 -0.2709376149593531 -0.3332899245054937 0 0 0 0 0 0 -0.0 0.0 0.0 -0.06434808393514847 -0.19185313077669913 -0.1791559403113994 0 0 0 0.006796684040387399 -0.2717160303640311 -0.33398671414817244 0 0 0 0 0 0 0 0 0 0 0 0 0 0 0 0 0 0 0 0 0 0 0 0 0 0 0 
0 0 0 0 0 0 0 0 0 0 0 0 0 0 0 0 0.0 0.0 0.0 -0.07926160927785648 -0.19090265231822254 -0.1660157465983652 0 0 0 -0.0886137730106425 -0.19538816899260428 -0.38608022178250023 0 0 0 0 0 0 -0.0 0.0 0.0 -0.08313125635000644 -0.17622901195176277 -0.20173803789652706 0 0 0 -0.0378128133391593 -0.17655650116612623 -0.416563187974594 0 0 0 0 0 0 0 0 0 0 0 0 0 0 0 0 0 0 0 0 0 0 0 0 0 0 0 
0 0 0 0 0 0 0 0 0 0 0 0 0 0 0 0 0.0 0.0 0.0 -0.06540680997494565 -0.19354853054277676 -0.15089043254342915 0 0 0 -0.07041121000298817 -0.19674379173852838 -0.36484653357669944 0 0 0 0 0 0 -0.0 0.0 0.0 -0.08251600214470592 -0.17566935235936038 -0.19906929839305468 0 0 0 -0.03740046117580428 -0.18835776020516962 -0.40854979560662463 0 0 0 0 0 0 0 0 0 0 0 0 0 0 0 0 0 0 0 0 0 0 0 0 0 0 0 
0 0 0 0 0 0 0 0 0 0 0 0 0 0 0 0 0.0 0.0 0.0 -0.06517721109351744 -0.20674688530349425 -0.12560968727763513 0 0 0 -0.05452624928206112 -0.24908887854056555 -0.3374074756636647 0 0 0 0 0 0 -0.0 0.0 0.0 -0.0923376458057818 -0.1915253230284191 -0.1670393962821624 0 0 0 -0.06455148893892788 -0.24292107206973573 -0.3738585352782934 0 0 0 0 0 0 0 0 0 0 0 0 0 0 0 0 0 0 0 0 0 0 0 0 0 0 0 
0 0 0 0 0 0 0 0 0 0 0 0 0 0 0 0 0.0 0.0 0.0 -0.07149801959896121 -0.21851870944452034 -0.08230833735769441 0 0 0 -0.043646327316875656 -0.3229998516638822 -0.2716886136955627 0 0 0 0 0 0 -0.0 0.0 0.0 -0.0977113140950812 -0.20546120098382092 -0.11970016449684688 0 0 0 -0.08431466552276101 -0.31942585153579595 -0.30131120059216393 0 0 0 0 0 0 0 0 0 0 0 0 0 0 0 0 0 0 0 0 0 0 0 0 0 0 0 
0 0 0 0 0 0 0 0 0 0 0 0 0 0 0 0 0.0 0.0 0.0 -0.07855441779983972 -0.22550409672358707 -0.029653982908392336 0 0 0 -0.042837986624718376 -0.3906319683385748 -0.1723717016881887 0 0 0 0 0 0 -0.0 0.0 0.0 -0.09883293827322363 -0.21658157010223542 -0.07158581960583989 0 0 0 -0.09219364930701004 -0.38905979813961944 -0.20366183329697118 0 0 0 0 0 0 0 0 0 0 0 0 0 0 0 0 0 0 0 0 0 0 0 0 0 0 0 
0 0 0 0 0 0 0 0 0 0 0 0 0 0 0 0 0.0 0.0 0.0 -0.07922093286099935 -0.22437409295524224 0.030887315389015235 0 0 0 -0.04373560369472621 -0.4287435755873 -0.05351762890783545 0 0 0 0 0 0 -0.0 0.0 0.0 -0.1016635973717991 -0.2168003121234004 -0.021639551226681514 0 0 0 -0.10693715307531625 -0.4279004588015785 -0.09161852647507414 0 0 0 0 0 0 0 0 0 0 0 0 0 0 0 0 0 0 0 0 0 0 0 0 0 0 0 
0 0 0 0 0 0 0 0 0 0 0 0 0 0 0 0 0.0 0.0 0.0 -0.0736802018689507 -0.20741773673344086 0.09039079815382707 0 0 0 -0.0503470154056146 -0.4236786181292489 0.08453223713634267 0 0 0 0 0 0 -0.0 0.0 0.0 -0.0994024221354143 -0.2049650663477166 0.029977643645828247 0 0 0 -0.11993665519884815 -0.4282945589801476 0.023717753484394755 0 0 0 0 0 0 0 0 0 0 0 0 0 0 0 0 0 0 0 0 0 0 0 0 0 0 0 
0 0 0 0 0 0 0 0 0 0 0 0 0 0 0 0 0.0 0.0 0.0 -0.06315554596021566 -0.19310165236687285 0.13686253698649645 0 0 0 -0.0642211317074679 -0.3887980855121155 0.22149118327577813 0 0 0 0 0 0 -0.0 0.0 0.0 -0.08392286283398807 -0.18151874040840202 0.08408572324270124 0 0 0 -0.11609779989653274 -0.39085507172360395 0.14364186469784 0 0 0 0 0 0 0 0 0 0 0 0 0 0 0 0 0 0 0 0 0 0 0 0 0 0 0 
0 0 0 0 0 0 0 0 0 0 0 0 0 0 0 0 0.0 0.0 0.0 -0.04764793034796301 -0.1639614593460278 0.17952100109863928 0 0 0 -0.0716381949882802 -0.3216382820356207 0.3323651280046296 0 0 0 0 0 0 -0.0 0.0 0.0 -0.07293250856171041 -0.15201336469527735 0.13485338463815388 0 0 0 -0.1056624408966586 -0.3259834151122314 0.2611389311782476 0 0 0 0 0 0 0 0 0 0 0 0 0 0 0 0 0 0 0 0 0 0 0 0 0 0 0 
0 0 0 0 0 0 0 0 0 0 0 0 0 0 0 0 0.0 0.0 0.0 -0.03535611463088454 -0.1263643369505299 0.21930162570802225 0 0 0 -0.06632285472259535 -0.24387527652937718 0.4138858739321729 0 0 0 0 0 0 -0.0 0.0 0.0 -0.07113747684178716 -0.11202129754699283 0.18357361642708653 0 0 0 -0.09385953371188109 -0.23927533642602616 0.3633032641525032 0 0 0 0 0 0 0 0 0 0 0 0 0 0 0 0 0 0 0 0 0 0 0 0 0 0 0 
0 0 0 0 0 0 0 0 0 0 0 0 0 0 0 0 0.0 0.0 0.0 -0.027922721264085446 -0.09941667341490773 0.244872079876845 0 0 0 -0.0465534162060259 -0.18964041433012735 0.4580524506760834 0 0 0 0 0 0 -0.0 0.0 0.0 -0.07698887899846378 -0.07836256307048685 0.2100531372663728 0 0 0 -0.09991171040803704 -0.163081910648758 0.41958815000586425 0 0 0 0 0 0 0 0 0 0 0 0 0 0 0 0 0 0 0 0 0 0 0 0 0 0 0 
0 0 0 0 0 0 0 0 0 0 0 0 0 0 0 0 0.0 0.0 0.0 -0.04518938226698061 -0.09562083933036743 0.24896662562204855 0 0 0 -0.052956758548794114 -0.18473118562276636 0.4623192323378606 0 0 0 0 0 0 -0.0 0.0 0.0 -0.0959084226405981 -0.056300103153183664 0.20949128799960046 0 0 0 -0.10840448083610948 -0.13595681875585408 0.42162448132314206 0 0 0 0 0 0 0 0 0 0 0 0 0 0 0 0 0 0 0 0 0 0 0 0 0 0 0 
0 0 0 0 0 0 0 0 0 0 0 0 0 0 0 0 0.0 0.0 0.0 -0.06449446428139062 -0.09692907100464566 0.23276468954914972 0 0 0 -0.06645382703308182 -0.20022680651833188 0.43001120137870713 0 0 0 0 0 0 -0.0 0.0 0.0 -0.11573681124059847 -0.04222911885997063 0.19274355405293198 0 0 0 -0.12851166584636758 -0.14187380380747164 0.3902585451770334 0 0 0 0 0 0 0 0 0 0 0 0 0 0 0 0 0 0 0 0 0 0 0 0 0 0 0 
0 0 0 0 0 0 0 0 0 0 0 0 0 0 0 0 0.0 0.0 0.0 -0.08194640702143663 -0.09622157956589722 0.19979737285116358 0 0 0 -0.10295811794603908 -0.2236261141494096 0.3717084706037771 0 0 0 0 0 0 -0.0 0.0 0.0 -0.12921565906998345 -0.034826911610010586 0.17588615813337352 0 0 0 -0.15379342991260903 -0.15301507863283256 0.35993877082560627 0 0 0 0 0 0 0 0 0 0 0 0 0 0 0 0 0 0 0 0 0 0 0 0 0 0 0 
0 0 0 0 0 0 0 0 0 0 0 0 0 0 0 0 0.0 0.0 0.0 -0.09746520193076444 -0.09980364520017124 0.16384155199937395 0 0 0 -0.14350954429765084 -0.25324648603720107 0.3054848038548022 0 0 0 0 0 0 -0.0 0.0 0.0 -0.1404903757249068 -0.03307397251668705 0.15870589407403576 0 0 0 -0.18865194857309936 -0.16319551895292034 0.3294100567744234 0 0 0 0 0 0 0 0 0 0 0 0 0 0 0 0 0 0 0 0 0 0 0 0 0 0 0 
0 0 0 0 0 0 0 0 0 0 0 0 0 0 0 0 0.0 0.0 0.0 -0.11075516879710898 -0.10995484433717681 0.1271331573182624 0 0 0 -0.1806703743857528 -0.28317223864641206 0.23392496337891025 0 0 0 0 0 0 -0.0 0.0 0.0 -0.1521468121698922 -0.035302064137116965 0.1398293198264354 0 0 0 -0.22914871909685147 -0.17399141623604691 0.29139284697260254 0 0 0 0 0 0 0 0 0 0 0 0 0 0 0 0 0 0 0 0 0 0 0 0 0 0 0 
0 0 0 0 0 0 0 0 0 0 0 0 0 0 0 0 0.0 0.0 0.0 -0.12131479085684864 -0.12061677810598835 0.0873620034108657 0 0 0 -0.21234063885094867 -0.3047427496875237 0.15642695773216464 0 0 0 0 0 0 -0.0 0.0 0.0 -0.16395234193514105 -0.03772252840011878 0.11861136360011076 0 0 0 -0.27043566549322745 -0.182602328164205 0.2427185688033786 0 0 0 0 0 0 0 0 0 0 0 0 0 0 0 0 0 0 0 0 0 0 0 0 0 0 0 
0 0 0 0 0 0 0 0 0 0 0 0 0 0 0 0 0.0 0.0 0.0 -0.12943465185773947 -0.12712542537338878 0.04517325161656699 0 0 0 -0.23610145754614362 -0.3149478721967699 0.07522075054940827 0 0 0 0 0 0 -0.0 0.0 0.0 -0.1757660020551924 -0.03792164291325227 0.09370237072433972 0 0 0 -0.30983732334209074 -0.1848447861938978 0.18406252153658148 0 0 0 0 0 0 0 0 0 0 0 0 0 0 0 0 0 0 0 0 0 0 0 0 0 0 0 
0 0 0 0 0 0 0 0 0 0 0 0 0 0 0 0 0.0 0.0 0.0 -0.13404806349260873 -0.12969088808474089 0.00418817020956828 0 0 0 -0.25116352923405805 -0.315079347697525 -0.006740599743238014 0 0 0 0 0 0 -0.0 0.0 0.0 -0.18813303440859677 -0.037064267188228195 0.06177780018343277 0 0 0 -0.3457143734450157 -0.18072004569262634 0.11530458408679625 0 0 0 0 0 0 0 0 0 0 0 0 0 0 0 0 0 0 0 0 0 0 0 0 0 0 0 
0 0 0 0 0 0 0 0 0 0 0 0 0 0 0 0 0.0 0.0 0.0 -0.13547642959349412 -0.12795514065880711 -0.03066404299195524 0 0 0 -0.2601097313937978 -0.3042845070729442 -0.08178399863296802 0 0 0 0 0 0 -0.0 0.0 0.0 -0.19881817521813544 -0.03713037992423647 0.018063476825311457 0 0 0 -0.3748100772419536 -0.17296421461066383 0.03195674110054309 0 0 0 0 0 0 0 0 0 0 0 0 0 0 0 0 0 0 0 0 0 0 0 0 0 0 0 
0 0 0 0 0 0 0 0 0 0 0 0 0 0 0 0 0.0 0.0 0.0 -0.13739127031350884 -0.12134826254205194 -0.061564132157628154 0 0 0 -0.2677029711488328 -0.282294292846648 -0.14886909940060022 0 0 0 0 0 0 -0.0 0.0 0.0 -0.20181929569774704 -0.03907561793689711 -0.035316014754608396 0 0 0 -0.38819761122617213 -0.16375035972894428 -0.0648426528137487 0 0 0 0 0 0 0 0 0 0 0 0 0 0 0 0 0 0 0 0 0 0 0 0 0 0 0 
0 0 0 0 0 0 0 0 0 0 0 0 0 0 0 0 0.0 0.0 0.0 -0.13797944029705858 -0.10964785683653946 -0.09510293651649165 0 0 0 -0.27111098577037945 -0.24907504599499125 -0.21698301227500386 0 0 0 0 0 0 -0.0 0.0 0.0 -0.19320675231507226 -0.04114825205888165 -0.0867922454751594 0 0 0 -0.3802079832962535 -0.15244064962689924 -0.16009086454966415 0 0 0 0 0 0 0 0 0 0 0 0 0 0 0 0 0 0 0 0 0 0 0 0 0 0 0 
0 0 0 0 0 0 0 0 0 0 0 0 0 0 0 0 0.0 0.0 0.0 -0.12942397284824128 -0.09101016926790938 -0.13317293350236928 0 0 0 -0.2595591421464386 -0.20440886047221019 -0.28830198708728644 0 0 0 0 0 0 -0.0 0.0 0.0 -0.17766041131151442 -0.03739652309223894 -0.13180527294503272 0 0 0 -0.3576882251546882 -0.14095969613620382 -0.24034068030762265 0 0 0 0 0 0 0 0 0 0 0 0 0 0 0 0 0 0 0 0 0 0 0 0 0 0 0 
0 0 0 0 0 0 0 0 0 0 0 0 0 0 0 0 0.0 0.0 0.0 -0.10899447219273592 -0.06976779204185637 -0.1678718813847219 0 0 0 -0.22655373320444228 -0.15944960681798992 -0.3506380448085942 0 0 0 0 0 0 -0.0 0.0 0.0 -0.16235686007098332 -0.034264682114788336 -0.173358345592716 0 0 0 -0.32668987811180683 -0.13029844831959403 -0.316674463490943 0 0 0 0 0 0 0 0 0 0 0 0 0 0 0 0 0 0 0 0 0 0 0 0 0 0 0 
0 0 0 0 0 0 0 0 0 0 0 0 0 0 0 0 0.0 0.0 0.0 -0.09631364343880838 -0.054113418028637165 -0.19337600691098894 0 0 0 -0.19372889100961962 -0.11587481882873686 -0.39837413772151636 0 0 0 0 0 0 -0.0 0.0 0.0 -0.15066457844268435 -0.03120165750936417 -0.21708978381674887 0 0 0 -0.28287644682885327 -0.10418627634981928 -0.4036250819720132 0 0 0 0 0 0 0 0 0 0 0 0 0 0 0 0 0 0 0 0 0 0 0 0 0 0 0 
0 0 0 0 0 0 0 0 0 0 0 0 0 0 0 0 0.0 0.0 0.0 -0.09805566594274441 -0.04886005509767226 -0.2237679453768989 0 0 0 -0.180429686362274 -0.06762473798941424 -0.44480101406352984 0 0 0 0 0 0 -0.0 0.0 0.0 -0.13437012375935198 -0.029376930314069807 -0.25606980217727426 0 0 0 -0.22254726124779026 -0.06285274301740064 -0.4819639764146407 0 0 0 0 0 0 0 0 0 0 0 0 0 0 0 0 0 0 0 0 0 0 0 0 0 0 0 
0 0 0 0 0 0 0 0 0 0 0 0 0 0 0 0 0.0 0.0 0.0 -0.1076699906523856 -0.03503470623015693 -0.2878400442145638 0 0 0 -0.15292466583175263 0.0243999238138349 -0.5376807676621393 0 0 0 0 0 0 -0.0 0.0 0.0 -0.08748821383673315 -0.022361782227535466 -0.3206178587810993 0 0 0 -0.10008473123985777 -0.007073856759581975 -0.5783755186768579 0 0 0 0 0 0 0 0 0 0 0 0 0 0 0 0 0 0 0 0 0 0 0 0 0 0 0 
