32868712 -658.786 610.748 2800.4 -670.132 412.6 2885.82 -675.091 219.342 2950.37 0 0 0 0 0 0 -827.754 394.222 2818.69 -834.023 102.697 2817.9 0 0 0 -767.289 -182.351 2802.83 0 0 0 0 0 0 -512.511 430.978 2952.95 -489.324 136.059 2880.52 0 0 0 -634.582 -105.328 2826.47 0 0 0 -766.018 16.0602 2978.31 -733.999 -386.92 2926.7 0 0 0 -670.031 -757.481 2961.28 -594.082 36.1072 3051.53 -547.8 -354.507 2947.06 0 0 0 -558.204 -717.353 2991.88
32902081 -657.782 606.933 2811.99 -669.45 408.139 2890.62 -674.089 213.667 2951.36 0 0 0 0 0 0 -828.26 391.667 2825.75 -836.126 106.749 2818.34 0 0 0 -767.446 -177.733 2801.01 0 0 0 0 0 0 -510.64 424.61 2955.48 -490.759 142.695 2881.73 0 0 0 -631.349 -102.409 2831.47 0 0 0 -765.368 10.2086 2976.72 -730.682 -393.776 2936.76 0 0 0 -664.772 -771.937 2956.37 -592.088 28.1811 3047.49 -539.825 -361.236 2940.24 0 0 0 -555.018 -731.579 2992.84
32935450 -663.338 601.498 2817.29 -674.956 402.852 2893.13 -680.209 207.688 2951.6 0 0 0 0 0 0 -835.405 388.817 2831.87 -836.554 105.411 2817.27 0 0 0 -765.788 -178.483 2798.46 0 0 0 0 0 0 -514.508 416.886 2954.38 -495.028 136.892 2881.68 0 0 0 -631.951 -110.198 2830.32 0 0 0 -773.019 4.86462 2976.65 -735.814 -398.937 2935.89 0 0 0 -671.329 -772.875 2958.4 -597.903 20.1824 3043.51 -549.936 -371.059 2940.37 0 0 0 -568.784 -728.838 3002.97
32968819 -667.852 609.012 2807.94 -679.181 411.627 2888.91 -684.698 217.427 2950.47 0 0 0 0 0 0 -841 397.947 2831.26 -837.109 100.548 2815.98 0 0 0 -762.539 -182.421 2798.07 0 0 0 0 0 0 -517.362 425.306 2946.56 -494.755 129.828 2881.08 0 0 0 -633.497 -116.417 2830.05 0 0 0 -778.506 15.7637 2980.58 -734.948 -388.203 2950.21 0 0 0 -672.31 -756.861 2958.64 -601.923 30.6912 3043.49 -547.932 -360.503 2942.9 0 0 0 -570.959 -707.923 3007.97
33002189 -664.959 606.122 2804.77 -676.65 409.476 2887.68 -682.47 215.909 2951.22 0 0 0 0 0 0 -839.704 396.563 2833.4 -838.446 109.748 2815.62 0 0 0 -764.58 -173.397 2797.22 0 0 0 0 0 0 -513.596 422.39 2941.96 -494.701 136.527 2881.9 0 0 0 -625.775 -114.321 2833.67 0 0 0 -777.256 15.2946 2985.14 -735.948 -388.617 2950.03 0 0 0 -665.186 -771.864 2958.42 -599.324 29.3866 3044.37 -543.274 -359.955 2937.75 0 0 0 -559.916 -715.005 3006.86
33035558 -666.025 604.905 2801.17 -679.166 408.753 2887.72 -685.665 216.306 2954.48 0 0 0 0 0 0 -842.337 395.535 2833.73 -839.09 108.281 2816.24 0 0 0 -761.767 -173.741 2795.3 0 0 0 0 0 0 -515.996 421.971 2941.71 -491.857 131.573 2883.59 0 0 0 -627.965 -115.427 2829.88 0 0 0 -781.175 16.6477 2991.78 -739.94 -386.995 2952.96 0 0 0 -671.158 -766.354 2960.57 -603.151 31.0686 3050.68 -550.221 -358.439 2942.86 0 0 0 -566.609 -717.159 3015.3
33068927 -673.491 608.62 2799.36 -686.456 411.379 2885.32 -691.87 218.069 2949.64 0 0 0 0 0 0 -851.912 400.541 2838.82 -838.746 106.377 2815.36 0 0 0 -764.832 -176.668 2796.01 0 0 0 0 0 0 -521 422.218 2931.82 -489.896 131.061 2884.63 0 0 0 -623.125 -117.869 2832.15 0 0 0 -787.656 18.8396 2988.57 -742.042 -383.28 2940.72 0 0 0 -674.583 -761.661 2950.77 -606.914 30.6793 3039.37 -551.118 -359.317 2934.73 0 0 0 -566.676 -721.309 2994.67
33102296 -670.882 607.713 2799.98 -685.237 411.326 2886.82 -691.729 218.095 2951.34 0 0 0 0 0 0 -851.483 402.121 2842.53 -841.533 110.606 2816.84 0 0 0 -762.035 -170.56 2793.56 0 0 0 0 0 0 -518.992 420.53 2931.11 -490.464 159.726 2883.93 0 0 0 -613.088 -73.142 2841.57 0 0 0 -788.889 19.844 2991.71 -739.742 -381.744 2942.33 0 0 0 -667.322 -763.893 2956.61 -607.554 29.8841 3040.02 -550.799 -363.211 2949.25 0 0 0 -561.434 -721.271 3002.21
33169035 -670.167 604.385 2799.29 -685.228 407.912 2887.83 -692.615 215.208 2953.83 0 0 0 0 0 0 -852.08 399.793 2845.45 -845.309 112.804 2811.09 0 0 0 -758.1 -165.864 2786.2 0 0 0 0 0 0 -518.377 416.032 2930.22 -485.701 155.39 2884.87 0 0 0 -610.839 -75.9771 2841.64 0 0 0 -791.018 18.0752 2996.71 -742.495 -382.814 2941.34 0 0 0 -667.087 -764.716 2959.75 -608.986 26.9333 3042.95 -552.146 -365.488 2948.82 0 0 0 -560.422 -726.695 3002.67
33228679 -670.73 601.464 2809.93 -687.043 403.65 2892.2 -696.26 209.327 2952.76 0 0 0 0 0 0 -853.621 397.875 2848.31 -849.225 111.639 2804.72 0 0 0 -756.461 -164.954 2776.83 0 0 0 0 0 0 -520.464 409.425 2936.09 -482.433 151.174 2882.06 0 0 0 -611.104 -78.8297 2842.05 0 0 0 -796.363 11.8524 2989.37 -743.287 -387.802 2929.46 0 0 0 -672.33 -768.202 2950.53 -614.594 18.1539 3037.26 -554.146 -372.705 2938.81 0 0 0 -567.617 -733.648 2995.67
33261972 -670.588 606.819 2815.26 -687.024 407.308 2893.76 -696.538 211.609 2949.62 0 0 0 0 0 0 -852.746 401.931 2846.7 -873.709 69.5907 2772.47 0 0 0 -764.86 -158.953 2682.91 0 0 0 0 0 0 -521.301 412.685 2940.82 -473.551 155.96 2887.25 0 0 0 -610.717 -68.6055 2844.65 0 0 0 -796.479 12.9753 2979.81 -737.733 -386.959 2928.1 0 0 0 -668.121 -758.876 2946.36 -615.625 18.8433 3031.17 -549.038 -371.114 2933.06 0 0 0 -567.049 -725.234 2998.11
33328558 -673.62 604.114 2817.92 -689.829 403.67 2893.67 -698.948 207.047 2946.36 0 0 0 0 0 0 -856.185 399.341 2848.72 -872.376 74.814 2758.73 0 0 0 -775.153 -146.993 2627.2 0 0 0 0 0 0 -523.473 407.999 2938.61 -465.618 132.621 2880.73 0 0 0 -609.638 -108.268 2821.5 0 0 0 -798.831 8.06151 2974.53 -742.948 -393.712 2937.51 0 0 0 -669.9 -765.431 2948.18 -617.302 12.7853 3023.57 -549.01 -377.803 2929.07 0 0 0 -568.225 -729.996 2994.01
33361851 -673.757 598.659 2819.25 -689.569 398.976 2893.64 -698.48 201.835 2944.52 0 0 0 0 0 0 -856.517 395.475 2850.84 -872.201 86.9183 2754.36 0 0 0 -781.393 -122.992 2590.26 0 0 0 0 0 0 -522.622 402.478 2936.44 -452.904 152.379 2876.03 0 0 0 -597.323 -65.5517 2824 0 0 0 -798.481 2.7838 2972.06 -738.997 -399.128 2941.4 0 0 0 -667.393 -765.527 2950.76 -616.299 6.60493 3018.76 -546.241 -386.828 2939.82 0 0 0 -563.757 -729.16 2996
33395144 -674.135 599.283 2818.43 -690.082 399.005 2893 -698.855 201.585 2942.9 0 0 0 0 0 0 -857.047 395.6 2850.17 -870.102 92.4628 2747.69 0 0 0 -788.338 -105.921 2558.16 0 0 0 0 0 0 -523.117 402.41 2935.82 -445.945 131.877 2863.7 0 0 0 -611.969 -96.0927 2811.9 0 0 0 -798.723 2.30775 2969.45 -736.41 -399.469 2941.34 0 0 0 -667.099 -761.595 2951.5 -616.535 6.02312 3016.17 -546.139 -388.426 2942 0 0 0 -564.103 -727.578 2998.81
33428437 -675.932 605.983 2819.01 -690.872 405.439 2893.76 -699.584 207.963 2943.51 0 0 0 0 0 0 -857.597 401.771 2850 -871.049 99.7291 2730.84 0 0 0 -792.963 -88.3677 2530.19 0 0 0 0 0 0 -524.148 409.108 2937.52 -445.6 137.165 2858.56 0 0 0 -625.038 -82.317 2818.19 0 0 0 -799.266 8.48579 2969.38 -738.139 -393.778 2945.17 0 0 0 -668.962 -754.883 2953.99 -617.327 12.4888 3017.13 -546.938 -383.83 2954.04 0 0 0 -566.233 -722.536 3003.15
33461730 -676.342 610.966 2819.79 -690.408 409.636 2894.55 -699.225 212.381 2945.17 0 0 0 0 0 0 -852.733 402.503 2838.48 -871.557 104.893 2724.41 0 0 0 -795.045 -62.9384 2505.93 0 0 0 0 0 0 -528.084 416.77 2950.62 -443.846 145.589 2850.16 0 0 0 -636.087 -64.6562 2824.98 0 0 0 -796.885 11.221 2965.1 -736.109 -390.921 2937.65 0 0 0 -666.329 -759.797 2949.23 -619.198 19.0293 3026.47 -543.736 -374.718 2953.97 0 0 0 -568.591 -723.959 3011.94
33495023 -676.419 607.261 2820.18 -689.986 407.178 2893.93 -699.215 210.191 2945.51 0 0 0 0 0 0 -850.151 398.407 2831.78 -869.3 108.465 2721.2 0 0 0 -795.528 -38.6176 2481.58 0 0 0 0 0 0 -529.82 415.95 2956.08 -440.013 156.27 2843.8 0 0 0 -639.504 -48.5958 2829.51 0 0 0 -795.767 8.42145 2963.22 -736.952 -394.091 2936.59 0 0 0 -667.973 -767.062 2951.79 -621.12 17.9858 3030.98 -543.551 -373.533 2949.13 0 0 0 -567.975 -726.797 3004.91
33528316 -678.13 606.795 2820.38 -691.54 406.802 2893.56 -700.956 209.996 2945.81 0 0 0 0 0 0 -850.549 397.062 2828.21 -873.158 114.738 2705.6 0 0 0 -796.838 -22.535 2460.44 0 0 0 0 0 0 -532.53 416.542 2958.9 -444.275 164.933 2843.43 0 0 0 -640.792 -43.4933 2830.14 0 0 0 -797.054 7.88069 2962.44 -738.468 -394.446 2932.61 0 0 0 -668.608 -765.15 2958.64 -623.691 18.4999 3033.68 -547.686 -370.251 2938.69 0 0 0 -565.283 -720.382 2999.83
33561609 -678.331 602.072 2809.96 -692.797 403.376 2889.88 -703.224 208.436 2948.19 0 0 0 0 0 0 -849.615 390.814 2819.85 -880.673 124.949 2688.74 0 0 0 -791.397 3.00675 2443.46 0 0 0 0 0 0 -535.98 415.938 2959.92 -445.109 171.947 2842.17 0 0 0 -638.067 -40.2346 2832.1 0 0 0 -799.21 6.64148 2968.3 -741.766 -396.037 2941.04 0 0 0 -667.764 -763.037 2968.09 -628.091 20.3494 3044.72 -550.698 -369.161 2953.36 0 0 0 -561.796 -718.605 3002.59
33594902 -675.222 601.253 2804.79 -690.993 402.148 2889.35 -702.721 208.41 2951.34 0 0 0 0 0 0 -849.241 390.268 2822.28 -885.299 123.943 2673.89 0 0 0 -794.655 28.9733 2423.89 0 0 0 0 0 0 -532.745 414.028 2956.41 -443.612 179.225 2843.61 0 0 0 -637.915 -32.0356 2835.95 0 0 0 -800.759 8.19258 2976.76 -741.817 -393.4 2939.93 0 0 0 -663.774 -761.806 2972.06 -628.14 21.1514 3049.91 -548.383 -365.149 2947.86 0 0 0 -551.115 -712.466 2994.02
33628195 -678.814 605.04 2802.68 -693.803 406.229 2888.46 -704.51 212.888 2951.98 0 0 0 0 0 0 -853.107 393.844 2823.91 -878.139 126.961 2656.44 0 0 0 -796.101 51.4731 2399.27 0 0 0 0 0 0 -534.499 418.615 2953.01 -409.46 207.774 2786.92 0 0 0 -479.332 44.6724 2665.97 0 0 0 -802.117 12.7901 2980.3 -739.663 -386.208 2927.51 0 0 0 -658.974 -757.598 2969.84 -628.318 26.3026 3050.72 -548.632 -358.257 2941.98 0 0 0 -545.783 -700.969 2989.69
33661488 -679.75 606.872 2800.16 -694.141 407.698 2884.01 -703.372 213.088 2943.72 0 0 0 0 0 0 -851.142 393.803 2814.45 -871.505 136.427 2643.76 0 0 0 -792.905 71.8218 2384.04 0 0 0 0 0 0 -537.14 421.593 2953.57 -385.662 204.949 2771.97 0 0 0 -400.754 84.6326 2578.8 0 0 0 -798.294 10.8929 2965.46 -736.65 -387.853 2908.6 0 0 0 -656.99 -760.995 2952.33 -626.91 26.0612 3041.4 -543.502 -355.689 2925.74 0 0 0 -544.911 -708.295 2977.63
33694781 -675.526 599.007 2799.36 -689.392 399.923 2882.63 -697.484 204.571 2940.11 0 0 0 0 0 0 -848.187 387.19 2817 -870.282 143.738 2638.36 0 0 0 -792.734 92.5479 2377.77 0 0 0 0 0 0 -530.597 412.656 2948.26 -376.863 201.444 2763.48 0 0 0 -358.914 119.02 2533.56 0 0 0 -792.217 2.27232 2961.78 -729.184 -397.614 2915.73 0 0 0 -657.433 -765.209 2959.36 -618.936 16.167 3033.4 -535.284 -368.383 2927.78 0 0 0 -542.214 -724.891 2981.45
33728074 -670.044 589.974 2800.97 -684.059 390.841 2882.64 -691.813 195.048 2938.72 0 0 0 0 0 0 -844.385 379.405 2820.54 -871.658 147.883 2621.67 0 0 0 -795.009 118.221 2358.7 0 0 0 0 0 0 -523.734 402.278 2944.73 -368.45 202.708 2757.74 0 0 0 -336.793 145.832 2506.68 0 0 0 -787.041 -6.98563 2960.92 -727.625 -408.061 2919.99 0 0 0 -659.029 -769.533 2959.68 -612.094 5.49377 3028.67 -533.084 -382.704 2933.62 0 0 0 -546.24 -730.685 2986.52
33761367 -670.654 593.217 2799.27 -683.755 392.984 2880.6 -690.771 196.83 2935.55 0 0 0 0 0 0 -845.139 382.093 2821.12 -873.34 160.95 2609.83 0 0 0 -794.089 139.187 2347.49 0 0 0 0 0 0 -522.372 403.876 2940.09 -360.235 200.343 2742.37 0 0 0 -324.167 175.462 2480.69 0 0 0 -785.829 -5.26692 2958.04 -726.997 -406.432 2916.27 0 0 0 -662.868 -762.41 2955.9 -609.743 6.61629 3022.94 -533.794 -383.612 2933.48 0 0 0 -553.679 -717.891 2985.39
33794660 -664.947 597.523 2791.43 -679.495 397.553 2876.17 -687.667 202.197 2933.7 0 0 0 0 0 0 -841.623 387.361 2818.53 -873.154 171.962 2600.93 0 0 0 -792.108 155.772 2340.29 0 0 0 0 0 0 -517.367 407.745 2933.8 -357.099 206.686 2736.68 0 0 0 -315.902 196.924 2469.76 0 0 0 -784.291 1.28174 2959.78 -725.17 -399.639 2915.76 0 0 0 -663.479 -758.509 2960.14 -607.388 12.4023 3022.67 -527.358 -378.393 2939.29 0 0 0 -555.661 -718.726 2989.29
33827953 -672.399 593.724 2795.01 -685.445 393.037 2874.74 -693.437 196.809 2929.21 0 0 0 0 0 0 -848.004 383.93 2818.08 -864.587 175.491 2592.46 0 0 0 -785.093 167.917 2332.88 0 0 0 0 0 0 -522.886 402.145 2931.39 -355.064 206.335 2729.85 0 0 0 -312.427 207.308 2460.79 0 0 0 -790.118 -4.38785 2952.77 -728.157 -403.867 2900.84 0 0 0 -670.349 -769.706 2947.69 -612.738 5.55032 3014.59 -531.085 -383.009 2922.82 0 0 0 -563.881 -731.601 2989.19
33861246 -670.783 590.023 2785.8 -685.403 390.814 2868.43 -694.988 195.46 2925.69 0 0 0 0 0 0 -848.087 382.256 2812 -860.29 176.743 2585.73 0 0 0 -780.464 175.167 2328.12 0 0 0 0 0 0 -522.719 399.372 2924.86 -348.025 215.168 2718.42 0 0 0 -313.191 213.912 2448.15 0 0 0 -793.334 -4.56364 2952.17 -721.854 -402.952 2904.94 0 0 0 -665.959 -768.19 2950.74 -615.812 4.77516 3013.74 -528.52 -382.309 2920.73 0 0 0 -559.832 -721.156 2990.78
33894539 -666.011 583.323 2772.15 -682.694 386.244 2862.14 -694.75 193.447 2926.65 0 0 0 0 0 0 -843.661 375.991 2801.41 -853.246 175.957 2582.29 0 0 0 -776.243 180.233 2325.32 0 0 0 0 0 0 -521.728 396.498 2922.86 -344.629 221.488 2707.71 0 0 0 -313.787 219.049 2438.65 0 0 0 -794.669 -4.9474 2958.02 -716.904 -401.527 2905.67 0 0 0 -666.21 -771.391 2954.53 -618.943 6.24638 3024.31 -524.679 -376.777 2922.24 0 0 0 -560.017 -725.718 2998.89
33927832 -660.102 582.744 2754.34 -679.679 390.065 2852.7 -694.224 200.474 2925.35 0 0 0 0 0 0 -839.297 377.854 2788.88 -844.209 175.55 2576.58 0 0 0 -769.577 184.307 2320.9 0 0 0 0 0 0 -520.062 402.276 2916.53 -347.424 220.167 2686.87 0 0 0 -313.573 220.993 2420.58 0 0 0 -795.866 4.22084 2963.16 -710.404 -387.605 2893.08 0 0 0 -669.557 -768.282 2946.48 -621.67 17.5469 3032.82 -516.049 -353.659 2905.35 0 0 0 -567.03 -718.336 3002.74
33961125 -655.812 575.075 2745.46 -676.072 383.388 2846.22 -691.281 194.526 2920.97 0 0 0 0 0 0 -834.927 370.219 2780.63 -837.616 173.284 2570.28 0 0 0 -763.14 186.122 2314.79 0 0 0 0 0 0 -517.217 396.557 2911.81 -346.228 219.572 2680.94 0 0 0 -310.706 218.801 2416.64 0 0 0 -793.155 -1.51988 2959.94 -701.852 -386.298 2865.53 0 0 0 -666.851 -788.922 2935.45 -619.824 12.8492 3031.51 -507.469 -350.507 2887.7 0 0 0 -564.227 -733.054 2984.85
33994418 -650.132 567.644 2740.52 -670.11 377.237 2842.88 -685.8 189.032 2919.36 0 0 0 0 0 0 -828.993 363.845 2777.33 -831.306 167.639 2566.13 0 0 0 -755.738 183.151 2313.55 0 0 0 0 0 0 -511.227 390.63 2908.43 -343.113 215.785 2671.96 0 0 0 -305.521 215.276 2409.44 0 0 0 -788.171 -6.4792 2960.08 -697.158 -389.622 2857.12 0 0 0 -663.268 -788.042 2938.49 -614.809 8.13399 3031.6 -505.793 -356.59 2887.2 0 0 0 -560.525 -734.899 2982.68
34027711 -646.633 556.264 2738.05 -666.4 367.465 2839.39 -681.857 179.127 2915.71 0 0 0 0 0 0 -827.25 356.046 2778.63 -824.157 158.822 2567.06 0 0 0 -751.435 174.661 2315.74 0 0 0 0 0 0 -505.55 378.884 2900.14 -332.06 203.887 2673.48 0 0 0 -303.026 205.334 2409.82 0 0 0 -785.121 -15.4435 2958.87 -691.079 -390.824 2833.82 0 0 0 -665.069 -793.503 2936.47 -609.508 -2.97676 3025.2 -501.838 -359.548 2861.46 0 0 0 -558.477 -743.7 2976.39
34061004 -641.787 550.998 2738.31 -659.898 361.386 2836.84 -674.227 171.96 2910.65 0 0 0 0 0 0 -821.704 350.863 2778.42 -823.099 145.928 2564.02 0 0 0 -744.232 159.317 2313.94 0 0 0 0 0 0 -498.093 371.91 2895.26 -331.052 185.924 2679.74 0 0 0 -297.456 189.512 2415.65 0 0 0 -776.83 -23.2084 2952.58 -678.312 -393.049 2814.41 0 0 0 -660.811 -795.534 2929.04 -600.283 -11.7263 3016.33 -497.733 -370.738 2853.72 0 0 0 -552.615 -745.042 2971.55
34094297 -637.157 537.902 2737.45 -654.723 346.951 2833.18 -668.276 156.84 2905.4 0 0 0 0 0 0 -817.124 336.908 2776.27 -816.06 128.973 2567.01 0 0 0 -738.605 138.529 2314.95 0 0 0 0 0 0 -492.322 356.993 2890.1 -317.535 171.954 2681.87 0 0 0 -283.877 168.218 2417.93 0 0 0 -770.428 -38.7497 2946.56 -673.317 -404.525 2796.51 0 0 0 -661.093 -803.912 2922.16 -593.229 -27.7922 3008.66 -493.991 -385.177 2840.12 0 0 0 -549.38 -754.723 2969.54
34127590 -629.721 514.863 2727.02 -647.835 325.905 2825.48 -662.467 136.997 2900.55 0 0 0 0 0 0 -810.78 316.473 2769.99 -816.016 106.974 2567.01 0 0 0 -737.171 110.794 2315.08 0 0 0 0 0 0 -484.891 335.337 2880.97 -313.751 145.989 2680.93 0 0 0 -278.701 135.933 2415.78 0 0 0 -766.003 -57.0573 2945.35 -661.291 -409.126 2771.44 0 0 0 -659.805 -805.489 2917.88 -588.196 -46.765 3005.9 -495.863 -407.778 2841.08 0 0 0 -548.18 -755.307 2962.84
34160883 -625.021 502.514 2728.79 -640.57 312.313 2822.62 -651.754 121.696 2893.71 0 0 0 0 0 0 -804.138 301.974 2769.17 -815.035 81.5096 2581.5 0 0 0 -732.21 67.0015 2330.94 0 0 0 0 0 0 -477.001 322.652 2876.08 -315.892 115.463 2688.44 0 0 0 -270.391 93.8178 2426.01 0 0 0 -752.19 -74.5635 2935.64 -607.373 -351.546 2697.64 0 0 0 -646.818 -804.103 2897.84 -573.686 -63.2804 2993.97 -499.306 -434.803 2846.21 0 0 0 -533.112 -757.176 2947.87
34194176 -613.837 492.684 2713.2 -630.455 305.842 2812.57 -643.34 117.994 2890.2 0 0 0 0 0 0 -795.088 296.395 2762.38 -821.946 63.1958 2601.79 0 0 0 -736.396 17.0802 2356.49 0 0 0 0 0 0 -465.821 315.29 2862.75 -311.872 96.7947 2702.22 0 0 0 -264.184 36.8646 2449 0 0 0 -746.068 -75.0092 2940.45 -598.734 -367.629 2711.07 0 0 0 -651.179 -786.725 2892.11 -566.381 -64.6981 2995.22 -509.721 -437.95 2843.75 0 0 0 -536.477 -744.758 2956.16
34227469 -605.718 473.184 2696.92 -623.567 291.298 2802.76 -637.769 105.529 2885.09 0 0 0 0 0 0 -789.796 284.188 2758.04 -830.887 50.028 2624.45 0 0 0 -738.954 -41.3848 2398.5 0 0 0 0 0 0 -457.338 298.409 2847.49 -311.34 79.4742 2724.6 0 0 0 -263.939 -24.1022 2493.24 0 0 0 -742.718 -84.1216 2942.99 -590.093 -422.928 2691.03 0 0 0 -655.885 -804.788 2866.18 -561.224 -76.3583 2991.82 -503.257 -428.045 2800.2 0 0 0 -534.795 -749.298 2939.03
34260762 -592.461 476.211 2686.76 -611.263 292.124 2793.1 -626.317 106.169 2875.04 0 0 0 0 0 0 -777.567 285.836 2748.28 -834.932 44.527 2645.73 0 0 0 -747.065 -96.866 2454.54 0 0 0 0 0 0 -444.96 298.412 2837.93 -310.658 64.727 2745.81 0 0 0 -270.654 -85.3948 2544.85 0 0 0 -732.08 -83.2157 2932.53 -570.653 -427.155 2648.55 0 0 0 -640.112 -791.977 2818.84 -550.662 -76.3562 2981.43 -490.242 -435.596 2802.36 0 0 0 -522.964 -735.279 2919.79
34294055 -584.836 469.603 2671.67 -604.257 287.383 2781.59 -620.071 102.794 2866.46 0 0 0 0 0 0 -770.838 281.444 2737.64 -845.957 33.7554 2678.37 0 0 0 -762.654 -149.354 2523.28 0 0 0 0 0 0 -437.676 293.321 2825.55 -310.319 52.3696 2770.4 0 0 0 -278.959 -141.755 2612.49 0 0 0 -726.764 -85.0355 2927.34 -559.784 -420.843 2612.32 0 0 0 -628.014 -794.754 2774.47 -545.008 -78.556 2975.31 -487.833 -440.709 2799.13 0 0 0 -520.677 -738.35 2911.45
34327348 -577.395 463.772 2655.62 -597.081 282.708 2767.35 -613.374 99.0114 2854.09 0 0 0 0 0 0 -763.57 276.533 2723 -851.479 24.3764 2710.68 0 0 0 -777.57 -191.879 2598.6 0 0 0 0 0 0 -430.593 288.883 2811.69 -311.662 46.6807 2798.2 0 0 0 -283.835 -179.794 2694.39 0 0 0 -720.501 -88.0543 2916.65 -542.798 -409.033 2574.06 0 0 0 -605.412 -792.989 2715.63 -538.831 -81.3162 2965.04 -485.373 -439.179 2778.55 0 0 0 -505.998 -739.331 2900.51
34360641 -574.073 454.842 2648.61 -593.075 274.347 2753.7 -609.127 89.21 2837.36 0 0 0 0 0 0 -758.642 267.258 2706.25 -859.208 31.1603 2746.35 0 0 0 -805.233 -208.199 2685.89 0 0 0 0 0 0 -427.507 281.436 2801.16 -314.298 43.8667 2822.1 0 0 0 -290.299 -201.634 2775.11 0 0 0 -715.533 -99.7959 2895.12 -534.56 -409.245 2535.36 0 0 0 -582.867 -799.723 2644.15 -534.825 -92.0585 2946.92 -469.207 -448.606 2761.52 0 0 0 -501.581 -749.026 2887.28
34393934 -571.337 454.448 2634.1 -589.067 272.961 2739.34 -605.458 88.0151 2823.41 0 0 0 0 0 0 -755.969 268.394 2696.75 -863.597 44.5754 2782.18 0 0 0 -832.238 -201.456 2776.85 0 0 0 0 0 0 -422.166 277.529 2781.92 -321.01 47.5141 2846.91 0 0 0 -297.036 -206.446 2843.55 0 0 0 -712.957 -99.4244 2884.24 -532.737 -391.395 2525.55 0 0 0 -558.89 -781.134 2588.95 -530.742 -94.438 2930.73 -468.672 -462.571 2769.84 0 0 0 -523.43 -804.907 2828.44
34427227 -560.762 458.372 2616.85 -579.728 275.282 2721.58 -596.574 89.7403 2804.26 0 0 0 0 0 0 -747.98 274.171 2684.8 -852.326 52.8137 2804.09 0 0 0 -859.102 -179.329 2875.42 0 0 0 0 0 0 -411.476 276.394 2758.36 -334.538 66.2435 2859.98 0 0 0 -309.593 -179.96 2910.82 0 0 0 -705.271 -96.4086 2866.86 -525.01 -382.373 2502.32 0 0 0 -528.087 -781.242 2515.02 -521.571 -95.1948 2907.02 -456.5 -468.603 2759.15 0 0 0 -540.447 -827.04 2800.64
34460520 -552.797 463.094 2599.72 -571.549 279.722 2704.25 -588.258 93.5027 2785.42 0 0 0 0 0 0 -739.96 278.918 2667.74 -841.462 70.1857 2830.44 0 0 0 -888.628 -125.742 2964.06 0 0 0 0 0 0 -403.138 280.527 2740.76 -347.271 91.1222 2865.99 0 0 0 -330.362 -130.673 2964.92 0 0 0 -696.808 -93.1555 2846.69 -538.777 -353.513 2512.22 0 0 0 -504.917 -779.871 2447.51 -513.124 -92.2782 2886.51 -449.061 -464.865 2735.08 0 0 0 -547.028 -813.794 2836.33
34493813 -553.473 462.288 2583.65 -571.261 276.292 2684.29 -587.879 88.4493 2761.56 0 0 0 0 0 0 -740.375 277.645 2651.21 -828.743 95.915 2839.83 0 0 0 -892.798 -77.5775 3009.34 0 0 0 0 0 0 -402.146 274.94 2717.37 -355.813 102.39 2882.41 0 0 0 -344.225 -92.6215 3035.21 0 0 0 -696.775 -98.6555 2820.78 -551.997 -348.155 2501.92 0 0 0 -506.86 -744.846 2406.75 -512.22 -100.131 2856.89 -456.87 -480.528 2723.43 0 0 0 -534.938 -848.557 2763.81
34527106 -549.297 459.721 2556.62 -567.945 274.266 2661.18 -585.362 87.3937 2740.63 0 0 0 0 0 0 -737.429 276.776 2629.93 -822.113 117.497 2848.59 0 0 0 -899.258 -21.5773 3047.87 0 0 0 0 0 0 -398.461 271.756 2692.43 -369.389 115.705 2880.7 0 0 0 -365.97 -46.3007 3068.1 0 0 0 -695.241 -98.1093 2803.02 -548.631 -340.584 2494.64 0 0 0 -496.697 -720.536 2379.42 -510.32 -100.848 2837.12 -448.924 -482.622 2709.45 0 0 0 -543.275 -833.595 2816.14
34560399 -543.364 457.811 2536.61 -563.375 271.721 2638.93 -582.15 83.5086 2714.77 0 0 0 0 0 0 -733.069 276.623 2609.08 -817.008 142.149 2848.85 0 0 0 -895.956 16.1127 3062.79 0 0 0 0 0 0 -393.68 266.819 2668.77 -352.355 148.981 2896.68 0 0 0 -374.094 7.43443 3106.78 0 0 0 -693.515 -102.029 2774.32 -548.337 -341.457 2470.41 0 0 0 -488.472 -708.557 2336.01 -508.337 -107.378 2806.89 -426.741 -472.278 2649.88 0 0 0 -539.275 -798.423 2810.22
34593692 -540.217 457.856 2516.1 -561.161 270.618 2613.92 -581.364 81.0556 2685.89 0 0 0 0 0 0 -730.572 276.8 2582.64 -791.491 161.06 2819.91 0 0 0 -867.405 49.9857 3040.88 0 0 0 0 0 0 -391.749 264.436 2645.19 -361.724 164.173 2887.12 0 0 0 -384.339 44.0591 3115.43 0 0 0 -693.998 -105.134 2740.8 -545.225 -339.661 2438.61 0 0 0 -484.116 -705.693 2307.02 -509.136 -111.88 2774.92 -434.465 -488.938 2646.08 0 0 0 -551.85 -814.877 2816.57
34626985 -535.372 457.114 2480.83 -557.055 271.532 2583.03 -578.11 83.5316 2658.75 0 0 0 0 0 0 -725.645 276.124 2547.55 -797.654 171.149 2816.62 0 0 0 -859.268 70.6949 3050.34 0 0 0 0 0 0 -388.466 266.939 2618.51 -364.865 174.162 2874.55 0 0 0 -377.75 82.5358 3118.18 0 0 0 -691.178 -101.962 2715.1 -533.338 -324.528 2410.71 0 0 0 -475.783 -695.646 2296.88 -507.151 -106.975 2753.82 -413.723 -470.245 2600.68 0 0 0 -539.618 -765.573 2813.92
34660278 -532.265 454.313 2455.7 -553.707 268.622 2557.99 -575.554 82.0279 2636.92 0 0 0 0 0 0 -722.446 273.621 2523.1 -798.32 174.568 2796.81 0 0 0 -885.508 98.1916 3033.1 0 0 0 0 0 0 -384.967 263.622 2592.88 -361.642 177.315 2848.88 0 0 0 -377.178 100.257 3099.95 0 0 0 -689.455 -101.838 2696.81 -528.841 -311.373 2385.79 0 0 0 -473.353 -687.069 2289.47 -505.35 -107.293 2734.88 -406.304 -466.008 2571.95 0 0 0 -526.407 -752.038 2805.08
34693571 -525.47 447.735 2419.67 -549.029 263.496 2526.5 -572.704 78.4724 2608.53 0 0 0 0 0 0 -718.427 271.642 2495.98 -803.968 171.157 2774.52 0 0 0 -874.519 82.9996 3014.74 0 0 0 0 0 0 -379.632 255.351 2557.02 -341.372 181.636 2824.45 0 0 0 -385.842 119.001 3075.83 0 0 0 -688.845 -102.105 2673.9 -528.091 -289.463 2350.28 0 0 0 -469.636 -668.186 2269.85 -503.912 -110.998 2707.22 -409.5 -480.431 2567.36 0 0 0 -525.296 -790.928 2769.14
34726864 -522.416 443.479 2393.63 -546.381 257.73 2496.02 -571.388 70.6694 2572.75 0 0 0 0 0 0 -715.773 268.023 2465.91 -815.125 163.873 2739.72 0 0 0 -869.503 71.4343 2984.01 0 0 0 0 0 0 -376.988 247.438 2526.14 -316.427 186.098 2786.27 0 0 0 -344.229 105.85 3035.81 0 0 0 -688.924 -110.769 2633.02 -521.121 -277.961 2308.44 0 0 0 -467.195 -659.574 2239.1 -503.865 -122.014 2665.92 -413.88 -498.697 2550.86 0 0 0 -521.571 -826.67 2729.89
34760157 -517.287 441.358 2359.1 -541.92 255.296 2462.5 -567.76 68.1451 2538.88 0 0 0 0 0 0 -710.888 265.328 2429.92 -827.058 156.932 2693.85 0 0 0 -853.277 55.6427 2926.5 0 0 0 0 0 0 -372.953 245.263 2495.08 -291.211 198.048 2739.13 0 0 0 -324.692 93.1178 2964.4 0 0 0 -686.152 -113.51 2597.42 -509.002 -289.984 2279.46 0 0 0 -455.328 -673.542 2221.31 -501.047 -124.501 2633.11 -433.134 -514.29 2534.8 0 0 0 -526.932 -856.048 2702.36
34793450 -512.184 442.117 2335.39 -538.859 253.783 2433.8 -566.835 64.4429 2503.47 0 0 0 0 0 0 -708.397 269.449 2408.3 -825.68 166.626 2624.38 0 0 0 -871.958 37.8879 2820.11 0 0 0 0 0 0 -369.322 238.117 2459.3 -261.804 200.449 2682.7 0 0 0 -280.166 71.22 2893.34 0 0 0 -685.47 -116.519 2559.5 -500.422 -286.212 2240.49 0 0 0 -451.407 -672.569 2203.29 -504.15 -133.274 2586.77 -453.133 -529.404 2504.97 0 0 0 -534.189 -880.357 2659.68
34826743 -505.374 433.666 2301.52 -534.417 247.62 2401.61 -564.82 59.0879 2472.63 0 0 0 0 0 0 -704.155 266.688 2379.57 -828.823 166.306 2559.23 0 0 0 -891.059 3.53578 2722.61 0 0 0 0 0 0 -364.679 228.552 2423.66 -238.878 195.75 2624.87 0 0 0 -220.138 54.8337 2828.53 0 0 0 -686.958 -119.139 2531.73 -492.666 -296.037 2221.48 0 0 0 -444.679 -683.789 2200.01 -503.488 -139.75 2555.56 -441.178 -513.834 2447.26 0 0 0 -471.738 -866.369 2455.48
34860036 -501.259 430.089 2278.08 -530.281 244.765 2377.41 -562.255 57.3442 2450.73 0 0 0 0 0 0 -700.198 267.678 2361.88 -833.364 151.115 2501.67 0 0 0 -911.636 -39.3514 2625.74 0 0 0 0 0 0 -360.365 221.852 2392.94 -211.376 183.422 2572.45 0 0 0 -155.409 33.0781 2760.68 0 0 0 -686.931 -117.576 2515.57 -487.122 -307.705 2216.65 0 0 0 -432.124 -694.073 2185.82 -501.528 -142.577 2532.51 -455.331 -536.623 2438.66 0 0 0 -485.622 -927.355 2447.85
34893329 -495.868 425.779 2252.36 -525.618 240.361 2352.6 -559.257 54.5411 2429.17 0 0 0 0 0 0 -695.437 266.774 2342.09 -827.129 134.513 2446.9 0 0 0 -930.014 -64.6412 2525.08 0 0 0 0 0 0 -355.8 213.948 2363.11 -187.117 171.258 2511.72 0 0 0 -85.3516 10.8917 2669.74 0 0 0 -686.018 -116.795 2499.97 -487.424 -304.531 2198.11 0 0 0 -423.87 -690.071 2171.86 -499.774 -145.763 2511.49 -466.456 -544.635 2434.01 0 0 0 -493.546 -935.605 2443.07
34926622 -488.869 416.992 2227.03 -520.901 233.086 2329.31 -556.98 48.552 2407.88 0 0 0 0 0 0 -690.085 264.425 2325.23 -834.518 126.731 2378.53 0 0 0 -947.981 -82.8513 2422.64 0 0 0 0 0 0 -351.717 201.746 2333.4 -163.497 159.179 2451.89 0 0 0 -21.3973 -5.44745 2564.35 0 0 0 -685.759 -118.81 2484.2 -490.527 -320.489 2189.31 0 0 0 -413.881 -703.338 2159.6 -500.358 -153.154 2488.68 -462.122 -534.417 2355.64 0 0 0 -436.664 -900.122 2241.76
34959915 -483.432 412.199 2207.79 -515.164 226.667 2308.24 -550.302 41.3534 2385.45 0 0 0 0 0 0 -684.239 259.211 2309.41 -830.279 114.382 2316.24 0 0 0 -959.914 -89.8506 2306.64 0 0 0 0 0 0 -346.09 194.123 2307.08 -139.777 154.07 2384.44 0 0 0 33.3951 -7.13876 2448.16 0 0 0 -682.671 -125.245 2463.32 -483.622 -335.867 2177.27 0 0 0 -409.959 -718.964 2141.66 -488.209 -162.675 2461.98 -463.121 -554.507 2352.2 0 0 0 -442.492 -931.401 2246.38
34993208 -478.158 403.804 2185.18 -510.475 220.082 2286.1 -545.892 35.3102 2364.51 0 0 0 0 0 0 -679.809 251.694 2284.1 -828.15 111.201 2246.61 0 0 0 -964.037 -85.1904 2188.9 0 0 0 0 0 0 -341.142 188.469 2288.09 -120.402 148.526 2316.22 0 0 0 75.5312 -1.43547 2335.32 0 0 0 -676.625 -131.667 2441.79 -478.881 -353.91 2163.74 0 0 0 -409.663 -738.394 2133.87 -485.992 -167.256 2444.04 -469.662 -564.716 2354.75 0 0 0 -453.371 -944.421 2258.67
35026501 -473.256 396.335 2167.37 -505.884 213.792 2267.75 -541.851 29.0515 2346.01 0 0 0 0 0 0 -675.227 241.85 2256.16 -821.072 107.591 2181.3 0 0 0 -959.568 -68.4508 2075.02 0 0 0 0 0 0 -336.542 185.735 2279.34 -108.697 143.258 2250.59 0 0 0 100.658 3.70128 2232.11 0 0 0 -672.579 -139.989 2417.79 -469.411 -316.838 2116.41 0 0 0 -419.655 -700.335 2141.61 -483.055 -171.39 2430.76 -438.427 -556.162 2305.89 0 0 0 -398.403 -925.893 2189.28
35059794 -467.239 389.029 2149.54 -497.279 206.302 2251.53 -529.651 22.0646 2332.39 0 0 0 0 0 0 -667.075 228.949 2235.15 -810.579 107.364 2116.68 0 0 0 -943.354 -46.383 1968.64 0 0 0 0 0 0 -327.483 183.656 2267.91 -105.406 135.13 2191.38 0 0 0 109.149 16.6916 2125.51 0 0 0 -662.524 -148.769 2403.56 -460.735 -374.413 2140.26 0 0 0 -392.66 -756.395 2133.79 -461.524 -175.578 2422.95 -431.37 -568.838 2319.75 0 0 0 -398.069 -944.43 2212.54
35093087 -461.76 382.917 2132.59 -488.545 199.599 2236.38 -516.459 15.4266 2318.97 0 0 0 0 0 0 -658.931 217.831 2219.45 -788.124 116.749 2061.46 0 0 0 -914.674 -7.93909 1878.54 0 0 0 0 0 0 -318.159 181.366 2253.31 -108.217 140.574 2129.73 0 0 0 102.713 25.7813 2032.65 0 0 0 -646.007 -157.87 2391.45 -447.923 -395.926 2131.64 0 0 0 -400.937 -781.401 2149.06 -442.74 -179.621 2411.65 -422.353 -577.997 2327.42 0 0 0 -394.81 -956.634 2229.7
35126380 -457.628 376.918 2117.58 -482.094 193.945 2220.74 -506.814 9.68005 2304.17 0 0 0 0 0 0 -652.954 209.96 2205.48 -759.19 130.431 2015.65 0 0 0 -874.299 26.9056 1808.52 0 0 0 0 0 0 -311.234 177.931 2235.99 -114.611 139.288 2070.36 0 0 0 85.8025 28.725 1938.5 0 0 0 -631.002 -165.263 2378.71 -438.075 -409.292 2117.99 0 0 0 -409.075 -793.469 2168.4 -432.066 -183.908 2396.48 -418.209 -585.605 2328.21 0 0 0 -395.423 -966.734 2239.35
35159673 -450.858 366.303 2099.08 -476.709 185.365 2205.36 -501.163 3.06015 2293.02 0 0 0 0 0 0 -647.706 201.321 2190.84 -731.068 138.343 1979.8 0 0 0 -828.411 56.4496 1752.64 0 0 0 0 0 0 -305.712 169.409 2219.87 -118.296 135.15 2013.68 0 0 0 64.0343 36.8121 1843.83 0 0 0 -621.835 -170.267 2372.51 -432.322 -423.289 2116.72 0 0 0 -412.524 -806.177 2186.48 -429.4 -188.223 2388.85 -419.912 -592.065 2333.76 0 0 0 -401.05 -975.229 2253.11
35192966 -444.65 358.628 2077.82 -472.485 179.702 2188.62 -497.555 -0.327367 2280.66 0 0 0 0 0 0 -643.223 194.017 2170.12 -723.588 142.222 1938.37 0 0 0 -792.449 86.0259 1693.71 0 0 0 0 0 0 -301.747 165.386 2207.13 -112.216 131.53 1963.35 0 0 0 37.4672 64.7948 1748.04 0 0 0 -616.985 -172.445 2362.48 -426.263 -414.473 2096.74 0 0 0 -415.818 -793.62 2188.07 -428.266 -188.268 2382.93 -421.708 -593.49 2338.61 0 0 0 -406.081 -978.314 2265.53
35226259 -441.299 351.251 2061.19 -469.941 173.982 2175.69 -495.564 -4.23315 2271.09 0 0 0 0 0 0 -640.049 185.291 2151.13 -710.361 132.171 1886.64 0 0 0 -763.038 116.699 1628.2 0 0 0 0 0 0 -299.833 162.673 2200.26 -112.69 130.21 1932.19 0 0 0 14.0343 99.1483 1687.65 0 0 0 -614.445 -176.248 2353.01 -410.691 -458.463 2092.42 0 0 0 -427.499 -830.109 2207.23 -427.93 -188.648 2379.95 -423.351 -594.757 2344.35 0 0 0 -410.389 -980.932 2278.21
35259552 -436.441 342.479 2042.36 -466.336 168.923 2162.56 -493.207 -6.68214 2262.3 0 0 0 0 0 0 -635.802 178.135 2133.12 -702.749 126.147 1838.27 0 0 0 -738.23 144.513 1571.32 0 0 0 0 0 0 -296.869 159.712 2192 -118.93 129.542 1904.1 0 0 0 -7.90126 130.913 1642.77 0 0 0 -612.741 -177.251 2345.95 -399.673 -482.824 2091.88 0 0 0 -437.508 -847.567 2223.72 -427.416 -187.324 2378.14 -424.181 -594.003 2349.59 0 0 0 -413.416 -981.277 2289.79
35292845 -434.955 336.281 2034.96 -467.244 162.493 2153.47 -494.921 -13.3785 2252.63 0 0 0 0 0 0 -635.996 169.983 2119.65 -693.866 120.562 1804.63 0 0 0 -714.373 160.897 1531.06 0 0 0 0 0 0 -298.491 155.004 2187.29 -124.956 128.271 1882.54 0 0 0 -23.3023 147.361 1612.62 0 0 0 -612.923 -185.242 2333.69 -395.763 -505.371 2082.71 0 0 0 -444.495 -864.289 2228.39 -432.275 -193.259 2369.89 -429.963 -600.302 2347 0 0 0 -421.008 -988.471 2292.98
35326138 -433.316 331.646 2023.28 -466.485 158.368 2143.99 -493.855 -16.7563 2244.59 0 0 0 0 0 0 -634.694 163.413 2107.01 -685.449 119.296 1781.31 0 0 0 -695.713 168.815 1501.73 0 0 0 0 0 0 -298.276 153.323 2180.97 -130.999 126.627 1864.78 0 0 0 -38.1722 159.001 1588.01 0 0 0 -613.109 -189.124 2325 -392.133 -512.153 2082.18 0 0 0 -446.115 -866.441 2238.54 -429.34 -194.637 2365.4 -427.667 -601.913 2347.07 0 0 0 -420.206 -990.808 2298.3
35359431 -432.486 326.497 2013.43 -465.875 154.357 2135.32 -493.008 -19.6366 2237.94 0 0 0 0 0 0 -633.888 157.999 2097.07 -681.735 119.653 1772.14 0 0 0 -681.698 171.07 1486.71 0 0 0 0 0 0 -297.861 150.715 2173.57 -132.014 128.809 1848.4 0 0 0 -46.3142 159.785 1565.94 0 0 0 -611.884 -191.641 2319.67 -390.708 -517.107 2083.4 0 0 0 -446.209 -870.594 2242.26 -428.396 -195.619 2361.44 -427.171 -603.045 2346.76 0 0 0 -420.943 -992.529 2302.76
35392724 -433.632 324.136 2008.51 -466.362 151.684 2129.85 -493.235 -22.4729 2232.29 0 0 0 0 0 0 -634.207 154.531 2090.66 -679.367 116.321 1764.57 0 0 0 -672.824 170.801 1477.11 0 0 0 0 0 0 -298.518 148.837 2169.04 -130.01 128.913 1834.71 0 0 0 -51.8716 159.05 1549.97 0 0 0 -611.152 -195.085 2313.48 -388.737 -521.237 2081.17 0 0 0 -448.458 -872.415 2244.07 -429.062 -198.174 2355.99 -428.154 -605.696 2344.24 0 0 0 -422.944 -995.659 2304.55
35426017 -434.325 322.771 2005.05 -466.174 150.529 2126.24 -492.756 -23.664 2228.71 0 0 0 0 0 0 -633.973 152.902 2086.75 -678.192 113.144 1758.27 0 0 0 -667.555 171.204 1469.66 0 0 0 0 0 0 -298.374 148.156 2165.74 -133.519 127.476 1833.86 0 0 0 -59.9774 158.165 1547.49 0 0 0 -610.891 -196.562 2309.63 -388.398 -522.889 2084.46 0 0 0 -452.289 -872.75 2248.92 -427.786 -199.152 2352.73 -427.107 -606.735 2343.33 0 0 0 -422.739 -997.087 2307.55
35459310 -438.177 320.353 2008.32 -467.728 147.096 2125.45 -493.17 -28.4446 2225.86 0 0 0 0 0 0 -635.776 149.454 2086.99 -677.605 109.08 1752.14 0 0 0 -664.724 168.732 1462.94 0 0 0 0 0 0 -299.679 144.737 2163.9 -136.768 128.233 1831.43 0 0 0 -64.9504 157.07 1545.74 0 0 0 -610.232 -202.699 2305.3 -388.42 -528.849 2084.75 0 0 0 -456.198 -880.688 2243.39 -426.992 -205.271 2347.24 -426.478 -612.894 2339.71 0 0 0 -422.807 -1003.56 2307.46
35492603 -438.614 320.327 2004.94 -467.916 147.125 2123.37 -493.819 -27.9443 2224.5 0 0 0 0 0 0 -635.948 149.718 2084.82 -677.794 108.036 1753.06 0 0 0 -664.581 162.776 1462.64 0 0 0 0 0 0 -299.885 144.532 2161.92 -136.876 127.603 1827.2 0 0 0 -63.5478 151.718 1540.03 0 0 0 -610.811 -201.608 2304.73 -403.446 -512.058 2091.85 0 0 0 -444.729 -870.261 2242.83 -428.631 -204.419 2346.53 -428.239 -612.067 2340.51 0 0 0 -425.147 -1002.99 2311.45
35525896 -436.682 321.516 2003.77 -467.154 148.588 2123.01 -493.655 -26.6172 2223.76 0 0 0 0 0 0 -635.178 151.842 2084.47 -678.381 106.039 1755.04 0 0 0 -665.59 157.77 1463.9 0 0 0 0 0 0 -299.13 145.335 2161.55 -135.923 128.788 1827.61 0 0 0 -65.681 153.062 1540.56 0 0 0 -611.512 -200.054 2303.55 -399.584 -514.518 2089.17 0 0 0 -449.808 -870.182 2244.47 -428.801 -203.592 2345.46 -428.499 -611.255 2340.64 0 0 0 -425.889 -1002.38 2314.46
35559189 -439.438 322.166 2008.18 -467.799 148.921 2124.47 -492.884 -27.1813 2224 0 0 0 0 0 0 -636.077 151.73 2087.03 -680.2 106.524 1752.53 0 0 0 -668.085 159.93 1462.02 0 0 0 0 0 0 -299.521 146.112 2161.91 -134.469 127.892 1826.3 0 0 0 -62.1665 147.924 1539.4 0 0 0 -610.736 -201.735 2302.88 -395.152 -520.714 2088 0 0 0 -455.457 -874.707 2244.05 -425.204 -204.833 2344.17 -424.971 -612.507 2340.31 0 0 0 -422.76 -1003.8 2316.73
35592482 -442.891 323.255 2009.88 -468.316 149.508 2125.7 -490.523 -26.9923 2225.18 0 0 0 0 0 0 -636.921 150.444 2089.73 -681.107 109.26 1747.77 0 0 0 -670.473 167.854 1458.65 0 0 0 0 0 0 -299.712 148.573 2161.68 -132.739 127.946 1826.64 0 0 0 -59.7075 144.961 1539.8 0 0 0 -607.351 -202.968 2304.47 -407.729 -510.711 2091.48 0 0 0 -439.94 -869.535 2242.67 -418.109 -204.018 2344.85 -417.928 -611.699 2341.77 0 0 0 -416.052 -1003.13 2320.53
35625775 -444.058 324.442 2010.73 -469.08 150.565 2126.7 -490.003 -26.1447 2226.1 0 0 0 0 0 0 -637.705 150.321 2090.77 -681.064 110.623 1744.89 0 0 0 -671.474 173.518 1454.83 0 0 0 0 0 0 -300.456 150.809 2162.62 -130.88 129.486 1822.82 0 0 0 -55.6934 146.485 1535.77 0 0 0 -603.88 -202.989 2305.71 -405.23 -514.252 2089.73 0 0 0 -447.815 -868.905 2249.04 -417.972 -202.72 2345.32 -417.83 -610.405 2342.85 0 0 0 -416.233 -1001.95 2323.72
35659068 -444.284 325.724 2011.66 -468.737 151.684 2128.45 -488.104 -25.1073 2228.03 0 0 0 0 0 0 -637.384 150.003 2092.67 -684.041 111.805 1746.95 0 0 0 -673.181 176.606 1458.02 0 0 0 0 0 0 -300.089 153.365 2164.23 -129.448 128.752 1823.91 0 0 0 -54.3683 145.579 1536.83 0 0 0 -601.365 -202.834 2307.7 -401.458 -518.479 2089.81 0 0 0 -449.798 -871.054 2252.98 -413.577 -200.962 2347.54 -413.465 -608.65 2345.57 0 0 0 -412.102 -1000.28 2328.34
