37257132 -611.881 612.127 2788.93 -613.602 410.052 2858.01 -606.518 213.373 2910.54 0 0 0 0 0 0 -776.704 390.319 2806.12 -792.322 99.9237 2796.51 0 0 0 -718.786 -165.967 2800.4 0 0 0 0 0 0 -450.501 429.786 2909.9 -416.304 133.94 2880.25 0 0 0 -570.453 -93.8877 2808.81 0 0 0 -687.826 5.99998 2934.95 -594.593 -390.74 2934.98 0 0 0 -649.335 -747.785 2967.73 -511.042 27.3891 2991.19 -427.237 -342.397 2841.37 0 0 0 -347.934 -722.216 2785.49
37290425 -618.982 611.661 2783.75 -620.957 412.137 2857.28 -614.855 216.443 2913.61 0 0 0 0 0 0 -784.182 392.185 2805.64 -798.229 106.866 2802.45 0 0 0 -726.673 -159.624 2801.69 0 0 0 0 0 0 -457.732 432.09 2908.92 -425.872 132.63 2882.32 0 0 0 -598.247 -78.6587 2797.7 0 0 0 -695.717 10.1187 2942.43 -602.271 -386.646 2942.43 0 0 0 -652.08 -743.11 2973.01 -521.789 31.38 2997.45 -461.118 -351.659 2871.7 0 0 0 -391.115 -733.712 2818.71
37323718 -616.339 608.376 2781.62 -621.615 409.809 2859.55 -618.615 215.207 2919.76 0 0 0 0 0 0 -783.105 389.79 2802.89 -803.01 108.356 2805.78 0 0 0 -737.708 -159.704 2803.07 0 0 0 0 0 0 -460.125 429.828 2916.21 -434.021 134.719 2880.51 0 0 0 -618.124 -65.7607 2789.48 0 0 0 -702.68 9.81235 2949.42 -604.671 -385.834 2946.31 0 0 0 -651.263 -747.202 2974.33 -528.551 31.3984 3010.51 -484.4 -360.353 2906.61 0 0 0 -422.61 -744.244 2856.79
37357011 -620.746 609.716 2779.63 -626.958 412.994 2860.44 -625.942 219.07 2922.98 0 0 0 0 0 0 -790.301 395.419 2808.6 -807.917 106.08 2809.75 0 0 0 -745.192 -162.652 2806.73 0 0 0 0 0 0 -463.615 430.569 2912.28 -443.482 136.894 2875.08 0 0 0 -631.695 -63.5581 2788.76 0 0 0 -711.308 15.8523 2958.11 -633.45 -383.75 2958.99 0 0 0 -662.219 -747.357 2974.44 -538.542 34.4409 3012.94 -506.17 -362.982 2927.97 0 0 0 -451.614 -748.381 2881.44
37390304 -624.293 613.359 2778.11 -632.374 415.855 2860.97 -632.837 222.343 2924.88 0 0 0 0 0 0 -796.223 399.455 2810.12 -809.478 109.98 2812.72 0 0 0 -751.781 -159.873 2809.91 0 0 0 0 0 0 -468.524 432.256 2911.81 -449.975 138.141 2871.68 0 0 0 -642.566 -59.5811 2786.69 0 0 0 -721.211 20.0321 2961.51 -654.181 -381.38 2951.15 0 0 0 -658.02 -753.818 2969.45 -545.388 37.6311 3016.07 -523.723 -332.544 2870.03 0 0 0 -485.223 -713.227 2922.87
37423597 -623.902 604.171 2777.37 -633.423 407.974 2862.84 -635.644 215.665 2930.21 0 0 0 0 0 0 -798.977 393.935 2817.31 -810.82 113.159 2815.38 0 0 0 -753.339 -156.793 2813.35 0 0 0 0 0 0 -467.87 422.013 2908.38 -459.34 144.586 2867.1 0 0 0 -646.016 -61.9473 2790.07 0 0 0 -727.485 15.7562 2972.93 -681.349 -387.85 2952.72 0 0 0 -654.223 -762.775 2976.46 -548.246 30.9558 3022.23 -517.339 -345.9 2883.06 0 0 0 -534.3 -704.122 3003.94
37456890 -629.261 609.825 2777.48 -638.502 412.837 2863.96 -640.925 220.532 2931.43 0 0 0 0 0 0 -804.411 399.264 2819.31 -813.168 108.83 2817.92 0 0 0 -754.447 -160.828 2813.21 0 0 0 0 0 0 -472.593 426.41 2908.6 -467.18 133.269 2862.99 0 0 0 -656.683 -72.3078 2789.27 0 0 0 -733.449 20.8563 2974.66 -696.597 -382.625 2938.31 0 0 0 -649.036 -761.702 2967.21 -553.246 35.5986 3023.15 -528.849 -352.355 2912.78 0 0 0 -566.676 -719.798 3018.92
37490183 -637.388 614.087 2789.03 -642.483 414.411 2869.37 -640.999 220.269 2931.02 0 0 0 0 0 0 -808.482 399.206 2825.48 -815.82 113.731 2820.6 0 0 0 -759.135 -156.313 2813.53 0 0 0 0 0 0 -476.484 429.616 2913.26 -473.848 134.025 2860.43 0 0 0 -651.284 -84.8049 2798.03 0 0 0 -729.881 17.8495 2968.78 -688.094 -385.028 2927.11 0 0 0 -650.903 -775.901 2953.38 -549.149 34.4039 3016.56 -513.91 -354.777 2907.36 0 0 0 -571.447 -722.064 3017.27
37656648 -638.729 608.377 2793.35 -655.286 394.716 2890.81 -639.292 196.886 2919.95 0 0 0 0 0 0 -820.734 374.864 2846.84 -823.012 115.069 2810.55 0 0 0 -757.96 -151.691 2788.32 0 0 0 0 0 0 -489.839 414.569 2934.77 -441.63 109.43 2873.15 0 0 0 -524.772 -108.783 2765.16 0 0 0 -713.463 -11.7635 2925.14 -689.057 -401.887 2913.39 0 0 0 -651.465 -791.551 2930.62 -533.134 9.87491 2973.05 -514.69 -374.149 2905.31 0 0 0 -570.455 -748.484 2996.69
37689941 -636.578 606.23 2796.62 -649.054 399.323 2884.97 -641.008 201.597 2924.51 0 0 0 0 0 0 -815.608 384.262 2843.55 -828.992 89.4891 2795.08 0 0 0 -769.49 -147.176 2694.1 0 0 0 0 0 0 -482.5 414.384 2926.4 -422.249 106.324 2875.09 0 0 0 -450.089 -111.308 2729.14 0 0 0 -724.021 -4.36247 2941.4 -702.004 -411.056 2951.41 0 0 0 -671.702 -779.811 2951.61 -541.902 12.1059 2986.69 -533.414 -389.219 2947.85 0 0 0 -594.076 -762.789 3044.51
37723234 -636.764 603.647 2797.17 -647.119 400.586 2882.15 -643.449 203.42 2928.84 0 0 0 0 0 0 -814.361 388.092 2842.54 -835.475 84.7249 2777.65 0 0 0 -784.442 -135.626 2631.69 0 0 0 0 0 0 -479.877 413.08 2921.77 -407.088 110.717 2864.56 0 0 0 -408.991 -109.315 2691.43 0 0 0 -731.124 -0.570023 2953.9 -696.848 -406.161 2969.35 0 0 0 -676.464 -783.41 2954.53 -548.436 13.0779 2997.17 -525.771 -388.82 2950.94 0 0 0 -596.16 -763.633 3037.47
37756527 -650.745 621.874 2796.88 -653.237 420.71 2878.62 -646.764 223.619 2927.72 0 0 0 0 0 0 -820.273 405.359 2839.03 -840.734 86.3635 2770.32 0 0 0 -792.544 -115.834 2592.68 0 0 0 0 0 0 -486.202 436.06 2918.22 -400.547 116.364 2852.8 0 0 0 -383.696 -93.5226 2656.37 0 0 0 -731.484 18.1486 2955.21 -693.32 -386.779 2947 0 0 0 -673.072 -765.419 2946.8 -549.098 34.9095 2998.44 -520.574 -365.787 2938.47 0 0 0 -589.529 -741.236 3025.54
37789820 -651.344 610.617 2797.71 -650.306 409.012 2876.52 -643.528 212.755 2929.85 0 0 0 0 0 0 -819.949 397.631 2856.2 -846.606 92.485 2761.18 0 0 0 -808.454 -87.1559 2554.95 0 0 0 0 0 0 -480.664 420.393 2896.84 -390.54 127.884 2835.83 0 0 0 -366.28 -67.371 2613.59 0 0 0 -729.946 10.2449 2972.02 -690.435 -394.647 2955.31 0 0 0 -672.323 -789.979 2961.04 -543.553 22.7497 2994.35 -509.749 -376.645 2924.96 0 0 0 -582.319 -750.663 3016.06
37823113 -649.921 603.657 2800.13 -648.563 402.615 2878.75 -641.069 206.534 2933.29 0 0 0 0 0 0 -819.368 392.147 2864.59 -853.777 101.72 2745.06 0 0 0 -819.781 -62.9962 2525.13 0 0 0 0 0 0 -477.758 413.082 2892.91 -384.752 128.96 2811.92 0 0 0 -352.228 -40.08 2579.16 0 0 0 -726.545 4.75635 2980.12 -690.698 -398.116 2938.26 0 0 0 -667.875 -786.677 2959.7 -540.604 16.1513 2995.54 -521.659 -386.85 2946.14 0 0 0 -586.454 -766.258 3015.94
37856406 -662.695 616.06 2788.78 -655.916 410.929 2872.71 -644.697 216.231 2931.45 0 0 0 0 0 0 -827.275 399.124 2866.31 -855.29 101.767 2734.43 0 0 0 -829.946 -35.9582 2493.28 0 0 0 0 0 0 -484.557 422.734 2879.12 -373.293 128.04 2790.91 0 0 0 -338.858 -12.3265 2544.06 0 0 0 -726.903 15.0975 2986.7 -688.449 -386.454 2932.81 0 0 0 -674.971 -770.227 2959.43 -540.053 27.9697 2993.68 -520.718 -375.159 2940.65 0 0 0 -590.936 -754.265 3008.94
37889699 -657.661 604.266 2793.68 -652.293 403.379 2877.1 -641.592 208.898 2936.93 0 0 0 0 0 0 -823.835 391.457 2869.03 -860.148 109.386 2730.2 0 0 0 -840.382 -7.59901 2470.64 0 0 0 0 0 0 -480.751 415.302 2885.18 -365.65 135.013 2771.95 0 0 0 -330.877 17.9569 2514.48 0 0 0 -724.359 7.91997 2992.35 -685.629 -392.491 2929.09 0 0 0 -672.887 -780.989 2957.64 -537.42 20.9124 3001.15 -512.104 -380.734 2938.92 0 0 0 -589.404 -755.757 3020.38
37922992 -658.445 600.164 2794.63 -652.473 400.251 2878.91 -641.982 206.142 2940.1 0 0 0 0 0 0 -824.027 387.9 2869.14 -872.081 118.196 2714.09 0 0 0 -849.448 21.9315 2447.93 0 0 0 0 0 0 -480.919 412.601 2888.67 -355.832 144.999 2759.48 0 0 0 -321.791 49.9002 2490.73 0 0 0 -725.034 5.3 2995.97 -688.787 -393.804 2923.01 0 0 0 -676.792 -778.014 2958.62 -537.948 18.7686 3006.62 -521.534 -383.128 2942.21 0 0 0 -592.304 -761.094 3016.31
37956285 -660.001 596.687 2795.59 -654.24 397.939 2879.93 -643.922 203.989 2941.73 0 0 0 0 0 0 -825.828 385.515 2869.59 -880.037 120.593 2704.52 0 0 0 -856.917 45.2584 2435.54 0 0 0 0 0 0 -482.652 410.364 2890.28 -349.914 153.496 2746.24 0 0 0 -317.011 80.9554 2470.76 0 0 0 -727.194 3.26262 2997.89 -691.581 -394.061 2915.22 0 0 0 -677.214 -777.729 2958.42 -540.015 16.8159 3009.18 -519.561 -381.621 2927.96 0 0 0 -592.875 -757.094 3011.93
37989578 -657.306 588.174 2797.07 -652.881 390.266 2882.68 -644.215 197.041 2946.92 0 0 0 0 0 0 -824.28 378.101 2869.21 -883.539 125.811 2692.74 0 0 0 -865.138 67.8169 2422.27 0 0 0 0 0 0 -481.482 402.431 2896.14 -349.976 160.721 2733.1 0 0 0 -313.652 106.028 2453.8 0 0 0 -729.068 -2.82149 3003.82 -692.524 -399.131 2916.25 0 0 0 -675.898 -784.926 2965.69 -542.028 10.4537 3018.52 -519.67 -386.965 2931.84 0 0 0 -593.543 -762.571 3015.52
38022871 -660.393 580.608 2799.32 -655.741 383.927 2885.18 -648.202 190.896 2950.19 0 0 0 0 0 0 -827.022 372.057 2869.8 -885.269 126.908 2676.36 0 0 0 -870.285 88.9246 2408.95 0 0 0 0 0 0 -484.461 395.797 2900.56 -346.988 165.853 2718.55 0 0 0 -314.699 127.705 2435.89 0 0 0 -734.11 -8.61206 3006.8 -693.346 -401.197 2906.06 0 0 0 -678.549 -788.195 2962.87 -547.214 4.33997 3023.59 -521.709 -388.259 2918.97 0 0 0 -596.963 -762.389 3008.06
38056164 -659.174 577.005 2799.94 -655.902 381.089 2886.21 -649.275 188.466 2952.53 0 0 0 0 0 0 -826.901 368.978 2868.12 -883.644 132.46 2657.17 0 0 0 -871.864 102.703 2391.12 0 0 0 0 0 0 -484.903 393.2 2904.3 -344.503 168.914 2713.77 0 0 0 -309.74 149.266 2431.36 0 0 0 -735.954 -10.7648 3008.98 -688.731 -398.674 2894.46 0 0 0 -672.589 -782.849 2957.13 -549.342 2.45212 3028.72 -517.856 -387.437 2915.38 0 0 0 -591.215 -762.376 3002.88
38089457 -660.926 582.884 2785.76 -657.74 388.598 2879.19 -651.289 197.669 2950.11 0 0 0 0 0 0 -827.929 374.332 2856.26 -878.399 132.783 2638.05 0 0 0 -875.815 121.148 2374.37 0 0 0 0 0 0 -487.551 402.865 2902.12 -344.827 170.395 2710.41 0 0 0 -308.764 165.098 2430.06 0 0 0 -737.735 -1.04691 3008.52 -684.353 -385.191 2884.21 0 0 0 -674.149 -770.122 2952.02 -551.941 14.5279 3033.55 -513.276 -368.447 2901.56 0 0 0 -591.171 -738.607 3003.14
38122750 -654.878 570.811 2793.21 -651.85 378.03 2884.42 -643.685 187.235 2955.6 0 0 0 0 0 0 -820.206 359.396 2853.79 -877.708 131.907 2631.57 0 0 0 -860.797 124.099 2368.39 0 0 0 0 0 0 -483.494 396.665 2915.06 -345.922 172.212 2712.25 0 0 0 -306.276 173.024 2434.51 0 0 0 -727.483 -13.7384 3010.05 -670.284 -391.805 2870.25 0 0 0 -662.39 -797.078 2958.26 -543.558 6.6192 3043.52 -498.701 -368.807 2893.45 0 0 0 -575.368 -737.276 3002.24
38156043 -647.379 558.847 2794.9 -645.497 366.008 2886.19 -636.961 175.387 2957.85 0 0 0 0 0 0 -812.938 345.48 2851.53 -873.861 130.959 2624.29 0 0 0 -844.892 130.962 2363.78 0 0 0 0 0 0 -478.056 386.536 2920.84 -341.468 173.603 2718.13 0 0 0 -297.448 178.704 2440.99 0 0 0 -719.743 -26.429 3010.6 -671.224 -401.02 2858.7 0 0 0 -658.655 -795.908 2956.86 -537.105 -4.03836 3048.41 -505.779 -381.387 2899.13 0 0 0 -576.268 -754.549 2994.64
38189336 -644.131 555.983 2797.75 -642.731 361.403 2888.02 -633.518 170.241 2958.15 0 0 0 0 0 0 -809.25 339.346 2849.77 -862.911 125.467 2621.16 0 0 0 -826.299 127.563 2362.75 0 0 0 0 0 0 -476.212 383.461 2926.28 -332.716 168.321 2731.07 0 0 0 -283.103 181.521 2454.3 0 0 0 -715.137 -32.9527 3007.41 -671.782 -405.78 2849.2 0 0 0 -661.99 -784.62 2947.47 -533.474 -8.88878 3049.14 -507.732 -384.119 2892.96 0 0 0 -582.007 -757.754 2984.38
38222629 -644.947 542.438 2800.65 -645.635 347.821 2890.54 -637.034 156.705 2960.89 0 0 0 0 0 0 -809.605 323.397 2844.23 -850.462 116.236 2617.56 0 0 0 -797.673 122.176 2359.99 0 0 0 0 0 0 -481.664 372.246 2936.84 -327.862 166.646 2746.52 0 0 0 -271.809 182.73 2469.49 0 0 0 -717.981 -47.7505 3005.96 -678.484 -415.86 2836.17 0 0 0 -672.152 -792.357 2945.37 -538.884 -21.0729 3056.53 -514.781 -396.191 2899.26 0 0 0 -589.262 -771.249 2984.83
38255922 -639.211 537.742 2800.07 -644.579 343.363 2891.87 -639.357 152.935 2964.29 0 0 0 0 0 0 -806.951 319.169 2839.96 -824.771 107.142 2615.23 0 0 0 -763.17 117.701 2360.55 0 0 0 0 0 0 -482.207 367.557 2943.78 -318.956 169.759 2753.71 0 0 0 -256.185 181.69 2479.61 0 0 0 -722.707 -50.69 3008.4 -674.595 -410.963 2825.04 0 0 0 -679.468 -784.222 2954.35 -545.561 -24.2948 3065.03 -513.335 -394.469 2898.09 0 0 0 -590.384 -767.766 2989.08
38289215 -635.732 523.823 2798.73 -646.034 331.701 2893.22 -644.786 142.767 2969.47 0 0 0 0 0 0 -805.343 306.453 2833.26 -802.496 106.143 2609.51 0 0 0 -723.901 117.167 2358.94 0 0 0 0 0 0 -486.725 356.95 2953.18 -313.565 167.231 2767.28 0 0 0 -237.684 179.838 2501.49 0 0 0 -730.513 -59.9529 3012.98 -674.705 -412.287 2816.93 0 0 0 -674.084 -778.85 2937.6 -556.563 -32.3838 3078.45 -513.302 -397.667 2903.62 0 0 0 -596.468 -769.421 2995.61
38322508 -631.164 514.976 2798.58 -646.211 322.821 2893.97 -648.298 133.914 2970.33 0 0 0 0 0 0 -801.73 296.781 2825.3 -771.756 101.573 2599.17 0 0 0 -684.479 116.602 2351.92 0 0 0 0 0 0 -490.692 348.861 2962.64 -316.277 156.049 2778.55 0 0 0 -216.922 175.388 2529.13 0 0 0 -735.29 -69.2103 3009.2 -669.946 -412.919 2801.26 0 0 0 -667.886 -781.962 2922.8 -565.48 -40.7774 3084.18 -509.662 -397.295 2896.01 0 0 0 -592.055 -768.613 2990.64
38355801 -631.636 519.972 2798.58 -647.419 325.134 2892.28 -649.807 135.154 2965.98 0 0 0 0 0 0 -799.358 297.635 2816.47 -749.812 97.739 2587.6 0 0 0 -647.818 114.751 2346.51 0 0 0 0 0 0 -495.48 352.633 2968.09 -312.57 152.568 2792.75 0 0 0 -193.131 180.612 2556.8 0 0 0 -735.088 -69.8276 2998.32 -666.228 -415.211 2793.7 0 0 0 -658.876 -785.922 2915.48 -569.302 -39.8223 3081.04 -504.063 -390.887 2885.48 0 0 0 -588.536 -763.231 2973.95
38389094 -622.734 515.391 2799.04 -643.547 321.039 2891.86 -648.183 131.021 2965.4 0 0 0 0 0 0 -792.341 293.019 2810.07 -724.407 93.8697 2585.26 0 0 0 -607.486 112.745 2351.51 0 0 0 0 0 0 -494.753 349.059 2973.64 -314.276 151.753 2810.33 0 0 0 -175.896 177.186 2587.22 0 0 0 -733.976 -74.2799 2994.33 -663.998 -420.725 2791.52 0 0 0 -654.46 -794.122 2920.71 -571.664 -43.7143 3083.54 -498.6 -392.387 2886.06 0 0 0 -585.96 -762.001 2982.55
38408007 -597.075 520.078 2809.68 -630.473 324.217 2898.56 -647.021 134.269 2969.56 0 0 0 0 0 0 -776.467 303.854 2810.06 -703.223 87.9476 2585.56 0 0 0 -567.072 109.247 2360.38 0 0 0 0 0 0 -484.479 344.579 2987.05 -311.557 148.756 2836.46 0 0 0 -152.125 182.736 2625.38 0 0 0 -743.304 -66.8001 2992.24 -675.044 -413.802 2789.61 0 0 0 -664.093 -786.325 2923.83 -583.836 -44.5583 3088.9 -505.142 -388.102 2884.6 0 0 0 -594.035 -754.708 2990.49
38455680 -581.984 493.591 2814.4 -624.394 297.998 2900.18 -647.44 108.05 2969.6 0 0 0 0 0 0 -762.31 278.133 2800.03 -684.074 88.9635 2586.06 0 0 0 -530.953 108.657 2369.78 0 0 0 0 0 0 -486.479 317.863 3000.32 -308.694 145.205 2854.99 0 0 0 -129.985 189.724 2662.84 0 0 0 -746.136 -92.7953 2984.08 -662.898 -421.252 2768.42 0 0 0 -655.751 -812.36 2919.69 -594.834 -71.0018 3093.94 -497.918 -401.198 2879.16 0 0 0 -586.869 -766.947 2988.24
38488973 -578.353 480.931 2815.36 -625.673 285.568 2898.43 -652.831 95.4416 2966.15 0 0 0 0 0 0 -756.053 265.135 2788.78 -660.502 83.4662 2586.92 0 0 0 -499.521 103.109 2380.76 0 0 0 0 0 0 -495.292 306.002 3008.08 -304.767 148.511 2870.85 0 0 0 -116.21 193.751 2686.84 0 0 0 -751.273 -105.857 2973.92 -664.712 -451.021 2783.66 0 0 0 -654.531 -802.16 2918.24 -608.705 -83.5132 3093.82 -509.41 -421.773 2891.65 0 0 0 -601.094 -790.383 2987.32
38522266 -573.865 472.337 2819.89 -625.075 277.028 2900.22 -656.461 87.05 2966.67 0 0 0 0 0 0 -750.323 257.172 2784.3 -659.244 71.2359 2576.39 0 0 0 -472.8 102.936 2397.02 0 0 0 0 0 0 -499.827 296.885 3016.14 -302.84 140.685 2882.83 0 0 0 -109.597 190.211 2705.8 0 0 0 -756.173 -113.761 2969.89 -653.056 -460.983 2788.31 0 0 0 -658.11 -796.873 2916.33 -619.522 -92.0961 3096.36 -493.046 -421.562 2895.56 0 0 0 -602.831 -781.507 3002.39
38555559 -551.364 480.286 2840.15 -611.741 279.491 2910.67 -651.456 88.4842 2968.24 0 0 0 0 0 0 -732.658 268.025 2789.21 -650.528 60.0538 2572.11 0 0 0 -448.591 103.054 2411.3 0 0 0 0 0 0 -490.824 290.957 3032.12 -304.829 135.825 2893.33 0 0 0 -105.694 183.037 2726.62 0 0 0 -757.205 -108.784 2959.48 -638.573 -447.504 2769.73 0 0 0 -660.585 -780.44 2916.94 -625.136 -96.2607 3092.14 -482.482 -416.324 2886.29 0 0 0 -598.415 -774.061 2995.31
38588852 -544.005 483.376 2842.38 -611.409 284.182 2913.01 -657.711 94.1192 2969.12 0 0 0 0 0 0 -731.888 277.332 2790.4 -642.303 59.0335 2572.1 0 0 0 -434.277 103.555 2416.78 0 0 0 0 0 0 -490.931 291.033 3035.61 -301.389 133.911 2902.64 0 0 0 -98.3939 174.746 2742.44 0 0 0 -769.668 -99.6771 2958.43 -642.089 -438.533 2773.19 0 0 0 -672.395 -775.079 2928.14 -638.356 -92.2109 3092.06 -490.688 -411.565 2887.44 0 0 0 -601.564 -770.325 2999.03
38622145 -543.303 479.554 2853 -612.95 281.647 2916.54 -662.05 90.1718 2964.94 0 0 0 0 0 0 -734.112 281.83 2794.35 -639.177 57.5421 2573.02 0 0 0 -426.821 103.812 2419.4 0 0 0 0 0 0 -491.788 281.465 3038.73 -305.311 120.478 2904.88 0 0 0 -95.6578 171.471 2756.57 0 0 0 -777.25 -101.204 2946.68 -631.864 -428.509 2754.21 0 0 0 -665.448 -782.114 2916.97 -645.051 -101.403 3080 -478.634 -412.204 2876.98 0 0 0 -592.783 -771.518 2983.71
38655438 -547.154 469.365 2846.78 -616.598 271.684 2906.52 -667.388 79.957 2952.77 0 0 0 0 0 0 -734.839 272.813 2781.34 -633.566 57.2577 2571.49 0 0 0 -419.015 105.018 2420.55 0 0 0 0 0 0 -498.356 270.554 3031.7 -310.134 113.234 2905.93 0 0 0 -106.937 166.413 2758.46 0 0 0 -782.655 -111.154 2930.75 -633.312 -446.389 2755.54 0 0 0 -663.771 -794.768 2915.36 -653.701 -112.385 3067.27 -489.942 -436.041 2883.57 0 0 0 -605.261 -794.032 2993.72
38688731 -560.344 454.139 2844.18 -626.91 257.704 2902.55 -676.391 65.3339 2947.92 0 0 0 0 0 0 -745.539 258.748 2777.59 -638.795 53.6334 2567.75 0 0 0 -422.509 99.4577 2425.34 0 0 0 0 0 0 -508.281 256.66 3027.52 -314.074 110.619 2907.46 0 0 0 -118.294 152.119 2748.84 0 0 0 -790.56 -126.467 2925.14 -636.636 -470.074 2771.96 0 0 0 -669.075 -798.216 2928.58 -661.182 -127.606 3061.43 -478.52 -442.743 2880.74 0 0 0 -608.117 -792.813 2998.87
38722024 -563.613 454.441 2832.88 -631.912 258.298 2897.49 -682.249 66.7924 2945.61 0 0 0 0 0 0 -751.132 258.356 2773.01 -645.889 45.8073 2568.87 0 0 0 -429.489 96.2107 2430.13 0 0 0 0 0 0 -512.692 258.24 3021.97 -321.036 104.814 2903.73 0 0 0 -124.32 144.803 2737.74 0 0 0 -797.619 -124.682 2925.83 -637.486 -471.872 2786.99 0 0 0 -667.615 -779.169 2931.31 -667.552 -124.745 3061.63 -488.108 -449.96 2895.9 0 0 0 -619.778 -802.907 3002.86
38755317 -568.761 455.183 2836.72 -634.757 258.122 2899.77 -683.22 65.9536 2947.28 0 0 0 0 0 0 -755.822 258.318 2777.07 -652.954 42.4144 2571.92 0 0 0 -443.348 90.1614 2426.69 0 0 0 0 0 0 -513.692 257.926 3022.48 -322.024 102.394 2896.85 0 0 0 -126.81 136.759 2722.4 0 0 0 -797.737 -126.107 2927.84 -624.17 -461.12 2776.23 0 0 0 -663.4 -785.904 2928.32 -665.627 -126.321 3061.74 -464.001 -430.946 2884.73 0 0 0 -603.922 -780.331 2993.27
38788610 -576.022 447.799 2829.65 -640.195 252.585 2896.69 -687.899 61.0979 2947.57 0 0 0 0 0 0 -761.572 250.308 2774.31 -663.974 40.2015 2581.95 0 0 0 -466.43 86.3531 2420.53 0 0 0 0 0 0 -518.819 254.863 3019.08 -324.025 102.202 2891.43 0 0 0 -132.723 134.633 2711.88 0 0 0 -801.829 -131.632 2931.67 -639.064 -472.908 2781.13 0 0 0 -668.732 -792.256 2937.49 -669.376 -129.147 3065.22 -486.701 -446.315 2889.11 0 0 0 -607.855 -801.472 3000.21
38821903 -580.756 450.326 2826.11 -643.868 255.159 2895.37 -690.771 63.7849 2947.49 0 0 0 0 0 0 -766.951 252.467 2774.71 -675.985 37.0944 2582.97 0 0 0 -482.411 83.3308 2416.46 0 0 0 0 0 0 -520.784 257.852 3016.03 -321.004 102.101 2879.2 0 0 0 -147.672 129.016 2682.68 0 0 0 -804.835 -129.058 2933.76 -639.523 -469.983 2784.26 0 0 0 -669.816 -779.795 2932.43 -670.516 -126.12 3065.44 -479.693 -427.315 2871 0 0 0 -602.163 -779.243 2991.28
38855196 -590.557 445.857 2814.83 -649.946 253.215 2892.54 -695.712 63.4246 2950.76 0 0 0 0 0 0 -777.373 248.408 2776.71 -684.384 39.4566 2588.96 0 0 0 -503.91 83.9677 2407.49 0 0 0 0 0 0 -522.519 258.023 3008.36 -318.922 100.587 2865.1 0 0 0 -156.368 127.129 2655.16 0 0 0 -811.055 -128.991 2945.75 -645.639 -465.166 2785.89 0 0 0 -674.132 -784.615 2941.66 -671.899 -123.741 3072.23 -488.595 -431.263 2879.08 0 0 0 -600.653 -787.102 2998.22
38888489 -603.422 444.867 2806.16 -657.421 254.111 2889.73 -700.574 65.1775 2952.52 0 0 0 0 0 0 -790.067 247.997 2780.17 -703.094 37.6546 2592.93 0 0 0 -532.563 81.8864 2399.9 0 0 0 0 0 0 -524.775 260.226 2999.28 -320.875 98.7941 2856.01 0 0 0 -173.499 126.635 2635.87 0 0 0 -816.156 -127.095 2955.49 -648.394 -454.432 2780.91 0 0 0 -676.691 -784.454 2940.55 -671.297 -120.417 3075.13 -469.255 -380.116 2843.86 0 0 0 -582.062 -730.482 2977.29
38921782 -609.728 451.708 2802.85 -661.384 260.69 2888.51 -702.593 71.6079 2952.32 0 0 0 0 0 0 -796.932 254.435 2782.45 -720.537 37.3232 2588.44 0 0 0 -558.05 78.3761 2392.06 0 0 0 0 0 0 -525.836 266.944 2994.57 -323.428 99.8824 2837.98 0 0 0 -186.648 123.266 2610.24 0 0 0 -817.73 -120.885 2958.29 -653.069 -438.649 2764.78 0 0 0 -660.986 -779.951 2941.22 -669.873 -114.063 3073.99 -486.961 -398.068 2853.07 0 0 0 -582.849 -756.004 2978.62
38955075 -613.573 457.096 2800.21 -663.767 266.302 2889.8 -704.26 78.2455 2957.03 0 0 0 0 0 0 -803.579 260.544 2789.49 -733.7 41.0988 2594.71 0 0 0 -587.207 79.3386 2387.33 0 0 0 0 0 0 -523.955 272.06 2990.12 -323.146 99.9659 2815.98 0 0 0 -196.003 123.203 2580.72 0 0 0 -821.064 -112.954 2969.5 -659.085 -430.725 2772.93 0 0 0 -662.49 -774.634 2947.99 -668.442 -106.668 3079.01 -487.88 -383.775 2844.62 0 0 0 -577.902 -740.391 2978.73
38988368 -625.382 450.224 2801.85 -670.23 260.396 2892.23 -709.105 72.885 2961.93 0 0 0 0 0 0 -815.608 256.408 2800.41 -741.779 50.9872 2592.81 0 0 0 -606.897 79.9469 2374.73 0 0 0 0 0 0 -524.851 264.385 2984.04 -317.503 103.985 2802.95 0 0 0 -212.455 121.514 2556.51 0 0 0 -827.391 -116.805 2981.48 -660.523 -401.873 2748.07 0 0 0 -668.014 -788.64 2953.34 -668.569 -112.447 3081.78 -490.945 -384.869 2838.08 0 0 0 -577.226 -741.586 2975.03
39021661 -633.604 450.791 2799.18 -674.469 261.658 2891.75 -711.351 74.4385 2963.33 0 0 0 0 0 0 -824.129 258.75 2807.02 -748.844 53.9554 2600.86 0 0 0 -624.944 78.1974 2377.4 0 0 0 0 0 0 -524.808 264.565 2976.48 -315.214 103.982 2783.44 0 0 0 -227.047 118.35 2532.69 0 0 0 -829.889 -114.367 2988.67 -664.73 -412.906 2769.32 0 0 0 -661.485 -784.446 2952.38 -666.578 -111.194 3081.13 -495.099 -390.17 2839.54 0 0 0 -579.373 -751.485 2965.05
39054954 -638.929 462.422 2797.84 -676.263 271.25 2890.92 -710.114 83.6108 2962.9 0 0 0 0 0 0 -828.542 267.964 2810.73 -761.92 50.4788 2608.89 0 0 0 -651.005 71.0233 2375.21 0 0 0 0 0 0 -523.984 274.536 2971.11 -309.107 103.961 2770.18 0 0 0 -239.783 115.537 2516.52 0 0 0 -826.994 -105.82 2991.15 -652.867 -421.066 2766.75 0 0 0 -666.088 -779.877 2949.14 -660.936 -102.237 3078.59 -484.99 -361.487 2819.69 0 0 0 -571.573 -719.325 2953.51
39088247 -638.39 467.682 2799.64 -673.349 275.652 2891.9 -704.675 87.1548 2962.78 0 0 0 0 0 0 -829.682 274.661 2820.17 -776.491 50.7719 2618.36 0 0 0 -671.238 74.7657 2380.09 0 0 0 0 0 0 -517.017 276.644 2963.64 -317.599 101.411 2757.54 0 0 0 -249.838 116.588 2500.54 0 0 0 -821.366 -101.884 2994.48 -647.347 -436.257 2763.65 0 0 0 -660.806 -784.751 2953.74 -650.636 -100.801 3072.82 -488.002 -382.519 2830.03 0 0 0 -569.284 -747.467 2945.6
39121540 -637.533 469.933 2798.6 -670.596 278.783 2892.93 -701.243 90.5337 2964.8 0 0 0 0 0 0 -829.904 279.921 2827.98 -786.722 51.362 2619.66 0 0 0 -687.997 76.195 2378.61 0 0 0 0 0 0 -511.288 277.645 2957.87 -320.279 99.2109 2742.26 0 0 0 -257.471 118.024 2482.23 0 0 0 -818.799 -97.0945 3001.24 -643.607 -441.945 2764.94 0 0 0 -671.7 -782.509 2961.47 -644.981 -98.3366 3072.11 -490.142 -384.245 2827.79 0 0 0 -573.815 -742.264 2961.41
39154833 -634.302 455.003 2802.08 -666.115 265.848 2894.69 -696.054 77.3566 2966.25 0 0 0 0 0 0 -827.696 269.043 2835.5 -795.866 54.6847 2618.31 0 0 0 -700.07 75.9581 2375.51 0 0 0 0 0 0 -504.533 262.654 2953.87 -323.15 94.5943 2739.12 0 0 0 -269.346 114.332 2476.84 0 0 0 -814.126 -109.393 3005.54 -641.085 -457.109 2765.77 0 0 0 -667.434 -799.946 2956.19 -637.86 -112.877 3070.1 -487.32 -403.075 2827.42 0 0 0 -573.788 -760.583 2961.79
39188126 -635.203 466.436 2799.82 -665.853 274.16 2891.96 -694.14 85.1591 2962.85 0 0 0 0 0 0 -828.746 277.601 2836.14 -798.442 50.3495 2623.64 0 0 0 -711.811 75.6288 2377.99 0 0 0 0 0 0 -502.959 270.719 2947.79 -330.085 88.7817 2732.05 0 0 0 -277.148 112.263 2467.35 0 0 0 -811.249 -101.965 3003.3 -639.672 -440.925 2756.62 0 0 0 -670.142 -780.389 2951.23 -633.606 -105.718 3064.18 -495.001 -405.879 2826.66 0 0 0 -583.671 -760.156 2968.32
39221419 -634.614 469.43 2798.7 -664.484 277.573 2891.13 -691.922 88.3465 2961.77 0 0 0 0 0 0 -828.019 281.053 2836.93 -797.729 53.1769 2621.32 0 0 0 -715.694 75.2 2373.05 0 0 0 0 0 0 -500.95 274.093 2945.33 -328.046 90.3881 2726.01 0 0 0 -281.706 111.051 2457.79 0 0 0 -808.547 -98.9818 3002.85 -635.857 -433.746 2758.19 0 0 0 -670.253 -777.915 2942.81 -630.174 -102.778 3061.97 -489.631 -420.697 2820.67 0 0 0 -586.949 -760.673 2986.87
39254712 -634.807 467.78 2798.63 -663.268 276.4 2890.73 -690.185 86.8837 2960.8 0 0 0 0 0 0 -828.132 281.392 2840.9 -804.873 49.5961 2627.15 0 0 0 -731.011 69.5847 2376.85 0 0 0 0 0 0 -498.404 271.408 2940.56 -329.033 87.6839 2722 0 0 0 -284.085 109.501 2453.1 0 0 0 -807.067 -99.9088 3003.68 -640.372 -401.32 2750.45 0 0 0 -664.978 -779.375 2936.47 -627.136 -105.357 3058.06 -484.723 -409.61 2813.97 0 0 0 -583.076 -755.066 2968.9
39288005 -628.772 464.248 2797.11 -657.456 274.074 2889.18 -684.579 84.7264 2959.64 0 0 0 0 0 0 -824.151 282.238 2846.95 -803.927 47.7891 2634.58 0 0 0 -738.734 66.6422 2382.01 0 0 0 0 0 0 -490.76 265.909 2931.42 -329.005 83.8513 2718 0 0 0 -286.124 104.811 2448.74 0 0 0 -802.737 -100.162 3007.02 -644.534 -411.733 2780.05 0 0 0 -659.919 -784.971 2937.67 -620.667 -109.08 3053.15 -485.721 -417.426 2816.71 0 0 0 -580.319 -763.586 2973.4
39321298 -628.157 464.657 2796.35 -656.119 273.676 2887.68 -683.147 84.1027 2957.56 0 0 0 0 0 0 -823.651 283.23 2848.8 -803.969 45.901 2636.79 0 0 0 -742.347 66.0725 2381.93 0 0 0 0 0 0 -488.587 264.122 2926.56 -322.51 85.9206 2711 0 0 0 -288.01 99.3502 2441.8 0 0 0 -801.539 -100.26 3006.24 -644.115 -400.582 2772.23 0 0 0 -657.512 -788.958 2932.36 -618.81 -110.681 3048.65 -490.765 -421.398 2814.76 0 0 0 -585.492 -768.922 2968.86
39354591 -625.405 467.015 2798.97 -653.01 275.12 2886.92 -679.482 84.6586 2954.52 0 0 0 0 0 0 -821.062 285.456 2850.23 -806.001 53.4671 2637.39 0 0 0 -745.532 66.0384 2379.27 0 0 0 0 0 0 -484.959 264.784 2923.6 -322.274 86.4478 2704 0 0 0 -290.755 92.7556 2435.61 0 0 0 -797.615 -100.165 3002.11 -638.334 -396.088 2767.57 0 0 0 -653.835 -790.837 2928.46 -614.294 -111.44 3042.13 -490.839 -430.5 2819.25 0 0 0 -586.419 -779.308 2970.14
39387884 -640.54 464.338 2788.82 -661.745 272.805 2880.28 -683.451 82.858 2950.76 0 0 0 0 0 0 -829.545 277.621 2841.59 -805.029 51.7637 2637.22 0 0 0 -746.739 64.4189 2377 0 0 0 0 0 0 -493.945 267.988 2918.98 -323.677 80.7364 2697.57 0 0 0 -295.072 87.5074 2431.13 0 0 0 -796.742 -104.46 3000.13 -637.132 -405.054 2773.94 0 0 0 -660.976 -796.256 2927.81 -613.57 -109.718 3042.36 -489.911 -429.663 2821.45 0 0 0 -591.628 -775.988 2974.05
39421177 -637.94 450.338 2794.22 -653.732 258.488 2882.15 -669.413 67.4278 2951.03 0 0 0 0 0 0 -821.707 258.477 2843.88 -806.018 48.3909 2630.17 0 0 0 -745.084 64.2218 2371.48 0 0 0 0 0 0 -485.757 258.5 2920.41 -322.326 80.8721 2691.27 0 0 0 -297.076 84.3623 2426.48 0 0 0 -776.405 -123.639 2999.12 -617.25 -421.184 2770.78 0 0 0 -641.296 -806.562 2925.32 -593.783 -123.627 3040.72 -464.942 -442.949 2822.23 0 0 0 -573.924 -791.712 2963.38
39454470 -630.845 443.015 2799.89 -643.616 251.166 2883.7 -655.337 59.0388 2950.43 0 0 0 0 0 0 -812.187 249.06 2848.03 -805.527 46.2089 2621.08 0 0 0 -743.842 64.4276 2365.96 0 0 0 0 0 0 -475.044 253.271 2919.37 -318.674 79.9103 2684.1 0 0 0 -297.055 83.8294 2419.99 0 0 0 -758.851 -134.235 2997.73 -621.91 -452.316 2785.6 0 0 0 -646.415 -797.793 2925.86 -575.264 -131.942 3036.58 -474.152 -467.895 2831.8 0 0 0 -587.633 -816.795 2969.31
39487763 -636.292 441.537 2796.73 -644.973 248.641 2879.95 -652.98 56.5142 2947.3 0 0 0 0 0 0 -813.845 243.741 2845.9 -804.267 45.599 2616.54 0 0 0 -743.194 64.8502 2361.84 0 0 0 0 0 0 -476.102 253.54 2914 -317.34 79.9553 2677.04 0 0 0 -296.21 83.1059 2413.7 0 0 0 -753.037 -138.283 2996.1 -626.846 -460.734 2782.71 0 0 0 -654.643 -783.127 2916.02 -568.937 -132.941 3033.22 -481.473 -471.61 2825.68 0 0 0 -602.009 -810.395 2980.13
39521056 -629.559 431.988 2800.66 -637.225 238.955 2879.91 -643.625 46.2773 2945.97 0 0 0 0 0 0 -806.048 232.813 2845.64 -803.138 45.2963 2612.78 0 0 0 -742.089 62.1904 2357.76 0 0 0 0 0 0 -468.402 245.098 2914.19 -314.173 75.9864 2674.52 0 0 0 -295.815 79.0935 2411.22 0 0 0 -742.084 -149.75 2993.33 -619.003 -467.701 2770.91 0 0 0 -650.27 -789.504 2918.06 -557.968 -143.052 3030.71 -473.85 -483.767 2824.23 0 0 0 -597.854 -819.502 2983.22
39542562 -633.813 434.433 2778.13 -638.268 243.437 2868.85 -641.023 53.842 2943 0 0 0 0 0 0 -807.081 232.955 2835.77 -804.062 43.6246 2609.81 0 0 0 -743.573 59.6681 2356.49 0 0 0 0 0 0 -469.455 253.919 2901.92 -309.614 74.0189 2671.35 0 0 0 -293.762 76.4841 2408.39 0 0 0 -735.89 -141.472 2999.11 -625.454 -472.568 2790.24 0 0 0 -654.901 -771.246 2926.69 -551.667 -130.034 3035.2 -478.5 -473.975 2829.71 0 0 0 -611.744 -803.488 2994.14
39587642 -634.773 447.813 2766.86 -636.681 255.431 2860.77 -636.649 65.6994 2934.91 0 0 0 0 0 0 -805.463 242.68 2828.21 -798.037 37.3083 2608.91 0 0 0 -739.82 54.4673 2353.41 0 0 0 0 0 0 -467.899 268.183 2893.32 -305.312 70.5152 2670.67 0 0 0 -286.553 74.2612 2407.56 0 0 0 -728.689 -130.989 2991.29 -606.776 -420.831 2739.69 0 0 0 -648.856 -761.294 2903.58 -544.544 -117.076 3026.81 -465.685 -430.436 2783.44 0 0 0 -588.83 -757.652 2959.62
39620935 -628.514 435.36 2774.22 -629.437 243.2 2861.07 -627.674 52.4376 2932.63 0 0 0 0 0 0 -798.507 230.024 2830.11 -796.533 35.1642 2601.96 0 0 0 -735.715 51.7167 2348.39 0 0 0 0 0 0 -460.366 256.376 2892.04 -297.168 77.7446 2662.83 0 0 0 -282.511 72.8496 2400.5 0 0 0 -718.149 -145.513 2987.29 -612.833 -461.356 2759.66 0 0 0 -648.96 -799.915 2922.21 -533.673 -131.136 3021.08 -471.911 -469.128 2808.94 0 0 0 -587.952 -811.922 2954.86
39654228 -626.628 441.169 2754.4 -628.448 250.62 2849.62 -625.964 61.9856 2926.5 0 0 0 0 0 0 -797.086 235.247 2817.35 -795.297 34.0995 2594.95 0 0 0 -732.168 48.914 2337.49 0 0 0 0 0 0 -459.809 265.992 2881.89 -297.623 76.3559 2652.95 0 0 0 -280.098 74.0879 2387.92 0 0 0 -715.496 -135.036 2985.77 -621.898 -466.262 2772.74 0 0 0 -664.582 -772.711 2931.09 -531.464 -118.261 3020.99 -481.566 -461.465 2810.79 0 0 0 -599.364 -793.651 2978.58
39687521 -626.77 440.379 2744.49 -628.278 251.443 2842.48 -625.342 63.6224 2921.45 0 0 0 0 0 0 -796.669 234.915 2809.43 -790.656 31.0481 2586.96 0 0 0 -729.722 47.8296 2329.28 0 0 0 0 0 0 -459.887 267.971 2875.53 -289.322 75.6752 2649.98 0 0 0 -279.544 72.5569 2383.76 0 0 0 -714.281 -133.216 2982.38 -606.809 -469.666 2754.38 0 0 0 -668.871 -786.265 2933.89 -530.532 -115.18 3018.45 -478.528 -473.376 2792.45 0 0 0 -598.373 -792.832 2982.1
39720814 -629.392 441.395 2730.04 -630.118 253.949 2833.08 -627.005 67.6429 2915.56 0 0 0 0 0 0 -797.518 235.029 2796.67 -787.372 29.5533 2580.96 0 0 0 -726.662 46.8256 2321.95 0 0 0 0 0 0 -462.717 272.869 2869.5 -292.709 75.3068 2646.01 0 0 0 -275.513 73.3257 2379.35 0 0 0 -715.256 -128.989 2978.17 -610.497 -451.671 2741.31 0 0 0 -671.001 -787.812 2931.93 -532.53 -108.337 3017.92 -475.697 -454.424 2792.15 0 0 0 -595.961 -780.753 2970.77
39754107 -624.019 442.593 2723.81 -624.527 255.492 2825.76 -621.126 69.0387 2907.98 0 0 0 0 0 0 -791.72 236.028 2788.54 -784.186 28.2701 2570.97 0 0 0 -724.714 46.5255 2314.12 0 0 0 0 0 0 -457.335 274.955 2862.98 -292.362 74.6636 2636.02 0 0 0 -275.002 71.4756 2370.89 0 0 0 -708.939 -128.033 2969.91 -608.388 -452.186 2738.67 0 0 0 -660.673 -793.049 2925.29 -526.513 -106.796 3010.52 -461.608 -441.529 2778.98 0 0 0 -581.377 -769.814 2955.45
39787400 -622.258 449.13 2709.69 -621.861 261.293 2815.13 -617.924 75.2535 2898.31 0 0 0 0 0 0 -788.852 240.906 2777.44 -784.098 29.1245 2560.47 0 0 0 -721.802 45.9373 2306.9 0 0 0 0 0 0 -454.871 281.68 2852.83 -290.69 74.8354 2629.51 0 0 0 -269.373 72.0266 2365.67 0 0 0 -705.098 -121.909 2960.91 -614.683 -454.504 2741.06 0 0 0 -655.623 -787.383 2918.28 -522.876 -99.6627 3002.05 -472.618 -444.335 2787.29 0 0 0 -581.924 -784.19 2946.95
39820693 -612.735 457.168 2703.64 -613.047 267.855 2807.34 -608.486 81.324 2889.39 0 0 0 0 0 0 -779.535 246.483 2768 -780.542 29.5566 2551.24 0 0 0 -719.561 46.2622 2298.72 0 0 0 0 0 0 -446.558 289.227 2846.67 -289.842 75.4289 2619.76 0 0 0 -264.328 72.3788 2355.59 0 0 0 -694.771 -116.869 2949.97 -594.483 -429.432 2709.18 0 0 0 -649.896 -784.213 2915.7 -513.081 -93.5457 2992.9 -451.187 -414.617 2751.06 0 0 0 -564.353 -742.745 2930.72
39853986 -608.212 460.01 2690.6 -608.502 271.407 2795.07 -603.555 85.0515 2877.52 0 0 0 0 0 0 -774.861 249.466 2755.46 -780.779 29.2561 2539.1 0 0 0 -715.693 44.7561 2286.75 0 0 0 0 0 0 -442.144 293.347 2834.68 -283.937 76.7259 2599.38 0 0 0 -256.839 75.7206 2335.23 0 0 0 -689.375 -113.275 2938.35 -610.262 -450.665 2728.99 0 0 0 -646.725 -787.041 2914.18 -507.838 -89.3327 2981.57 -463.635 -429.531 2765.26 0 0 0 -569.892 -766.425 2933.08
39887279 -608.612 471.739 2682.09 -607.122 280.545 2784.43 -601.436 93.3186 2864.8 0 0 0 0 0 0 -774.037 259.342 2746.85 -770.406 24.6402 2524.55 0 0 0 -702.824 43.8795 2273.47 0 0 0 0 0 0 -440.207 301.749 2822.02 -275.983 77.3488 2591.69 0 0 0 -256.375 74.3472 2327.78 0 0 0 -686.831 -105.478 2924.67 -600.81 -435.936 2704.98 0 0 0 -646.996 -786.523 2911.24 -504.668 -82.3376 2965.69 -464.694 -431.776 2762.29 0 0 0 -577.902 -766.755 2930.31
39920572 -592.054 465.179 2678.84 -611.333 265.059 2786.63 -599.778 72.6669 2850.37 0 0 0 0 0 0 -778.154 242.668 2749.29 -765.206 26.8289 2513.33 0 0 0 -697.322 43.3213 2260.92 0 0 0 0 0 0 -444.512 287.449 2823.96 -268.469 76.1685 2591.8 0 0 0 -243.601 75.0559 2327.73 0 0 0 -679.296 -131.949 2893.74 -599.986 -462.2 2697.44 0 0 0 -644.529 -809.587 2898.79 -497.151 -107.501 2934.51 -457.024 -452.53 2747 0 0 0 -570.685 -786.927 2916.48
39942993 -577.328 456.037 2667.73 -595.134 260.869 2772.94 -594.682 71.328 2845.39 0 0 0 0 0 0 -762.008 245.256 2733.14 -758.179 22.4938 2505.36 0 0 0 -692.797 42.1778 2250.42 0 0 0 0 0 0 -428.26 276.483 2812.75 -266.207 72.0155 2588.23 0 0 0 -237.076 73.3264 2324.11 0 0 0 -685.513 -126.754 2896.06 -605.284 -483.574 2734.32 0 0 0 -652.446 -782.985 2918.64 -502.945 -109.672 2939.61 -482.527 -479.909 2795.8 0 0 0 -599.769 -811.546 2968.45
39987158 -572.197 441.572 2663.64 -588.224 249.276 2763.6 -592.972 60.2892 2838.39 0 0 0 0 0 0 -754.797 236.748 2721.37 -752.115 18.7645 2490.69 0 0 0 -687.763 41.3013 2235.03 0 0 0 0 0 0 -421.651 261.803 2805.83 -262.612 68.4813 2582.57 0 0 0 -227.866 72.7026 2317.64 0 0 0 -688.673 -135.537 2890.11 -578.827 -493.234 2678.52 0 0 0 -648.483 -790.856 2890.74 -506.768 -121.857 2936.23 -468.252 -481.72 2763.25 0 0 0 -589.589 -801.432 2953.51
40009731 -562.759 436.259 2661.61 -576.331 244.189 2755.22 -581.816 54.6463 2829.27 0 0 0 0 0 0 -742.361 231.613 2710.73 -749.55 15.8768 2474.84 0 0 0 -683.205 41.1648 2219.81 0 0 0 0 0 0 -410.3 256.766 2799.71 -258.3 64.7431 2576.29 0 0 0 -222.432 67.9982 2309.11 0 0 0 -677.911 -141.76 2879.05 -566.389 -489.571 2643.46 0 0 0 -626.835 -790.237 2870.82 -496.691 -128.033 2927.61 -463.378 -497.829 2768.26 0 0 0 -579.444 -826.22 2946.73
40053744 -555.046 419.856 2650.59 -569.569 229.224 2744.18 -576.783 40.6582 2820.84 0 0 0 0 0 0 -735.186 216.796 2698.02 -739.787 14.4483 2467.91 0 0 0 -676.612 40.5741 2210.8 0 0 0 0 0 0 -403.952 241.652 2790.33 -249.66 60.8548 2576.64 0 0 0 -209.831 62.3028 2307.16 0 0 0 -674.37 -154.689 2872.32 -562.436 -477.446 2616.41 0 0 0 -626.248 -787.435 2838.71 -493.626 -141.126 2922.69 -467.869 -514.299 2765.41 0 0 0 -586.851 -840.582 2946.46
40087037 -551.377 419.014 2643.59 -565.03 227.366 2733.13 -572.484 37.8033 2807.45 0 0 0 0 0 0 -730.626 215.649 2686.64 -739.391 11.2273 2457.96 0 0 0 -673.569 38.9756 2201.59 0 0 0 0 0 0 -399.434 239.083 2779.62 -236.331 55.9298 2572.33 0 0 0 -199.388 51.4783 2299.89 0 0 0 -670.294 -158.153 2856.4 -553.397 -468.211 2580.17 0 0 0 -608.803 -782.706 2775.32 -489.582 -145.367 2907.14 -465.151 -519.098 2748.52 0 0 0 -590.744 -842.582 2930.37
40120330 -547.037 418.951 2623.09 -561.016 228.286 2715.08 -569.585 39.0756 2790.29 0 0 0 0 0 0 -726.894 217.608 2669.32 -744.689 7.11571 2454.48 0 0 0 -674.425 23.8271 2199.51 0 0 0 0 0 0 -395.137 238.964 2760.84 -226.655 46.461 2581.66 0 0 0 -188.822 18.3668 2311.1 0 0 0 -668.666 -155.961 2840.54 -547.106 -453.184 2559.16 0 0 0 -588.809 -785.932 2708.74 -487.641 -144.308 2890.48 -456.551 -506.696 2709.24 0 0 0 -579.13 -808.633 2923.41
40153623 -542.793 423.41 2603.34 -555.473 232.526 2696.12 -564.466 42.995 2770.54 0 0 0 0 0 0 -721.673 222.819 2651.31 -758.846 -7.93208 2471.25 0 0 0 -679.529 -14.5433 2220.97 0 0 0 0 0 0 -389.272 242.234 2740.93 -225.327 49.2252 2605.83 0 0 0 -185.416 -29.0605 2354.91 0 0 0 -664.148 -151.833 2820.51 -542.397 -448.873 2554.11 0 0 0 -557.711 -781.431 2622.78 -482.771 -141.24 2869.41 -463.948 -518.055 2721.56 0 0 0 -554.689 -862.804 2828.52
40186916 -543.108 423.627 2593.47 -555.198 232.244 2677.96 -565.724 40.6189 2746.31 0 0 0 0 0 0 -721.404 225.239 2632.72 -782.423 -12.9683 2507.09 0 0 0 -694.981 -57.9409 2270.35 0 0 0 0 0 0 -388.992 239.25 2723.19 -209.684 61.6188 2632.96 0 0 0 -183.436 -89.7372 2440.44 0 0 0 -666.951 -154.829 2789.99 -544.574 -443.414 2522.05 0 0 0 -536.418 -792.274 2523.88 -485.552 -147.183 2839.35 -469.726 -529.655 2703.37 0 0 0 -550.187 -883.085 2823.23
40220209 -540.156 426.709 2570.04 -552.065 235.367 2654.57 -564.228 43.5753 2722.34 0 0 0 0 0 0 -719.053 230.94 2612.08 -806.717 -4.97459 2544.56 0 0 0 -701.85 -114.706 2349.59 0 0 0 0 0 0 -385.077 239.793 2697.06 -208.846 69.3118 2666.49 0 0 0 -193.329 -134.666 2554.73 0 0 0 -667.523 -150.631 2766.93 -532.506 -430.321 2499.66 0 0 0 -506.601 -794.899 2458.31 -485.258 -145.8 2813.31 -462.165 -535.921 2703.28 0 0 0 -549.809 -893.345 2822.49
40253502 -534.041 435.885 2540.83 -548.222 242.441 2628.03 -561.809 51.6309 2698.29 0 0 0 0 0 0 -716.178 240.213 2589.5 -827.493 6.0399 2596.61 0 0 0 -766.529 -177.209 2464.34 0 0 0 0 0 0 -380.266 244.668 2666.55 -228.383 80.1881 2697.25 0 0 0 -220.324 -142.605 2680.12 0 0 0 -666.75 -140.39 2747.61 -521.041 -391.52 2462.14 0 0 0 -483.054 -763.998 2401.22 -484.041 -137.967 2789.52 -469.579 -535.364 2699.63 0 0 0 -547.518 -903.096 2810.86
40286795 -529.479 447.685 2519.21 -543.847 250.562 2601.5 -557.939 57.9344 2666.35 0 0 0 0 0 0 -711.313 249.093 2560.75 -826.214 36.4063 2640.8 0 0 0 -837.126 -174.112 2618.44 0 0 0 0 0 0 -376.381 252.031 2642.26 -254.416 71.1989 2736.01 0 0 0 -256.035 -145 2809.6 0 0 0 -662.722 -135.488 2709.12 -507.297 -354.457 2409.43 0 0 0 -463.345 -730.834 2338.44 -481.34 -133.898 2753.26 -472.441 -534.963 2680.6 0 0 0 -540.892 -907.219 2782.64
40320088 -532.027 453.555 2507.44 -546.26 252.15 2576.88 -561.818 56.5884 2630.88 0 0 0 0 0 0 -715.381 257.088 2546.04 -803.046 58.5507 2676.81 0 0 0 -852.981 -133.856 2756.14 0 0 0 0 0 0 -377.139 247.211 2607.71 -291.387 81.144 2765.47 0 0 0 -318.55 -90.8788 2916.22 0 0 0 -664.79 -136.42 2668.94 -502.088 -343.718 2361.74 0 0 0 -452.102 -723.509 2295.87 -489.96 -141.526 2700.82 -484.572 -544.961 2642.31 0 0 0 -544.749 -920.912 2735.65
40353381 -530.677 452.793 2477.48 -544.843 251.661 2547.54 -562.32 55.5585 2599.59 0 0 0 0 0 0 -712.67 256.637 2509.94 -781.46 27.9088 2628.3 0 0 0 -835.144 -216.653 2719.77 0 0 0 0 0 0 -377.017 246.685 2585.15 -317.456 106.252 2803.76 0 0 0 -347.976 -81.3035 2990.71 0 0 0 -668.455 -137.915 2631.77 -489.583 -302.927 2310.01 0 0 0 -435.283 -686.013 2261.69 -491.138 -143.173 2671.5 -460.602 -520.939 2524.5 0 0 0 -485.655 -875.362 2478.9
40386674 -526.679 447.485 2454.04 -542.632 247.551 2523.11 -561.836 51.272 2574.24 0 0 0 0 0 0 -710.631 254.26 2485.76 -761.967 12.2883 2585.12 0 0 0 -808.332 -236.325 2669.39 0 0 0 0 0 0 -374.632 240.842 2560.46 -351.491 153.781 2811.34 0 0 0 -364.565 -42.5845 2991.14 0 0 0 -670.308 -141.442 2605.52 -484.095 -311.766 2288.19 0 0 0 -414.569 -688.998 2217.75 -491.774 -148.571 2645.21 -451.894 -515.389 2475.34 0 0 0 -440.755 -863.692 2359.88
40419967 -519.856 441.66 2419.33 -537.306 245.354 2493.92 -557.992 51.1965 2551.82 0 0 0 0 0 0 -706.052 253.242 2460.08 -744.518 2.57249 2542.2 0 0 0 -784.601 -249.366 2619.52 0 0 0 0 0 0 -368.56 237.467 2527.75 -378.657 95.6236 2753.22 0 0 0 -399.582 -112.696 2918.22 0 0 0 -670.652 -138.663 2591.28 -478.436 -293.932 2268.86 0 0 0 -407.198 -672.744 2203.41 -486.707 -147.26 2628.17 -462.478 -529.244 2487.76 0 0 0 -454.962 -904.878 2375.88
40453260 -513.411 439.964 2372.97 -531.972 247.472 2457.03 -553.445 55.5746 2521.68 0 0 0 0 0 0 -701.637 256.964 2428.85 -730.632 0.635498 2496.03 0 0 0 -765.328 -254.026 2566.76 0 0 0 0 0 0 -362.306 237.98 2485.21 -389.771 55.4857 2677.57 0 0 0 -416.102 -162.977 2828.03 0 0 0 -667.912 -131.12 2570.87 -479.501 -279.458 2242.23 0 0 0 -404.77 -659.225 2183.99 -481.925 -141.525 2601.77 -467.697 -532.594 2487.42 0 0 0 -463.54 -911.266 2386.11
40476901 -506.515 445.144 2320.38 -523.572 254.875 2411.21 -542.597 65.4748 2483.37 0 0 0 0 0 0 -687.535 253.178 2363.52 -709.539 -6.80981 2418.12 0 0 0 -739.617 -263.696 2482.64 0 0 0 0 0 0 -359.608 256.572 2458.9 -394.162 45.6121 2618.15 0 0 0 -423.957 -181.375 2754.7 0 0 0 -653.83 -124.88 2528.7 -471.882 -290.042 2214.59 0 0 0 -397.023 -671.701 2170.16 -469.416 -122.971 2582.34 -439.503 -515.464 2430.68 0 0 0 -414.141 -892.311 2290.84
40519846 -493.001 453.157 2267.52 -512.944 265.435 2366.9 -533.395 79.4576 2447 0 0 0 0 0 0 -679.485 266.283 2326.35 -696.301 3.93689 2370.52 0 0 0 -722.419 -254.765 2429.25 0 0 0 0 0 0 -346.403 264.587 2407.45 -382.025 34.3615 2537.01 0 0 0 -413.773 -199.738 2660.5 0 0 0 -645.158 -106.055 2504.87 -473.555 -326.033 2220.64 0 0 0 -397.66 -709.053 2197.11 -462.533 -106.985 2549.34 -405.073 -498.613 2433.86 0 0 0 -452.388 -801.311 2511.45
40553139 -479.889 455.417 2215.59 -503.203 278.441 2330.61 -525.947 98.8494 2422.93 0 0 0 0 0 0 -671.036 280.695 2293.64 -704.874 84.8167 2381.89 0 0 0 -743.079 -140.813 2471.69 0 0 0 0 0 0 -335.37 276.187 2367.57 -368.872 33.1911 2471.92 0 0 0 -401.42 -206.808 2583.27 0 0 0 -640.406 -79.5105 2495.05 -479.241 -343.374 2242.49 0 0 0 -414.507 -728.882 2238.82 -456.975 -81.9742 2535.44 -393.741 -478.525 2485.92 0 0 0 -484.619 -760.112 2654.86
40586432 -467.175 448.504 2171.08 -495.198 284.644 2298.87 -520.393 113.522 2404.89 0 0 0 0 0 0 -662.872 285.234 2259.98 -727.753 130.911 2370.01 0 0 0 -755.945 -83.7161 2468.32 0 0 0 0 0 0 -327.524 284.054 2337.76 -316.487 122.21 2495.18 0 0 0 -353.273 -92.2985 2606.24 0 0 0 -637.13 -57.2776 2489.68 -486.987 -358.144 2272.98 0 0 0 -425.646 -744.692 2266.36 -454.046 -57.922 2532.15 -366.456 -461.647 2502.03 0 0 0 -494.311 -731.447 2708.91
40619725 -465.376 437.025 2130.87 -494.711 287.76 2273.14 -519.741 128.305 2395.23 0 0 0 0 0 0 -662.903 285.76 2236.04 -780.796 163.088 2337.25 0 0 0 -794.188 -55.4362 2431.8 0 0 0 0 0 0 -326.519 289.761 2310.23 -249.61 173.992 2477.88 0 0 0 -293.027 -41.2642 2578.81 0 0 0 -636.576 -32.2431 2497.08 -497.956 -360.152 2311.16 0 0 0 -434.285 -745.872 2290.72 -452.968 -30.0594 2537.58 -365.217 -429.328 2496.99 0 0 0 -493.844 -700.574 2725.49
40643747 -451.689 421.559 2095.23 -489.148 289.857 2254.44 -519.472 145.016 2391.84 0 0 0 0 0 0 -656.725 287.007 2214.45 -821.926 187.882 2273.51 0 0 0 -843.494 -33.8184 2349.06 0 0 0 0 0 0 -321.571 292.707 2294.42 -191.414 207.707 2423.64 0 0 0 -209.244 -6.60373 2502.44 0 0 0 -641.255 -1.37991 2507.43 -511.203 -338.845 2326.39 0 0 0 -445.569 -724.026 2299.17 -458.337 1.73105 2551.07 -356.03 -413.783 2508.31 0 0 0 -511.155 -687.349 2728.12
40686311 -457.407 417.543 2081.42 -492.888 288.147 2243.11 -523.888 147.41 2385.77 0 0 0 0 0 0 -660.267 283.599 2202.25 -862.258 186.443 2195.95 0 0 0 -916.178 -18.0511 2225.92 0 0 0 0 0 0 -325.509 292.694 2283.96 -129.466 203.098 2372.42 0 0 0 -96.1727 -8.96031 2421.91 0 0 0 -646.218 4.19183 2506.14 -516.248 -325.358 2308.51 0 0 0 -453.055 -711.506 2289.32 -463.558 9.15448 2550.73 -365.113 -436.249 2486.91 0 0 0 -502.869 -699.907 2733.56
40719604 -446.969 404.497 2059.56 -483.682 279.83 2229.79 -517.027 144.785 2377.85 0 0 0 0 0 0 -651.85 280.355 2192.39 -856.607 186.614 2115.03 0 0 0 -945.894 -3.27443 2082.79 0 0 0 0 0 0 -315.514 279.305 2267.19 -68.9351 184.301 2292.17 0 0 0 25.2704 -22.1482 2299.9 0 0 0 -642.188 10.027 2505.49 -504.611 -308.323 2293.99 0 0 0 -444.423 -695.306 2283.94 -458.558 9.4539 2546.33 -334.781 -392.793 2453.11 0 0 0 -471.954 -671.019 2687.44
40752897 -444.139 408.975 2047.07 -480.487 277.418 2214.04 -514.367 138.622 2358.87 0 0 0 0 0 0 -648.66 279.18 2176.39 -733.144 217.846 1935.59 0 0 0 -771.701 144.918 1717.09 0 0 0 0 0 0 -312.314 275.655 2251.69 -37.3104 178.936 2204.31 0 0 0 105.21 -13.1924 2153.48 0 0 0 -639.999 0.788635 2483.15 -500.782 -299.622 2248.65 0 0 0 -442.661 -687.037 2248.76 -456.496 -1.13461 2524.24 -353.061 -398.996 2444.14 0 0 0 -467.413 -697.016 2666.53
40777224 -444.508 404.085 2042.34 -480.128 267.273 2203.56 -513.524 123.899 2344.13 0 0 0 0 0 0 -647.172 264.941 2161.49 -722.476 227.843 1899.37 0 0 0 -727.612 168.465 1659.09 0 0 0 0 0 0 -313.083 269.606 2245.63 -112.543 224.292 2002.7 0 0 0 33.9946 176.944 1788.89 0 0 0 -638.117 -20.7482 2461.73 -489.825 -318.385 2227.75 0 0 0 -434.922 -706.124 2237.93 -455.723 -18.2018 2507.66 -368.146 -416.731 2446.93 0 0 0 -448.334 -737.146 2650.37
40819483 -444.897 392.014 2040.5 -479.429 251.161 2197.84 -511.484 102.796 2333.49 0 0 0 0 0 0 -644.778 243.551 2150.44 -710.605 229.826 1864.82 0 0 0 -700.671 189.611 1612.68 0 0 0 0 0 0 -314.079 258.772 2245.24 -119.096 237.747 1971.8 0 0 0 31.9907 211.144 1740.85 0 0 0 -633.82 -49.7254 2443.26 -475.039 -336.684 2202.55 0 0 0 -424.379 -724.355 2225.55 -453.258 -41.4146 2495.02 -369.207 -440.216 2453.83 0 0 0 -432.636 -781.261 2627.47
40843962 -445.093 387.222 2055.04 -480.024 236.661 2199.39 -512.017 78.8054 2323.18 0 0 0 0 0 0 -644.902 231.159 2149.76 -702.765 228.323 1840.83 0 0 0 -685.599 200.319 1582.04 0 0 0 0 0 0 -315.145 242.162 2249.02 -121.058 244.446 1956.47 0 0 0 28.6767 231.761 1709.6 0 0 0 -633.637 -82.0406 2419.99 -470.146 -367.022 2179.39 0 0 0 -422.804 -754.186 2214.5 -454.385 -76.0595 2473.94 -381.372 -474.638 2443.97 0 0 0 -408.758 -829.021 2598.58
40886069 -448.91 378.651 2055.31 -483.499 224.371 2196.11 -514.099 62.9755 2316.09 0 0 0 0 0 0 -648.266 218.303 2145.93 -696.871 218.152 1824.92 0 0 0 -677.356 205.142 1562.75 0 0 0 0 0 0 -318.733 230.439 2246.3 -122.514 239.728 1954.23 0 0 0 24.2775 237.658 1697.06 0 0 0 -634.215 -101.716 2408.81 -441.374 -423.552 2165.23 0 0 0 -422.946 -805.73 2235.91 -455.184 -95.1236 2463.34 -397.439 -497.809 2436.44 0 0 0 -418.934 -862.421 2578.81
40919362 -455.19 371.602 2050.46 -486.514 217.291 2192.2 -514.693 55.9376 2313.16 0 0 0 0 0 0 -650.97 207.987 2141.48 -694.941 211.583 1818.97 0 0 0 -671.401 193.753 1556.12 0 0 0 0 0 0 -322.058 226.595 2242.93 -119.266 234.379 1950.13 0 0 0 24.6203 243.969 1689.15 0 0 0 -633.937 -110.568 2406.03 -419.415 -453.283 2157.5 0 0 0 -428.186 -829.148 2255.71 -451.807 -100.264 2462.21 -406.278 -504.736 2438.92 0 0 0 -422.803 -874.435 2568.24
40952655 -452.328 367.298 2053.57 -480.447 209.925 2192.73 -504.164 45.2186 2310.09 0 0 0 0 0 0 -644.163 196.399 2140.66 -693.934 205.291 1812.09 0 0 0 -660.657 189.924 1548.73 0 0 0 0 0 0 -316.731 223.45 2244.8 -114.064 231.236 1946.05 0 0 0 28.0048 244.304 1682.28 0 0 0 -623.363 -127.376 2397.07 -398.789 -485.12 2143.19 0 0 0 -421.004 -858.061 2254.52 -432.399 -111.599 2457.81 -396.462 -517.224 2438.07 0 0 0 -409.023 -891.083 2555.3
40977439 -452.648 364.111 2055.09 -478.905 205.233 2193.09 -500.114 39.4904 2309.63 0 0 0 0 0 0 -642.207 189.076 2140.39 -692.464 197.648 1810.07 0 0 0 -655.34 186.049 1545.9 0 0 0 0 0 0 -315.604 221.389 2245.79 -112.524 229.134 1949.03 0 0 0 30.9785 239.809 1682.3 0 0 0 -613.209 -135.343 2396.5 -398.575 -488.129 2146.75 0 0 0 -427.927 -858.755 2267.01 -429.435 -117.161 2455.81 -401.025 -523.527 2439.32 0 0 0 -410.442 -900.784 2545.44
41019241 -451.229 362.771 2056.84 -477.155 201.951 2193.97 -496.82 34.9481 2309.05 0 0 0 0 0 0 -640.532 185.109 2141.61 -692.738 191.828 1808.05 0 0 0 -653.612 178.922 1544.58 0 0 0 0 0 0 -313.777 218.792 2246.33 -109.265 222.071 1951.51 0 0 0 32.021 225.391 1683.68 0 0 0 -607.413 -141.428 2394.99 -397.281 -493.2 2144.22 0 0 0 -430.732 -861.719 2271.44 -425.556 -122.681 2453.27 -403.06 -529.524 2439.64 0 0 0 -409.995 -909.55 2535.58
41044178 -452.333 360.399 2061.72 -476.936 199.447 2197.57 -496.337 31.642 2311.59 0 0 0 0 0 0 -640.507 183.061 2145.62 -695.875 188.926 1814.03 0 0 0 -650.317 174.257 1552.68 0 0 0 0 0 0 -313.364 215.832 2249.52 -106.636 217.537 1956.26 0 0 0 29.9078 212.85 1686.83 0 0 0 -605.432 -145.148 2397.12 -399.445 -496.328 2148.37 0 0 0 -437.372 -864.007 2277.75 -426.046 -127.178 2454.09 -408.206 -534.326 2442.91 0 0 0 -413.194 -916.607 2529.57
