23258368 -652.321 596.519 2733.84 -649.785 399.367 2816.41 -636.444 205.38 2877.54 0 0 0 0 0 0 -803.279 366.56 2745.8 -839.772 73.5804 2717.6 0 0 0 -746.782 -150.281 2578.2 0 0 0 0 0 0 -496.29 432.173 2887.03 -420.027 116.89 2864.46 0 0 0 -414.558 -168.402 2774.34 0 0 0 -706.785 -6.49207 2900.17 -702.83 -413.635 2883.74 0 0 0 -690.872 -776.597 2948.67 -539.42 29.2793 2977.17 -540.839 -369.463 2894.96 0 0 0 -594.615 -750.108 2967.57
23291737 -651.473 589.675 2735.2 -651.998 393.613 2820.7 -640.243 200.413 2884.53 0 0 0 0 0 0 -803.673 359.852 2746.44 -844.424 79.3142 2713.78 0 0 0 -743.656 -141.088 2577.07 0 0 0 0 0 0 -500.322 427.374 2894.95 -424.043 116.404 2863.22 0 0 0 -420.679 -168.222 2766.79 0 0 0 -711.2 -11.197 2907.87 -703.705 -418.18 2887.54 0 0 0 -688.936 -776.505 2953.51 -545.777 25.6237 2988.85 -544.358 -371.296 2897.51 0 0 0 -596.918 -752.029 2972.59
23325106 -652.747 586.95 2736.88 -654.588 391.666 2824.51 -643.937 199.027 2890.22 0 0 0 0 0 0 -804.748 357.077 2747.44 -850.732 83.1701 2710.37 0 0 0 -742.832 -134.587 2576.41 0 0 0 0 0 0 -504.429 426.255 2901.57 -423.038 114.68 2862.6 0 0 0 -421.357 -163.419 2744.14 0 0 0 -715.187 -12.4786 2913.89 -708.694 -419.202 2888.15 0 0 0 -686.702 -771.652 2951.96 -551.386 25.2529 2997.96 -544.947 -370.568 2901.6 0 0 0 -589.459 -754.624 2963.03
23358475 -654.814 589.977 2736.73 -656.915 394.813 2825.65 -646.537 202.168 2891.44 0 0 0 0 0 0 -807 360.3 2748.26 -856.356 84.5871 2710.68 0 0 0 -741.352 -129.15 2574.97 0 0 0 0 0 0 -506.83 429.325 2903.05 -422.516 116.337 2860.81 0 0 0 -420.662 -148.529 2723.64 0 0 0 -718.023 -9.30093 2915.01 -705.869 -414.872 2877.95 0 0 0 -686.666 -775.491 2945.6 -554.298 28.3484 2999.43 -540.696 -363.623 2889.73 0 0 0 -585.039 -747.3 2955.1
23391845 -656.727 588.585 2735.66 -660.624 394.787 2827.63 -651.884 203.327 2896.92 0 0 0 0 0 0 -811.2 360.235 2751.15 -859.666 82.2854 2695.84 0 0 0 -739.345 -119.503 2548.67 0 0 0 0 0 0 -510.049 429.339 2904.12 -423.749 116.181 2853.41 0 0 0 -412.751 -131.666 2692.01 0 0 0 -725.291 -6.98357 2924.47 -709.412 -411.529 2878.55 0 0 0 -688.674 -775.512 2955.71 -560.997 30.7166 3007.93 -542.18 -361.048 2897.58 0 0 0 -589.939 -745.115 2958.76
23425214 -657.641 585.578 2737.13 -661.896 392.633 2830.21 -653.569 201.454 2900.38 0 0 0 0 0 0 -813.456 358.59 2755.45 -861.827 83.6389 2687.93 0 0 0 -746.023 -102.829 2524.32 0 0 0 0 0 0 -510.337 426.677 2904.98 -438.869 110.096 2849.7 0 0 0 -404.145 -105.353 2658.65 0 0 0 -727.936 -8.29997 2929.76 -704.366 -409.717 2866.17 0 0 0 -681.859 -777.739 2949.4 -562.546 28.8505 3011.35 -538.273 -361.244 2896.06 0 0 0 -584.221 -746.921 2947.47
23458583 -656.849 582.466 2737.86 -662.18 389.701 2832.82 -654.94 199.02 2904.46 0 0 0 0 0 0 -814.515 356.306 2759.33 -862.406 85.3146 2675.97 0 0 0 -745.595 -76.9697 2494.28 0 0 0 0 0 0 -509.846 423.097 2906.31 -446.426 110.556 2835.35 0 0 0 -387.508 -77.2597 2618.73 0 0 0 -730.818 -9.8826 2936.01 -710.992 -410.309 2864.2 0 0 0 -681.498 -777.298 2953.8 -564.582 26.5604 3016.2 -540.043 -360.454 2891.12 0 0 0 -580.812 -745.277 2952.09
23491952 -659.155 583.898 2736.7 -663.802 391.411 2833.11 -657.328 201.239 2906.17 0 0 0 0 0 0 -811.731 355.458 2752.64 -858.742 84.1824 2668.95 0 0 0 -753.141 -46.0101 2462.73 0 0 0 0 0 0 -515.874 427.364 2913.58 -442.749 108.736 2818.67 0 0 0 -368.826 -40.4164 2574.42 0 0 0 -731.667 -8.57486 2935.28 -711.455 -406.629 2851.35 0 0 0 -680.663 -773.555 2950.55 -570.04 30.708 3023.2 -543.305 -351.624 2885.23 0 0 0 -581.658 -735.503 2953.61
23525322 -658.974 578.896 2737.64 -663.457 387.428 2835.12 -657.477 197.58 2909.09 0 0 0 0 0 0 -807.96 349.52 2749.51 -855.891 79.1042 2653.97 0 0 0 -756.258 -13.3886 2431.6 0 0 0 0 0 0 -518.955 425.336 2920.74 -418.39 121.347 2787.83 0 0 0 -358.642 1.52161 2524.9 0 0 0 -730.349 -12.9524 2936.33 -712.994 -409.924 2846.22 0 0 0 -676.15 -784.306 2943.65 -572.645 28.4187 3029.77 -536.135 -346.693 2876.04 0 0 0 -576.693 -728.918 2952.09
23558691 -655.884 569.501 2746.1 -660.092 376.606 2839.09 -653.591 185.663 2910.07 0 0 0 0 0 0 -807.923 341.462 2758.09 -855.499 81.0862 2642.45 0 0 0 -760.515 18.5615 2406.81 0 0 0 0 0 0 -512.262 411.75 2920.08 -405.757 136.63 2771.43 0 0 0 -340.826 41.9568 2493.86 0 0 0 -727.754 -24.4562 2936.87 -711.943 -416.918 2829.55 0 0 0 -668.078 -799.944 2944.36 -566.427 13.8962 3025.25 -528.296 -352.017 2851.71 0 0 0 -563.877 -729.09 2949.76
23592060 -663.389 564.647 2751.81 -665.228 369.721 2841.49 -657.353 177.531 2908.8 0 0 0 0 0 0 -818.301 338.327 2769.76 -853.376 88.1267 2626.14 0 0 0 -764.588 50.536 2380.65 0 0 0 0 0 0 -512.154 401.115 2913.22 -395.508 143.695 2756.73 0 0 0 -324.403 78.4862 2473.11 0 0 0 -733.126 -31.8137 2936.92 -721.952 -420.447 2816 0 0 0 -663.646 -795.551 2949.46 -565.831 2.49667 3015.31 -538.183 -371.706 2858.5 0 0 0 -559.02 -753.36 2940.91
23625429 -664.535 553.31 2753.71 -666.577 358.372 2843.27 -659.167 166.063 2910.38 0 0 0 0 0 0 -824.521 330.781 2781.65 -850.69 95.0634 2613.07 0 0 0 -773.064 82.9712 2362.64 0 0 0 0 0 0 -508.632 385.963 2904.9 -384.768 148.358 2748.89 0 0 0 -319.155 104.56 2464.23 0 0 0 -738.023 -41.3152 2943.83 -717.535 -423.422 2805.49 0 0 0 -663.528 -793.55 2956.07 -565.493 -11.1767 3011.15 -533.22 -386.044 2855.57 0 0 0 -563.205 -762.897 2955.34
23658799 -660.456 547.603 2754.67 -663.93 352.501 2844.62 -657.732 160.155 2911.78 0 0 0 0 0 0 -824.492 327.645 2788.25 -844.34 98.5273 2600.55 0 0 0 -762.436 99.3897 2352 0 0 0 0 0 0 -503.368 377.357 2900.99 -381.387 141.199 2740.97 0 0 0 -318.861 120.061 2455.94 0 0 0 -739.041 -45.7377 2948.22 -707.752 -419.166 2790.45 0 0 0 -664.344 -784.456 2948.94 -564.028 -18.6446 3009.67 -529.053 -391.704 2849.77 0 0 0 -565.579 -762.764 2967.47
23692168 -659.193 538.901 2755.15 -663.897 344.542 2845.9 -659.419 152.961 2915.31 0 0 0 0 0 0 -826.385 321.883 2793.84 -838.133 101.738 2590.81 0 0 0 -752.879 107.407 2343.69 0 0 0 0 0 0 -501.409 367.201 2897.95 -376.658 138.144 2732 0 0 0 -312.127 127.631 2447.66 0 0 0 -743.527 -50.9723 2956.34 -706.434 -421.313 2791.58 0 0 0 -674.002 -785.242 2942.43 -566.353 -26.2653 3013.1 -527.043 -395.71 2845.87 0 0 0 -574.307 -760.832 2977.69
23725537 -655.94 524.153 2745.41 -663.663 332.404 2842.95 -661.986 143.113 2918.22 0 0 0 0 0 0 -827.952 312.111 2795.57 -833.966 101.801 2583.48 0 0 0 -747.626 111.095 2335.78 0 0 0 0 0 0 -499.374 352.697 2890.32 -374.727 135.674 2724 0 0 0 -314.126 132.294 2438.92 0 0 0 -749.922 -57.2478 2967.65 -704.729 -418.622 2786.3 0 0 0 -681.166 -790.806 2947.95 -570.697 -35.11 3019.33 -522.689 -401.01 2846.69 0 0 0 -578.181 -763.781 2982.8
23758906 -645.665 521.395 2741.02 -657.342 330.084 2842.09 -658.69 141.546 2919.32 0 0 0 0 0 0 -822.483 312.505 2796.29 -831.972 97.3949 2575.78 0 0 0 -742.591 111.912 2330.16 0 0 0 0 0 0 -492.201 347.663 2887.88 -377.344 121.859 2724.5 0 0 0 -319.076 125.45 2439.62 0 0 0 -750.101 -56.5779 2971.57 -696.004 -406.767 2772.13 0 0 0 -677.171 -786.66 2938.72 -569.976 -37.4044 3021.52 -512.076 -397.395 2840.02 0 0 0 -576.537 -758.508 2977.12
23792276 -645.553 505.643 2749.3 -658.165 313.997 2844.67 -661.516 124.247 2918.85 0 0 0 0 0 0 -823.31 298.624 2797.89 -826.482 92.6896 2572.38 0 0 0 -740.503 112.398 2327.26 0 0 0 0 0 0 -493.02 329.37 2891.46 -371.675 114.935 2719.27 0 0 0 -324.265 117.491 2435.09 0 0 0 -754.948 -73.8879 2967.5 -698.06 -421.966 2764.15 0 0 0 -682.831 -801.988 2922.32 -574.787 -57.1173 3018.54 -519.655 -420.177 2842.02 0 0 0 -572.921 -788.859 2961.41
23825645 -646.125 502.309 2752.44 -658.744 309.954 2845.38 -663.015 119.382 2917.45 0 0 0 0 0 0 -824.226 296.181 2799.15 -825.747 91.3487 2568.18 0 0 0 -740.511 111.984 2323.52 0 0 0 0 0 0 -493.263 323.728 2891.61 -375.347 105.966 2708.64 0 0 0 -326.736 109.61 2427.16 0 0 0 -757.561 -78.7039 2964.3 -691.797 -433.174 2775.41 0 0 0 -682.095 -792.157 2921.49 -577.009 -63.6757 3014.74 -516.342 -429.369 2845.6 0 0 0 -578.309 -793.969 2973.68
23859014 -648.32 503.475 2743.52 -661.179 312.593 2841.1 -666.373 123.202 2916.16 0 0 0 0 0 0 -827.053 299.296 2796.07 -823.861 86.665 2564.6 0 0 0 -740.2 111.031 2319.68 0 0 0 0 0 0 -495.305 325.89 2886.13 -376.66 102.494 2705.82 0 0 0 -326.708 104.808 2424.84 0 0 0 -762.065 -73.4434 2966.66 -689.117 -419.754 2765.63 0 0 0 -685.234 -779.909 2928.7 -581.07 -58.9342 3015.79 -515.396 -424.637 2848.35 0 0 0 -577.939 -788.42 2979.37
23892383 -650.335 497.445 2739.05 -662.846 307.283 2840.08 -668.895 118.821 2917.42 0 0 0 0 0 0 -828.991 294.473 2795.87 -822.924 81.8276 2567.3 0 0 0 -741.393 106.685 2321.42 0 0 0 0 0 0 -496.701 320.093 2884.3 -378.822 98.2527 2705.41 0 0 0 -335.141 94.4834 2424.38 0 0 0 -765.594 -76.6306 2970.62 -688.807 -421.61 2768.11 0 0 0 -683.904 -786.778 2929.64 -584.294 -62.6517 3018.87 -505.629 -418.209 2837.04 0 0 0 -580.787 -775.428 2978.4
23925753 -651.25 496.57 2736.82 -662.951 307.571 2838.92 -669.134 119.28 2916.71 0 0 0 0 0 0 -829.694 295.638 2796.78 -819.459 79.4116 2562.66 0 0 0 -742.093 102.718 2314.07 0 0 0 0 0 0 -496.208 319.504 2881.05 -378.408 96.629 2702.7 0 0 0 -339.065 89.6786 2422.22 0 0 0 -766.304 -75.5221 2971.52 -685.032 -416.377 2763.64 0 0 0 -684.904 -788.19 2934.23 -584.33 -62.4989 3017.5 -510.11 -417.84 2832.73 0 0 0 -569.704 -778.418 2972.85
23959122 -649.909 488.555 2726.21 -662.992 302.56 2835.45 -670.592 117.385 2919.98 0 0 0 0 0 0 -830.129 290.87 2794.82 -817.196 75.6787 2562.34 0 0 0 -744.661 100.128 2312.72 0 0 0 0 0 0 -495.855 314.25 2876.09 -382.672 97.3443 2699.35 0 0 0 -348.58 87.7481 2419.38 0 0 0 -769.387 -74.1677 2982.33 -691.481 -417.524 2777.1 0 0 0 -687.691 -783.797 2943.48 -586.996 -61.4106 3026.68 -516.593 -410.449 2829.04 0 0 0 -571.299 -766.438 2982.33
23992491 -648.937 480.79 2731.38 -660.467 294.127 2838.06 -665.908 108.089 2920.97 0 0 0 0 0 0 -828.313 282.333 2800.58 -820.115 68.8502 2562.15 0 0 0 -746.478 98.2283 2312.61 0 0 0 0 0 0 -492.621 305.921 2875.53 -382.35 100.647 2690.16 0 0 0 -352.118 91.9662 2411.58 0 0 0 -762.945 -84.3848 2983.43 -685.4 -416.182 2760.71 0 0 0 -676.389 -792.309 2936.44 -579.753 -71.5125 3024.34 -510.371 -413.387 2814.27 0 0 0 -561.605 -769.655 2968.8
24025860 -657.234 484.154 2723.49 -665.799 297.145 2834.38 -668.833 112.449 2920.37 0 0 0 0 0 0 -833.429 282.48 2796.97 -827.064 62.9283 2567.56 0 0 0 -750.234 90.7447 2318.07 0 0 0 0 0 0 -498.169 311.81 2871.79 -384.19 98.8273 2688.61 0 0 0 -357.26 90.0416 2411.64 0 0 0 -763.337 -80.2491 2985.95 -694.585 -423.058 2777.86 0 0 0 -681.306 -783.394 2937.7 -580.398 -64.2449 3026.78 -525.201 -415.531 2828.97 0 0 0 -563.515 -777.261 2973.69
24059230 -652.265 466.287 2730.04 -659.628 280.224 2838.32 -660.915 95.6014 2924.61 0 0 0 0 0 0 -827.063 263.81 2800.71 -829.034 59.4649 2568.29 0 0 0 -751.559 81.7638 2319.01 0 0 0 0 0 0 -492.193 296.637 2875.94 -382.597 102.917 2680.81 0 0 0 -356.376 94.2587 2405.34 0 0 0 -753.556 -97.9764 2990.36 -682.093 -429.474 2765.7 0 0 0 -671.659 -805.996 2934.99 -570.848 -80.0656 3031.41 -505.772 -415.108 2811.1 0 0 0 -558.247 -769.224 2968.85
24092599 -663.19 463.985 2723.33 -666.94 278.374 2834.22 -665.422 94.6537 2922.39 0 0 0 0 0 0 -833.674 258.356 2795.38 -825.032 55.2458 2563.15 0 0 0 -749.616 71.9732 2313.55 0 0 0 0 0 0 -500.206 298.393 2873.06 -394.318 97.9636 2672.44 0 0 0 -364.578 87.4279 2399.71 0 0 0 -754.897 -99.9915 2989.37 -691.419 -438.03 2771.68 0 0 0 -678.052 -794.151 2935.29 -572.911 -78.1419 3031.76 -525.736 -425.908 2827.53 0 0 0 -574.806 -785.547 2973.94
24125968 -661.178 446.713 2733.96 -661.869 261.409 2839.16 -657.254 77.2171 2926.24 0 0 0 0 0 0 -828.512 239.217 2801.05 -821.018 47.6271 2563.59 0 0 0 -756.367 66.174 2310.57 0 0 0 0 0 0 -495.227 283.6 2877.27 -390.155 97.4792 2661.21 0 0 0 -374.517 85.3521 2390.32 0 0 0 -743.559 -119.082 2992.53 -672.644 -449.788 2765.89 0 0 0 -668.017 -809.668 2941.27 -561.717 -94.8665 3034.11 -499.509 -418.323 2798.99 0 0 0 -557.699 -766.934 2965.98
24159337 -657.21 453.371 2725.27 -659.171 267.672 2834.21 -654.591 84.0524 2922.54 0 0 0 0 0 0 -825.863 245.292 2796.33 -819.508 40.8119 2561.29 0 0 0 -758.061 59.1313 2305.04 0 0 0 0 0 0 -492.479 290.052 2872.08 -389.077 95.2399 2656.6 0 0 0 -381.413 85.0145 2387.63 0 0 0 -740.955 -111.777 2990.21 -678.968 -446.228 2766.18 0 0 0 -670.061 -787.481 2944.24 -559.067 -87.3571 3031.54 -515.006 -431.611 2824.15 0 0 0 -576.815 -788.874 2969.89
24192707 -649.942 447.859 2720.43 -654.112 264.182 2831.3 -650.777 81.6749 2921.95 0 0 0 0 0 0 -820.8 242.178 2793.13 -817.255 35.4075 2561.15 0 0 0 -755.929 53.6096 2304.65 0 0 0 0 0 0 -487.423 286.185 2869.46 -388.038 89.6175 2649.8 0 0 0 -385.642 85.3057 2384.03 0 0 0 -738.389 -112.837 2991.79 -676.089 -443.468 2761.99 0 0 0 -671.76 -792.951 2934.36 -556.493 -88.8263 3033.43 -505.622 -421.722 2807.77 0 0 0 -574.18 -770.169 2970.99
24239569 -650.258 454.03 2718.51 -653.655 268.44 2826.78 -650.268 84.7763 2915.06 0 0 0 0 0 0 -819.628 245.793 2786.03 -816.106 32.1874 2560.08 0 0 0 -753.578 51.3214 2302.67 0 0 0 0 0 0 -487.681 291.088 2867.52 -386.5 87.3259 2643.4 0 0 0 -386.747 84.941 2379.33 0 0 0 -737.452 -111.246 2981.12 -675.635 -443.249 2752.96 0 0 0 -672.726 -790.354 2923.23 -556.309 -86.5293 3025.59 -510.627 -431.221 2815.95 0 0 0 -580.613 -788.907 2956.59
24272862 -650.907 454.525 2717.55 -653.899 268.374 2822.35 -650.249 83.7941 2908.71 0 0 0 0 0 0 -819.493 245.394 2780.24 -818.544 28.587 2553.54 0 0 0 -751.823 49.1521 2298.66 0 0 0 0 0 0 -488.306 291.354 2864.47 -384.242 86.1711 2639.2 0 0 0 -381.695 83.5596 2375.65 0 0 0 -736.95 -113.324 2972.1 -672.627 -451.757 2754.56 0 0 0 -676.36 -789.061 2925.42 -556.246 -88.2469 3018.05 -510.134 -439.664 2818.65 0 0 0 -582.835 -797.919 2958.31
24306155 -647.535 454.167 2719.56 -649.13 266.583 2820.1 -644.669 80.777 2903.73 0 0 0 0 0 0 -815.261 244.415 2779.71 -815.789 27.805 2539.76 0 0 0 -755.74 49.0487 2283.18 0 0 0 0 0 0 -482.998 288.75 2860.49 -382.638 86.5696 2635.1 0 0 0 -377.59 80.8248 2371.15 0 0 0 -730.859 -117.125 2965.32 -665.34 -463.035 2760.53 0 0 0 -669.84 -791.796 2921.95 -549.558 -92.9328 3009.4 -500.221 -443.855 2808.89 0 0 0 -579.398 -799.058 2953.43
24339448 -648.382 451.709 2708.07 -649.782 264.555 2810.3 -645.176 79.1542 2894.86 0 0 0 0 0 0 -816.126 242.388 2770.76 -815.393 28.8995 2529.38 0 0 0 -754.227 47.8263 2273.86 0 0 0 0 0 0 -483.438 286.722 2849.85 -379.317 83.2858 2629.05 0 0 0 -367.614 77.9838 2365.53 0 0 0 -731.331 -118.342 2957.84 -670.74 -467.635 2757.04 0 0 0 -673.923 -790.205 2920.87 -549.808 -94.1521 3000.99 -506.091 -446.727 2801.63 0 0 0 -588.928 -796.762 2956.45
24372741 -639.858 447.984 2692.34 -643.656 262.573 2799.48 -642.042 79.4064 2888.7 0 0 0 0 0 0 -810.607 242.568 2761.43 -811.166 26.9369 2515.74 0 0 0 -751.411 45.5633 2260.38 0 0 0 0 0 0 -476.706 282.578 2837.53 -366.618 80.6738 2612.51 0 0 0 -362.81 73.1282 2350.54 0 0 0 -731.533 -114.677 2957.16 -667.677 -464.001 2757.19 0 0 0 -674.925 -783.329 2925.01 -549.324 -92.8436 2998.69 -510.499 -451.7 2809.93 0 0 0 -577.718 -807.09 2959.58
24406034 -638.135 450.647 2675.48 -642.588 266.095 2784.97 -642.243 83.6254 2875.71 0 0 0 0 0 0 -810.324 248.153 2749.53 -808.067 26.4613 2502.39 0 0 0 -748.289 46.9404 2247.78 0 0 0 0 0 0 -474.852 284.037 2820.41 -354.292 79.8551 2600.76 0 0 0 -355.656 71.3898 2337.84 0 0 0 -733.433 -108.635 2947.1 -658.038 -438.293 2722.06 0 0 0 -677.81 -783.977 2915.78 -550.361 -89.0531 2985.79 -501.994 -425.536 2764.73 0 0 0 -579.396 -766.012 2939.56
24439327 -633.677 440.322 2666.03 -638.853 257.173 2775.48 -639.249 75.1181 2867.11 0 0 0 0 0 0 -806.522 239.434 2739.51 -800.034 24.2313 2495.69 0 0 0 -731.613 44.7467 2243.57 0 0 0 0 0 0 -471.184 274.911 2811.45 -345.146 79.4248 2587.88 0 0 0 -350.545 68.8681 2326.69 0 0 0 -731.121 -116.614 2939.11 -655.73 -452.424 2722.2 0 0 0 -671.666 -800.002 2916.92 -548.168 -97.2587 2978.36 -503.375 -451.473 2786.94 0 0 0 -578.214 -802.882 2939.86
24472620 -634.884 434.083 2662.8 -639.621 249.439 2766.49 -640.251 65.5651 2854.35 0 0 0 0 0 0 -806.715 231.622 2728 -796.986 22.0894 2487.35 0 0 0 -721.423 42.5901 2237.1 0 0 0 0 0 0 -472.528 267.256 2804.98 -341.047 76.2367 2575.44 0 0 0 -342.569 69.9503 2312.72 0 0 0 -732.059 -128.031 2921.2 -653.908 -462.33 2702.16 0 0 0 -676.91 -808.424 2905.55 -549.702 -108.587 2963.2 -498.86 -445.75 2744.51 0 0 0 -573.489 -782.118 2926.89
24493030 -624.965 435.479 2650.68 -632.002 249.512 2753.81 -634.293 65.3658 2841.12 0 0 0 0 0 0 -798.176 231.601 2711.67 -787.987 23.0358 2467.16 0 0 0 -710.959 42.9171 2217.27 0 0 0 0 0 0 -465.828 267.423 2795.95 -334.517 77.6124 2559.2 0 0 0 -331.409 75.8054 2296.69 0 0 0 -727.271 -128.555 2905.43 -646.619 -464.973 2690.21 0 0 0 -672.235 -800.041 2908.96 -545.898 -109.006 2951.42 -493.21 -457.871 2750.93 0 0 0 -573.233 -791.494 2938.16
24539206 -617.181 434.258 2644.12 -625.042 247.37 2743.53 -628.288 62.5036 2829.29 0 0 0 0 0 0 -790.451 229.386 2698.5 -780.479 32.5044 2449.07 0 0 0 -697.191 50.0192 2200.96 0 0 0 0 0 0 -459.632 265.354 2788.56 -330.246 92.3129 2532.09 0 0 0 -323.291 83.8165 2269.57 0 0 0 -721.789 -132.176 2890.49 -637.401 -455.433 2658.09 0 0 0 -666.048 -793.375 2886.94 -541.281 -112.55 2939.63 -474.495 -437.901 2708.45 0 0 0 -559.963 -754.81 2919.64
24572499 -611.99 434.946 2641.86 -619.228 244.745 2735.23 -621.823 58.5069 2817.96 0 0 0 0 0 0 -783.73 225.779 2687.37 -767.209 43.2299 2428.05 0 0 0 -685.936 62.0523 2179.61 0 0 0 0 0 0 -454.726 263.71 2783.08 -324.593 107.683 2518.04 0 0 0 -315.1 105.147 2255.35 0 0 0 -714.181 -138.079 2874.58 -633.472 -478.708 2638.48 0 0 0 -648.661 -797.281 2879.54 -534.658 -117.382 2926.8 -478.714 -463.126 2724.44 0 0 0 -549.161 -794.031 2918.98
24605792 -600.443 418.602 2639.7 -611.352 226.797 2725.23 -618.77 38.7865 2803.29 0 0 0 0 0 0 -775.356 212.173 2674.42 -767.578 46.5838 2412.98 0 0 0 -681.448 65.3103 2165.58 0 0 0 0 0 0 -447.349 241.422 2776.04 -314.793 117.359 2511.04 0 0 0 -302.731 117.762 2247.64 0 0 0 -715.704 -157.207 2853.61 -624.095 -501.045 2591.73 0 0 0 -643.689 -797.832 2835.76 -536.672 -141.242 2909.08 -498.515 -504.798 2736.56 0 0 0 -573.513 -845.225 2912.7
24639085 -599.628 426.592 2629.15 -613.025 232.636 2709.03 -624.083 41.583 2778.33 0 0 0 0 0 0 -776.965 223.217 2656.9 -767.278 42.2705 2418.4 0 0 0 -672.901 40.0464 2176.19 0 0 0 0 0 0 -449.084 242.054 2761.16 -303.947 114.206 2519.12 0 0 0 -299.094 96.57 2258.74 0 0 0 -724.851 -154.624 2819.1 -609.072 -474.712 2538.92 0 0 0 -639.37 -778.105 2756.94 -545.43 -144.315 2876.15 -507.638 -521.857 2735.5 0 0 0 -607.841 -865.02 2891.21
24672378 -595.203 432.476 2615.36 -610.851 239.451 2693.25 -623.658 46.6098 2757.31 0 0 0 0 0 0 -774.248 232.274 2638.98 -782.109 34.6047 2443.17 0 0 0 -686.302 -26.2066 2214.39 0 0 0 0 0 0 -447.453 246.629 2747.53 -290.462 117.124 2552.57 0 0 0 -277.009 30.5079 2332.58 0 0 0 -725.73 -150.153 2791.72 -581.048 -456.706 2502.21 0 0 0 -614.697 -781.402 2680.72 -547.202 -142.311 2851.02 -480.508 -511.261 2698.21 0 0 0 -605.453 -831.55 2879.52
24705671 -591.98 436.205 2598.47 -609.074 243.954 2676.4 -622.825 49.9103 2736.79 0 0 0 0 0 0 -772.981 239.053 2623.33 -798.072 38.8157 2475.07 0 0 0 -722.731 -95.8491 2295 0 0 0 0 0 0 -445.166 248.855 2729.47 -287.758 112.054 2584.31 0 0 0 -254.626 -53.9368 2436.94 0 0 0 -726.062 -146.809 2768.2 -563.41 -444.251 2459.77 0 0 0 -588.234 -784.599 2589.03 -547.09 -141.457 2826.15 -473.883 -510.754 2673.55 0 0 0 -593.236 -816.938 2881.91
24738964 -590.69 448.173 2581.56 -607.082 253.455 2656.7 -622.41 58.2888 2713.05 0 0 0 0 0 0 -772.932 253.119 2610.42 -820.124 30.4871 2511.53 0 0 0 -782.737 -164.053 2421.47 0 0 0 0 0 0 -441.232 253.791 2702.97 -287.986 98.9831 2619.23 0 0 0 -239.908 -106.368 2555.14 0 0 0 -728.357 -137.061 2744.13 -549.306 -425.546 2415.57 0 0 0 -571.588 -789.941 2504.67 -547.119 -136.694 2794.7 -468.395 -515.764 2673.91 0 0 0 -600.759 -845.818 2820.74
24772257 -588.39 452.856 2555.24 -606.049 256.365 2627.92 -623.739 60.9845 2683 0 0 0 0 0 0 -774.727 265.083 2604.67 -838.55 30.8758 2562.58 0 0 0 -838.394 -196.346 2540.65 0 0 0 0 0 0 -437.37 247.648 2651.18 -303.078 93.506 2660.32 0 0 0 -250.331 -120.826 2673.71 0 0 0 -733.83 -129.621 2725.34 -536.973 -424.69 2374.95 0 0 0 -547.38 -802.598 2408.78 -549.028 -139.172 2750.82 -458.477 -514.164 2627.96 0 0 0 -574.371 -830.68 2815.38
24805550 -586.503 455.518 2533.91 -603.235 257.237 2605.61 -620.643 60.9333 2657.44 0 0 0 0 0 0 -772.833 266.042 2582 -850.59 43.9951 2615.28 0 0 0 -881.424 -180.844 2670.93 0 0 0 0 0 0 -433.637 248.432 2629.22 -322.537 93.7535 2703.66 0 0 0 -298.252 -99.4288 2801.79 0 0 0 -729.912 -130.601 2696.48 -510.549 -430.06 2317.29 0 0 0 -519.739 -814.507 2320.61 -546.19 -140.14 2722.06 -453.186 -522.907 2626.8 0 0 0 -542.531 -842.162 2827.8
24838843 -579.373 451.987 2505.26 -595.987 252.409 2574.09 -613.188 55.3581 2623.14 0 0 0 0 0 0 -764.694 259.311 2542.66 -851.558 69.4882 2670.79 0 0 0 -895.608 -136.541 2789.07 0 0 0 0 0 0 -427.28 245.506 2605.53 -348.549 102.596 2754.71 0 0 0 -338.533 -66.3988 2915.66 0 0 0 -722.011 -137.944 2655.11 -502.116 -453.899 2267.68 0 0 0 -496.297 -840.315 2244.86 -538.767 -145.441 2689.26 -429.545 -522.787 2586.51 0 0 0 -549.145 -812.6 2812.94
24872136 -579.579 446.034 2468.48 -593.815 248.765 2546.48 -609.256 53.3317 2601.83 0 0 0 0 0 0 -758.397 248.446 2499.44 -835.731 97.9997 2698.52 0 0 0 -891.619 -60.9669 2873.8 0 0 0 0 0 0 -429.233 249.085 2593.52 -371.698 128.488 2789.08 0 0 0 -392.982 -9.54126 2988.75 0 0 0 -714.697 -142.277 2631.46 -490.568 -457.769 2237.11 0 0 0 -480.159 -846.352 2211.9 -534.698 -141.927 2682.91 -433.354 -524.518 2589.52 0 0 0 -547.68 -810.327 2827.6
24905429 -577.909 434.428 2435.04 -590.207 239.345 2519.83 -605.092 46.7673 2584.1 0 0 0 0 0 0 -753.673 234.564 2467.64 -813.058 42.7199 2642.94 0 0 0 -865.947 -148.056 2821.45 0 0 0 0 0 0 -426.741 244.126 2572.02 -391.11 154.377 2791.76 0 0 0 -415.066 56.8216 3021.1 0 0 0 -709.712 -148.435 2619.71 -479.693 -463.914 2202.55 0 0 0 -470.013 -853.93 2199.44 -530.243 -143.186 2677.01 -452.271 -535.249 2596.89 0 0 0 -550.973 -841.726 2820.5
24938722 -573.779 420.227 2394.85 -584.251 229.777 2484.32 -596.815 40.252 2557.3 0 0 0 0 0 0 -746.115 218.677 2427.63 -790.662 0.922562 2574.79 0 0 0 -836.289 -203.561 2739.6 0 0 0 0 0 0 -422.387 240.877 2541 -395.394 173.218 2807.94 0 0 0 -442.513 92.4026 3047.12 0 0 0 -699.895 -155.48 2598.59 -462.568 -449.267 2153.65 0 0 0 -461.288 -839.15 2172.82 -518.864 -143.065 2661.99 -458.872 -540.677 2594.76 0 0 0 -543.413 -862.603 2801.86
24972015 -564.871 412.997 2352.22 -576.558 224.714 2449.59 -589.135 35.9185 2524.9 0 0 0 0 0 0 -740.17 214.725 2397.23 -773.643 -20.1905 2518.69 0 0 0 -813.009 -236.012 2670.12 0 0 0 0 0 0 -412.946 234.702 2501.96 -398.351 184.222 2806.39 0 0 0 -453.392 94.8658 3045.89 0 0 0 -691.828 -158.378 2571.37 -459.708 -432.877 2121.08 0 0 0 -462.279 -822.219 2155.49 -511.595 -147.375 2629.05 -396.816 -527.272 2495.7 0 0 0 -513.409 -788.065 2762.98
25005308 -558.416 409.484 2309.9 -571.177 222.59 2411.46 -583.847 34.0987 2487.77 0 0 0 0 0 0 -736.156 214.011 2362.88 -761.421 -32.1295 2462.05 0 0 0 -795.404 -257.291 2600.63 0 0 0 0 0 0 -406.198 231.169 2460.05 -391.327 194.399 2723.65 0 0 0 -455.651 110.437 2968.33 0 0 0 -686.987 -159.097 2537.43 -463.102 -425.827 2104.72 0 0 0 -468.136 -814.546 2149.31 -506.048 -149.688 2590.72 -406.086 -535.102 2484.87 0 0 0 -516.93 -792.006 2758.7
25038601 -547.234 407.989 2261.78 -563.524 225.267 2372.96 -578.23 39.835 2456.1 0 0 0 0 0 0 -729.785 218.431 2328.31 -748.967 -34.9934 2408.72 0 0 0 -778.332 -267.822 2535.16 0 0 0 0 0 0 -397.263 232.102 2417.61 -416.912 126.905 2661.75 0 0 0 -490.14 13.5131 2891.62 0 0 0 -683.885 -149.336 2514.82 -472.607 -414.214 2112.25 0 0 0 -473.295 -801.999 2166.19 -501.987 -141.858 2563.68 -411.854 -534.145 2500.32 0 0 0 -519.955 -781.31 2784.03
25071894 -540.58 412.903 2218.2 -557.876 235.824 2336.38 -573.537 53.9249 2426.59 0 0 0 0 0 0 -725.518 230.771 2297.09 -761.329 50.5647 2422.29 0 0 0 -795.307 -152.13 2565.47 0 0 0 0 0 0 -390.235 240.876 2375.67 -385.1 168.085 2609.53 0 0 0 -434.183 47.9831 2816.07 0 0 0 -680.818 -130.735 2495.33 -482.282 -411.714 2126.05 0 0 0 -479.357 -799.441 2181.94 -497.577 -125.213 2538.28 -419.129 -522.347 2513.04 0 0 0 -505.683 -771.245 2802.06
25105187 -531.915 414.553 2179.41 -551.392 244.286 2304.81 -568.938 67.733 2404.38 0 0 0 0 0 0 -719.574 239.957 2267.5 -777.51 107.763 2407.47 0 0 0 -805.369 -88.012 2547.43 0 0 0 0 0 0 -383.209 248.616 2342.13 -337.839 206.18 2544.56 0 0 0 -385.954 69.7687 2745.95 0 0 0 -678.302 -111.184 2483.57 -448.773 -460.109 2328.97 0 0 0 -484.392 -777.218 2504.74 -494.668 -106.457 2524.32 -464.432 -423.747 2342.27 0 0 0 -502.545 -742.346 2513.19
25138480 -524.833 411.913 2140.03 -546.48 252.871 2276.13 -565.759 85.2669 2389.04 0 0 0 0 0 0 -715.314 249.103 2241.71 -816.955 156.026 2366.26 0 0 0 -838.362 -41.0983 2485.07 0 0 0 0 0 0 -377.646 256.639 2310.55 -282.474 231.357 2495.88 0 0 0 -319.186 74.8597 2663.9 0 0 0 -677.173 -84.3936 2483.17 -491.386 -427.297 2286.98 0 0 0 -488.133 -780.376 2363.26 -492.903 -80.2808 2520.74 -451.568 -500.245 2463.08 0 0 0 -500.986 -782.714 2697.96
25171773 -519.356 409.832 2110.33 -543.023 259.959 2255.22 -563.456 100.308 2378.9 0 0 0 0 0 0 -711.973 255.314 2221.31 -867.717 183.388 2312.57 0 0 0 -892.226 -33.7691 2410.44 0 0 0 0 0 0 -374.073 264.605 2289.13 -221.227 246.322 2444.68 0 0 0 -237.215 57.1368 2584.4 0 0 0 -676.614 -61.8927 2483.96 -517.108 -388.115 2271.14 0 0 0 -493.164 -759.107 2298.88 -491.166 -56.7935 2521.18 -442.46 -537.37 2526.71 0 0 0 -502.88 -799.961 2793.87
25205066 -514.007 405.899 2095.47 -538.207 259.53 2241.33 -557.635 103.262 2369.95 0 0 0 0 0 0 -706.974 252.24 2206.98 -897.828 191.718 2240.84 0 0 0 -938.208 -28.0315 2292.8 0 0 0 0 0 0 -369.44 266.82 2275.68 -168.318 243.626 2377.71 0 0 0 -142.465 35.7216 2475.2 0 0 0 -671.893 -57.1021 2479.27 -525.342 -372.466 2254.92 0 0 0 -492.307 -752.624 2259.75 -482.233 -48.9093 2517.87 -437.733 -555.154 2555.24 0 0 0 -504.293 -803.932 2841.45
25238359 -507.076 400.886 2075.55 -531.619 258.509 2226.45 -552.175 107.117 2360.79 0 0 0 0 0 0 -701.061 253.838 2195.26 -902.743 193.029 2161.3 0 0 0 -968.986 -14.5756 2152.53 0 0 0 0 0 0 -362.176 263.18 2257.65 -105.619 220.987 2299.5 0 0 0 -27.8132 1.79707 2341.54 0 0 0 -666.574 -46.8613 2477.86 -528.825 -357.604 2247.49 0 0 0 -493.764 -742.708 2243.62 -478.889 -41.6873 2512.41 -437.918 -555.833 2563.16 0 0 0 -517.459 -783.215 2866.48
25271652 -502.782 397.526 2066.06 -525.2 252.073 2214.75 -544.535 99.9891 2348.78 0 0 0 0 0 0 -695.086 248.203 2185.85 -774.299 201.405 1982.45 0 0 0 -840.225 106.125 1783.79 0 0 0 0 0 0 -355.313 255.943 2243.64 -147.248 205.695 2056.03 0 0 0 -7.78148 108.93 1876.63 0 0 0 -657.253 -54.2219 2466.94 -519.544 -350.477 2221.5 0 0 0 -486.079 -738.364 2216.56 -470.487 -49.9678 2498.7 -434.263 -566.725 2540.16 0 0 0 -518.962 -793.003 2845.85
25304945 -498.006 386.017 2045.32 -519.747 242.812 2199.44 -539.29 93.1318 2336.23 0 0 0 0 0 0 -689.436 237.607 2169.5 -749.165 194.213 1934.71 0 0 0 -796.251 121.691 1702.72 0 0 0 0 0 0 -350.058 248.017 2229.38 -152.643 194.839 2004.02 0 0 0 -19.8184 141.215 1786.93 0 0 0 -651.763 -59.3993 2456.62 -517.212 -352.983 2207.1 0 0 0 -482.07 -742.008 2199.88 -465.902 -53.698 2489.42 -404.61 -506.242 2465.55 0 0 0 -505.938 -737.128 2763.57
25338238 -492.487 378.624 2040.96 -511.441 230.679 2191.77 -527.039 76.9084 2324.39 0 0 0 0 0 0 -681.161 222.772 2162.64 -738.069 190.625 1892.91 0 0 0 -762.711 124.738 1645.38 0 0 0 0 0 0 -341.722 238.586 2220.9 -151.793 197.415 1961.48 0 0 0 -28.8208 158.978 1723.13 0 0 0 -635.264 -81.1773 2441.1 -499.763 -362.408 2180.19 0 0 0 -463.068 -751.882 2183.11 -450.01 -72.5465 2472.9 -402.357 -501.936 2463.71 0 0 0 -484.624 -786.906 2705.89
25371531 -489.447 375.564 2044.28 -505.691 221.256 2188.76 -518.237 62.4886 2315.57 0 0 0 0 0 0 -675.419 211.764 2160.08 -736.025 180.322 1866.99 0 0 0 -737.582 127.684 1609.35 0 0 0 0 0 0 -335.962 230.748 2217.43 -153.875 189.2 1936.21 0 0 0 -38.0041 167.378 1686.99 0 0 0 -623.399 -101.458 2426.74 -496.176 -384.33 2162.94 0 0 0 -459.835 -773.883 2176.3 -438.167 -91.099 2458.03 -410.545 -509.201 2466.25 0 0 0 -490.27 -825.575 2669.14
25404824 -489.876 372.383 2044.93 -503.425 211.827 2183.83 -513.837 47.7856 2303.84 0 0 0 0 0 0 -672.993 201.181 2154.57 -733.985 166.147 1853.52 0 0 0 -717.059 125.116 1592.05 0 0 0 0 0 0 -333.856 222.472 2213.09 -152.403 170.114 1926.08 0 0 0 -48.9093 156.042 1669.34 0 0 0 -616.777 -122.064 2407.89 -489.448 -394.769 2133.65 0 0 0 -460.73 -783.259 2168.29 -431.724 -110.447 2439.82 -417.924 -523.046 2454.95 0 0 0 -495.428 -848.327 2651.69
25438117 -484.439 366.493 2039.76 -500.131 204.686 2177.6 -511.216 39.1226 2295.7 0 0 0 0 0 0 -669.667 194.812 2147.85 -733.492 155.072 1843.26 0 0 0 -705.927 120.691 1580.81 0 0 0 0 0 0 -330.594 214.56 2207.36 -151.203 157.059 1913.55 0 0 0 -52.0156 142.936 1654.59 0 0 0 -614.084 -131.786 2397.69 -484.641 -410.736 2130.59 0 0 0 -461.073 -798.944 2174.6 -430.518 -121.095 2429.9 -419.064 -528.465 2441.39 0 0 0 -486.028 -868.727 2624.17
25471410 -481.287 359.431 2037.17 -498.075 197.104 2174.45 -509.435 30.6181 2291.36 0 0 0 0 0 0 -667.273 186.6 2143.05 -732.238 145.529 1827.13 0 0 0 -697.446 115.429 1564.36 0 0 0 0 0 0 -328.876 207.609 2205.85 -144.594 150.035 1914.27 0 0 0 -57.0713 137.43 1652.83 0 0 0 -612.876 -141.585 2391.18 -470.732 -448.765 2119.02 0 0 0 -464.836 -834.537 2181.61 -428.715 -130.151 2425.36 -419.21 -537.636 2434.23 0 0 0 -476.513 -887.439 2601.65
25504703 -478.69 352.209 2029.87 -496.467 191.507 2170.27 -508.839 26.8709 2289.71 0 0 0 0 0 0 -665.396 180.503 2137.61 -728.131 137.772 1814.06 0 0 0 -693.327 112.632 1550.81 0 0 0 0 0 0 -327.538 202.511 2202.94 -140.309 141.005 1912.14 0 0 0 -59.8347 122.763 1651.9 0 0 0 -613.106 -143.751 2391.38 -460.327 -463.659 2117.93 0 0 0 -474.134 -845.486 2198.61 -429.315 -131.779 2426.92 -421.502 -539.339 2433.8 0 0 0 -470.594 -896.968 2586.65
25537996 -477.972 350.309 2032.23 -494.357 187.494 2170.55 -506.3 22.3188 2289.35 0 0 0 0 0 0 -662.501 174.107 2135.03 -725.557 130.381 1804.54 0 0 0 -688.99 105.332 1543.08 0 0 0 0 0 0 -326.213 200.88 2206.07 -136.145 138.012 1905.57 0 0 0 -55.7576 116.885 1646.95 0 0 0 -609.874 -150.151 2388.78 -450.145 -481.627 2110.81 0 0 0 -475.787 -861.286 2200.57 -426.615 -135.561 2427.49 -426.704 -532.709 2472.59 0 0 0 -516.417 -841.878 2694.1
25571289 -475.891 350.57 2027.9 -493.379 188.189 2168.54 -506.329 24.1609 2288.82 0 0 0 0 0 0 -660.891 173.586 2130.59 -725.793 126.198 1806.75 0 0 0 -685.727 99.0911 1546.53 0 0 0 0 0 0 -325.867 202.791 2206.49 -133.588 138.989 1903.28 0 0 0 -52.088 117.809 1644.45 0 0 0 -609.826 -147.76 2388.59 -449.172 -478.729 2110.01 0 0 0 -486.362 -856.186 2206.08 -428.733 -131.974 2429.62 -427.139 -537.99 2466.52 0 0 0 -504.361 -863.011 2671.63
25604582 -474.914 349.742 2031.25 -493.634 186.631 2169.68 -506.778 21.5159 2288.46 0 0 0 0 0 0 -661.035 172.192 2131.09 -725.393 122.098 1806.88 0 0 0 -682.219 95.4634 1548.82 0 0 0 0 0 0 -326.233 201.07 2208.28 -131.292 141.499 1905.65 0 0 0 -47.3115 118.904 1646.87 0 0 0 -610.832 -151.441 2386.27 -451.804 -488.659 2111.46 0 0 0 -488.075 -867.59 2203.42 -429.012 -135.758 2428.19 -421.734 -537.491 2471.15 0 0 0 -531.653 -815.759 2721.94
25637875 -474.917 351.9 2032.92 -493.734 188.732 2171.13 -506.954 23.0964 2289.19 0 0 0 0 0 0 -661.237 174.751 2132.76 -724.698 120.556 1808.94 0 0 0 -681.598 93.642 1551.15 0 0 0 0 0 0 -326.231 202.713 2209.5 -129.646 141.749 1912.33 0 0 0 -44.3359 120.47 1654.04 0 0 0 -611.353 -150.15 2386.36 -451.418 -485.201 2114.98 0 0 0 -491.359 -864.246 2205.7 -428.995 -134.929 2428.13 -418.533 -538.253 2472.36 0 0 0 -533.667 -805.018 2733.8
25671168 -474.626 353.639 2040.75 -493.566 189.573 2175.8 -506.601 22.623 2292.01 0 0 0 0 0 0 -661.002 175.689 2137.07 -726.347 119.778 1811.47 0 0 0 -682.228 91.7238 1553.64 0 0 0 0 0 0 -326.131 203.457 2214.53 -128.322 141.878 1920.17 0 0 0 -41.2497 118.855 1661.35 0 0 0 -610.885 -151.893 2387.1 -451.477 -486.492 2116.68 0 0 0 -490.528 -866.424 2204.45 -428.386 -136.761 2429.31 -407.467 -539.556 2480.63 0 0 0 -540.302 -803.626 2736.54
