13452637 -612.234 626.281 2755.77 -626.237 356.792 2800.45 -621.285 168.113 2824.97 0 0 0 0 0 0 -776.548 351.225 2787.98 -822.553 74.0957 2839.21 0 0 0 -818.941 -191.127 2778.98 0 0 0 0 0 0 -475.926 362.358 2812.92 -417.805 105.948 2912.91 0 0 0 -431.891 -111.927 2794.71 0 0 0 -721.854 -24.4739 2840.74 -695.79 -444.853 2848.98 0 0 0 -665.844 -821.426 2941.32 -510.812 -16.6585 2858.25 -527.011 -417.173 2880.01 0 0 0 -554.275 -789.903 2981
13481177 -619.565 626.672 2760.07 -634.492 357.36 2804.13 -626.355 167.879 2826.9 0 0 0 0 0 0 -786.301 349.42 2792.31 -829.055 71.3876 2841.16 0 0 0 -821.871 -192.455 2778.55 0 0 0 0 0 0 -482.683 365.299 2815.95 -422.523 109.796 2914.06 0 0 0 -454.637 -52.7157 2763.83 0 0 0 -723.007 -27.0828 2841.51 -696.829 -447.915 2850.08 0 0 0 -666.162 -823.111 2942.72 -513.428 -16.1222 2857.82 -533.498 -416.717 2878.19 0 0 0 -558.271 -793.322 2978.97
13519223 -621.221 626.847 2760.04 -638.241 356.576 2806.83 -628.15 166.981 2826.9 0 0 0 0 0 0 -789.745 347.238 2794.79 -833.435 70.0008 2841.42 0 0 0 -823.462 -208.857 2772.18 0 0 0 0 0 0 -486.737 365.914 2818.87 -425.838 110.331 2911.46 0 0 0 -429.254 -108.218 2773.23 0 0 0 -722.177 -29.0311 2838.7 -697.257 -451.157 2850.1 0 0 0 -665.934 -826.402 2943.9 -513.94 -16.1959 2855.24 -532.677 -416.448 2876.41 0 0 0 -557.183 -790.308 2976.61
13547916 -624.606 625.636 2762.98 -642.544 356.85 2808.53 -631.214 166.577 2827.87 0 0 0 0 0 0 -792.453 346.689 2796.39 -836.592 68.6958 2842.34 0 0 0 -817.319 -208.316 2744.03 0 0 0 0 0 0 -492.634 367.01 2820.68 -430.367 111.526 2907.24 0 0 0 -432.33 -100.483 2795.35 0 0 0 -723.599 -30.7249 2838.81 -697.308 -452.087 2850.03 0 0 0 -667.173 -829.06 2945.4 -516.169 -16.6656 2855.61 -532.889 -417.665 2876.04 0 0 0 -558.632 -792.4 2973.77
13585809 -628.409 625.179 2766.07 -644.011 356.846 2809.14 -634.645 166.7 2827.9 0 0 0 0 0 0 -794.464 348.237 2796.99 -837.821 70.4228 2843.75 0 0 0 -813.574 -195.974 2734.82 0 0 0 0 0 0 -493.559 365.456 2821.29 -429.311 108.82 2906.02 0 0 0 -431.926 -104.277 2787.32 0 0 0 -723.784 -29.0843 2838.7 -698.32 -451.791 2850.91 0 0 0 -669.154 -832.022 2947.73 -526.774 -17.81 2854.61 -534.63 -417.766 2874.99 0 0 0 -557.751 -792.113 2973.33
13614654 -632.463 626.012 2767.57 -646.332 357.809 2809.97 -637.277 167.356 2829.17 0 0 0 0 0 0 -797.988 349.446 2798.54 -838.891 72.2994 2845.4 0 0 0 -813.704 -175.599 2702.51 0 0 0 0 0 0 -494.676 366.172 2821.4 -429.085 107.813 2905.81 0 0 0 -430.839 -111.675 2759.64 0 0 0 -723.769 -28.3652 2841.18 -699.266 -451.134 2851.31 0 0 0 -669.244 -831.017 2949.51 -532.676 -17.8273 2855.58 -535.707 -416.921 2873.67 0 0 0 -558.016 -791.597 2973.39
13652395 -633.611 627.047 2768.37 -648.213 358.999 2811.49 -639.346 168.007 2830.39 0 0 0 0 0 0 -799.142 350.773 2799.17 -840.706 74.9132 2845.28 0 0 0 -812.209 -167.921 2662.25 0 0 0 0 0 0 -497.285 367.225 2823.8 -429.506 109.57 2903.39 0 0 0 -420.648 -117.088 2740.15 0 0 0 -724.29 -28.0972 2841.63 -699.752 -450.969 2851.99 0 0 0 -669.594 -831.817 2950.11 -536.667 -17.8715 2856.94 -535.93 -417.031 2871.93 0 0 0 -558.468 -792.057 2973.1
13681393 -634.696 626.866 2768.76 -650.696 359.132 2813 -641.633 168.195 2831.64 0 0 0 0 0 0 -804.056 350.572 2799.88 -842.981 75.7295 2844.13 0 0 0 -811.916 -149.019 2624.19 0 0 0 0 0 0 -497.337 367.693 2826.12 -429.639 109.401 2895.55 0 0 0 -411.341 -103.549 2712.11 0 0 0 -725.411 -27.9255 2842.34 -701.045 -451.379 2852.83 0 0 0 -668.501 -832.053 2950.07 -539.727 -17.5607 2858.22 -537.283 -416.755 2871.31 0 0 0 -559.406 -792.959 2973.7
13718981 -638.289 626.615 2769.58 -653.837 358.024 2814.73 -644.317 167.856 2832.66 0 0 0 0 0 0 -808.649 348.93 2800.48 -858.847 57.4973 2827.63 0 0 0 -819.933 -135.05 2610.35 0 0 0 0 0 0 -499.026 367.119 2828.98 -426.651 103.993 2870.84 0 0 0 -407.293 -104.716 2689.47 0 0 0 -726.705 -27.7121 2842.13 -702.992 -451.438 2851.9 0 0 0 -671.514 -820.438 2932.45 -542.887 -16.9138 2859.05 -537.581 -417.832 2870.25 0 0 0 -560.507 -793.843 2973.57
13748131 -641.036 626.623 2769.92 -655.492 356.271 2815.72 -645.987 166.801 2833.3 0 0 0 0 0 0 -812.096 346.988 2800.36 -857.233 53.5438 2791.97 0 0 0 -813.652 -127.708 2567.72 0 0 0 0 0 0 -498.889 365.553 2831.07 -409.429 72.9774 2847.64 0 0 0 -383.225 -82.7836 2641.35 0 0 0 -727.086 -28.0388 2842.01 -704.853 -452.517 2852.28 0 0 0 -670.03 -826.372 2940.52 -545.876 -17.2977 2859.78 -537.072 -418.871 2870.22 0 0 0 -561.461 -796.366 2970.45
13785567 -645.234 626.046 2771.37 -656.398 355.677 2816.29 -648.141 166.26 2834.17 0 0 0 0 0 0 -813.607 347.326 2800.43 -862.841 82.0046 2782.53 0 0 0 -803.535 -98.7672 2530.65 0 0 0 0 0 0 -499.188 364.027 2832.15 -406.395 75.5983 2840.72 0 0 0 -375.052 -67.5372 2630.3 0 0 0 -727.699 -27.8202 2843.19 -706.711 -452.463 2854.01 0 0 0 -673.032 -819.92 2934.86 -552.069 -18.4915 2860.91 -536.375 -419.836 2868.78 0 0 0 -562.359 -798.385 2963.91
13814870 -647.864 627.08 2772.95 -658.338 356.187 2817.94 -650.228 166.096 2835.12 0 0 0 0 0 0 -815.241 347.992 2801.33 -879.916 79.3384 2788.99 0 0 0 -805.28 -73.0926 2521.33 0 0 0 0 0 0 -501.435 364.383 2834.55 -405.204 77.5305 2836.08 0 0 0 -363.667 -43.671 2608.35 0 0 0 -728.524 -28.508 2843.16 -708.578 -452.735 2854.76 0 0 0 -672.484 -820.625 2940.18 -555.71 -19.4811 2861.45 -537.566 -423.088 2867.14 0 0 0 -563.901 -801.634 2960.27
13852153 -649.972 627.843 2774.38 -660.858 356.33 2820.18 -651.566 165.902 2835.54 0 0 0 0 0 0 -818.77 347.435 2805.44 -876.164 72.2048 2779.51 0 0 0 -799.595 -50.0088 2491.02 0 0 0 0 0 0 -502.947 365.224 2834.91 -403.115 82.1463 2827.37 0 0 0 -360.066 -13.0818 2589.73 0 0 0 -729.865 -29.4595 2842.73 -712.381 -453.346 2856.15 0 0 0 -674.124 -815.731 2944.63 -554.682 -19.5921 2859.08 -536.611 -422.521 2867.86 0 0 0 -564.31 -801.986 2959.08
13881608 -651.43 627.598 2775.68 -661.262 355.088 2821.2 -653.516 163.733 2835.86 0 0 0 0 0 0 -818.195 347.558 2805.84 -881.199 62.3093 2745.22 0 0 0 -793.18 -32.6006 2463.51 0 0 0 0 0 0 -504.33 362.618 2836.56 -393.557 87.7123 2816.91 0 0 0 -351.871 5.20766 2565.42 0 0 0 -731.93 -31.7551 2842.09 -714.104 -454.829 2858.01 0 0 0 -672.024 -821.349 2950.71 -559.61 -23.4869 2858.96 -537.069 -425.707 2866.71 0 0 0 -562.702 -801.935 2959.74
13918739 -652.382 626.533 2776.67 -660.656 353.216 2821.2 -654.702 159.931 2835.67 0 0 0 0 0 0 -818.613 347.179 2805.55 -882.84 58.122 2746.54 0 0 0 -792.506 -12.6804 2444.8 0 0 0 0 0 0 -502.699 359.253 2836.85 -376.016 71.3748 2792.41 0 0 0 -351.847 15.7702 2548.03 0 0 0 -735.082 -36.6531 2841.59 -714.345 -457.515 2859.51 0 0 0 -671.064 -825.664 2954.98 -562.415 -30.0534 2858.7 -536.634 -432.349 2867.36 0 0 0 -562.726 -804.064 2958.09
13948347 -651.729 625.751 2777.19 -659.378 351.8 2820.74 -653.551 158.159 2842.15 0 0 0 0 0 0 -817.626 346.074 2812.02 -885.326 61.2103 2747.46 0 0 0 -788.939 5.02054 2442.43 0 0 0 0 0 0 -501.131 357.526 2829.46 -368.309 69.4473 2775.58 0 0 0 -346.354 35.8869 2525.71 0 0 0 -732.987 -38.5668 2858.86 -713.726 -460.63 2853.72 0 0 0 -669.244 -830.301 2950.03 -562.462 -32.3967 2868.26 -538.093 -426.964 2874.73 0 0 0 -563.53 -801.112 2965.77
13985325 -653.127 624.66 2778.35 -660.635 348.143 2822.51 -653.963 150.428 2847.19 0 0 0 0 0 0 -819.519 341.158 2809.51 -871.823 59.0498 2715.11 0 0 0 -786.98 18.6395 2424.43 0 0 0 0 0 0 -501.752 355.129 2835.52 -368.099 67.7013 2774.72 0 0 0 -341.911 53.9879 2525.34 0 0 0 -738.028 -51.2757 2864.44 -715.711 -463.477 2860.18 0 0 0 -668.378 -834.631 2955.06 -556.553 -43.2973 2879.29 -531.778 -412.06 2855.34 0 0 0 -563.308 -800.743 2958.61
14015085 -654.703 623.916 2779.46 -659.782 347.595 2822.17 -654.711 149.257 2845.28 0 0 0 0 0 0 -818.719 341.963 2808.71 -865.622 66.3495 2698.84 0 0 0 -774.5 30.1596 2398 0 0 0 0 0 0 -500.846 353.228 2835.64 -367.492 67.688 2770.87 0 0 0 -340.962 63.4454 2521.15 0 0 0 -739.538 -52.2673 2860.77 -715.35 -459.799 2859.03 0 0 0 -667.308 -831.462 2953.65 -559.743 -45.8957 2876 -533.747 -422.607 2862.47 0 0 0 -562.125 -803.447 2959.86
14051911 -657.676 623.324 2780.69 -660.185 346.868 2822.27 -655.307 149.858 2845.74 0 0 0 0 0 0 -819.231 341.392 2809.36 -863.359 83.4439 2686.45 0 0 0 -774.278 45.8713 2400.55 0 0 0 0 0 0 -501.139 352.345 2835.18 -368.075 68.0176 2769.2 0 0 0 -341.605 76.4638 2507.99 0 0 0 -740.188 -50.2422 2861.92 -715.69 -458.76 2856.6 0 0 0 -666.896 -837.456 2950.27 -560.67 -44.0609 2876.5 -533.914 -428.346 2867 0 0 0 -561.092 -806.017 2962
14081824 -657.826 622.288 2780.61 -659.907 346.634 2821.86 -653.932 151.629 2845.43 0 0 0 0 0 0 -819.137 340.262 2809.51 -861.433 91.3523 2681.18 0 0 0 -776.269 51.7891 2399.92 0 0 0 0 0 0 -500.676 353.005 2834.21 -369.169 74.7545 2768.75 0 0 0 -334.052 87.5282 2506.02 0 0 0 -737.028 -46.9394 2862.09 -715.35 -459.508 2854.45 0 0 0 -668.244 -834.187 2947.09 -558.888 -39.8115 2875.91 -531.523 -433.263 2870.75 0 0 0 -560.67 -808.281 2963.88
14118497 -658.924 620.71 2781.12 -659.588 346.425 2822.21 -653.547 151.786 2844.39 0 0 0 0 0 0 -818.929 339.673 2806.36 -860.478 95.8457 2676.85 0 0 0 -775.993 50.2443 2386.02 0 0 0 0 0 0 -500.248 353.177 2838.07 -370.133 77.6519 2770.32 0 0 0 -339.119 90.1696 2510.21 0 0 0 -735.269 -46.571 2857.83 -714.588 -464.792 2857.33 0 0 0 -669.607 -837.117 2942.14 -559.743 -39.1334 2875.29 -529.711 -433.368 2867.92 0 0 0 -558.132 -821.218 2966.28
14148562 -658.815 619.654 2781.17 -659.899 346.338 2822.41 -653.653 151.485 2843.98 0 0 0 0 0 0 -819.327 339.265 2804.69 -858.923 97.064 2676.65 0 0 0 -776.87 52.3924 2384.93 0 0 0 0 0 0 -500.471 353.411 2840.13 -370.304 84.8231 2766.42 0 0 0 -337.227 91.4264 2509.02 0 0 0 -734.324 -47.2238 2855.89 -714.269 -467.773 2857.93 0 0 0 -666.975 -841.223 2946.71 -560.488 -39.5117 2875.22 -527.926 -434.114 2867.7 0 0 0 -559.305 -811.459 2963.12
14185083 -659.436 617.768 2781.7 -660.269 345.565 2823.83 -653.455 150.558 2845.53 0 0 0 0 0 0 -820.218 338.084 2806.82 -863.606 94.8528 2701.05 0 0 0 -743.562 23.9059 2454.08 0 0 0 0 0 0 -500.319 353.046 2840.83 -369.467 96.4367 2765.72 0 0 0 -336.985 85.9764 2504.55 0 0 0 -731.841 -48.4339 2858.17 -714.175 -468.936 2855.27 0 0 0 -665.272 -843.914 2947.58 -561.443 -40.4645 2876.29 -525.688 -437.002 2867.85 0 0 0 -559.676 -809.63 2963.15
14218376 -660.94 614.893 2781.47 -660.883 343.434 2824.99 -653.336 149.351 2846.48 0 0 0 0 0 0 -821.936 335.351 2808.55 -860.11 97.276 2691.34 0 0 0 -771.397 50.2851 2367.03 0 0 0 0 0 0 -499.829 351.517 2841.44 -369.349 95.5983 2765.65 0 0 0 -333.683 86.838 2499.65 0 0 0 -729.37 -48.9266 2859.43 -714.093 -470.81 2853.77 0 0 0 -665.159 -839.033 2942.35 -562.21 -40.5372 2876.5 -522.021 -445.631 2866.26 0 0 0 -560.938 -818.875 2960.94
14248670 -661.78 609.512 2781.04 -660.787 342.105 2826.47 -653.169 148.648 2846.59 0 0 0 0 0 0 -822.715 333.86 2808.49 -841.264 89.2874 2665.53 0 0 0 -749.298 35.4378 2451.03 0 0 0 0 0 0 -498.858 350.351 2844.45 -368.911 96.624 2767.82 0 0 0 -334.712 82.5721 2487.72 0 0 0 -728.983 -49.0582 2857.44 -713.218 -475.583 2848.97 0 0 0 -663.949 -839.372 2940.7 -562.121 -40.5615 2875.97 -521.138 -448.103 2858.37 0 0 0 -561.225 -812.731 2958.22
14284962 -661.358 601.348 2778.85 -659.593 338.974 2827.52 -651.252 146.296 2846.63 0 0 0 0 0 0 -822.652 329.977 2807.98 -847.95 88.2247 2672.89 0 0 0 -771.029 47.2682 2369.79 0 0 0 0 0 0 -496.534 347.972 2847.06 -366.211 104.176 2771.62 0 0 0 -334.355 73.0143 2484.91 0 0 0 -723.287 -50.8163 2856.12 -713.214 -486.241 2838.24 0 0 0 -659.26 -844.112 2937.28 -562.534 -41.9461 2875.38 -519.714 -451.924 2848.44 0 0 0 -564.844 -823.089 2947.91
14318255 -663.648 588.675 2775.35 -655.521 327.42 2826.9 -648.875 138.87 2844.97 0 0 0 0 0 0 -822.131 319.658 2807.18 -841.945 79.0903 2671.19 0 0 0 -771.648 37.1637 2360.2 0 0 0 0 0 0 -488.912 335.182 2846.61 -357.872 99.1502 2752.53 0 0 0 -338.663 70.5011 2487.56 0 0 0 -720.405 -53.3225 2853.78 -715.288 -492.62 2824.13 0 0 0 -659.774 -845.669 2936.64 -564.054 -46.0387 2872.28 -519.038 -455.365 2841.8 0 0 0 -563.687 -822.959 2951.12
14348778 -662.886 577.397 2772.87 -652.846 313.702 2822.81 -646.468 131.184 2842.48 0 0 0 0 0 0 -819.449 305.54 2801.09 -843.476 82.6087 2672.78 0 0 0 -759.261 30.8656 2363.17 0 0 0 0 0 0 -486.243 321.864 2844.54 -358.264 100.86 2759.66 0 0 0 -326.41 62.4332 2482.75 0 0 0 -717.824 -55.1429 2852.01 -715.696 -493.321 2816.06 0 0 0 -659.606 -844.587 2937.71 -562.357 -47.5263 2872.28 -520.224 -458.9 2839.88 0 0 0 -564.5 -828.143 2950.89
14384841 -662.72 575.537 2769.94 -654.221 313.491 2821.99 -646.699 130.46 2842.12 0 0 0 0 0 0 -819.153 304.21 2799.24 -841.312 84.0154 2666.76 0 0 0 -760.668 36.0351 2358.59 0 0 0 0 0 0 -489.29 322.772 2844.74 -360.06 86.8108 2754.43 0 0 0 -325.713 47.4822 2486.74 0 0 0 -715.823 -56.8846 2851.68 -714.609 -492.421 2809.77 0 0 0 -658.841 -841.413 2934.61 -562.53 -48.2584 2872.83 -520.226 -463.11 2834.14 0 0 0 -566.813 -833.337 2945.34
14418134 -661.862 569.379 2765.63 -653.278 306.643 2822.64 -645.132 123.414 2841.45 0 0 0 0 0 0 -819.217 296.965 2800.22 -840.62 74.7791 2663.19 0 0 0 -767.272 28.3155 2354.11 0 0 0 0 0 0 -487.338 316.322 2845.07 -362.026 85.3735 2749.05 0 0 0 -326.875 50.0396 2481.81 0 0 0 -711.534 -64.1627 2850.18 -712.81 -487.995 2800.58 0 0 0 -658.501 -833.027 2929.62 -562.44 -55.4668 2870.33 -519.514 -467.499 2829.37 0 0 0 -566.908 -838.825 2941.07
14448886 -660.592 566.683 2764.71 -653.926 297.714 2821.5 -644.79 117.587 2840.63 0 0 0 0 0 0 -819.907 287.012 2799.99 -840.603 65.9606 2659.46 0 0 0 -764.676 18.4758 2355.6 0 0 0 0 0 0 -487.944 308.416 2843 -362.836 82.9694 2748.02 0 0 0 -321.825 33.4325 2483.97 0 0 0 -709.405 -67.2955 2850.2 -707.075 -486.611 2797.33 0 0 0 -657.637 -825.934 2919.76 -561.905 -57.785 2869.31 -519.387 -469.931 2827.22 0 0 0 -566.14 -839.83 2941.35
14484720 -657.986 559.476 2760.96 -652.242 291.558 2820.21 -642.233 112.13 2839.11 0 0 0 0 0 0 -817.202 280.125 2799.02 -836.281 53.7667 2659.79 0 0 0 -764.541 12.3272 2350.8 0 0 0 0 0 0 -487.283 302.992 2841.4 -361.299 80.6899 2745.19 0 0 0 -319.813 32.1924 2481.37 0 0 0 -703.516 -72.2388 2848.84 -701.412 -487.262 2792.96 0 0 0 -647.916 -839.345 2915.7 -560.932 -62.356 2867.16 -518.219 -473.038 2822.57 0 0 0 -567.122 -842.448 2936.99
14515624 -654.235 548.86 2756.73 -647.383 281.905 2816.34 -638.144 104.973 2836.44 0 0 0 0 0 0 -809.092 270.684 2791.9 -833.438 51.7276 2655.46 0 0 0 -758.797 6.55518 2351.12 0 0 0 0 0 0 -485.673 293.126 2840.79 -348.286 67.2532 2733.62 0 0 0 -320.99 14.6082 2476.77 0 0 0 -697.566 -76.7223 2846.16 -698.983 -482.452 2789.9 0 0 0 -651.964 -831.372 2919.86 -560.245 -67.1938 2866.92 -516.744 -478.558 2816.53 0 0 0 -566.752 -846.078 2934.88
14551306 -651.216 536.459 2749.67 -646.958 270.136 2808.13 -636.82 97.6396 2832.46 0 0 0 0 0 0 -809.053 256.956 2782.23 -834.559 44.988 2653.55 0 0 0 -764.542 -3.31887 2346.18 0 0 0 0 0 0 -484.862 283.316 2834.02 -347.014 63.3385 2736.22 0 0 0 -314.956 6.16898 2475.36 0 0 0 -693.499 -80.2894 2846.12 -696.312 -480.012 2783.91 0 0 0 -652.483 -829.554 2915.22 -559.864 -69.4235 2867.47 -514.901 -480.4 2814.48 0 0 0 -566.014 -846.108 2935.84
14584599 -648.918 524.845 2740.88 -645.839 262.824 2804.2 -634.242 90.6324 2830.32 0 0 0 0 0 0 -807.517 247.848 2777.26 -838.917 26.5317 2654.27 0 0 0 -764.738 -17.8476 2346.77 0 0 0 0 0 0 -484.162 277.8 2831.15 -346.772 50.3032 2747.23 0 0 0 -314.155 -11.0085 2467.53 0 0 0 -687.207 -87.5395 2845.67 -696.53 -476.07 2779.27 0 0 0 -654.93 -822.401 2916.7 -558.081 -75.5789 2867.19 -512.498 -485.73 2812.73 0 0 0 -566.049 -852.245 2933.49
14617892 -645.057 514.421 2732.89 -643.015 257.172 2801.54 -631.724 84.3501 2827.72 0 0 0 0 0 0 -804.482 242.648 2775.31 -838.136 18.8415 2649.25 0 0 0 -759.513 -33.4097 2345.59 0 0 0 0 0 0 -481.547 271.695 2827.77 -346.525 47.9104 2747.84 0 0 0 -310.493 -15.2474 2467.02 0 0 0 -684.366 -94.2217 2843.52 -694.166 -480.386 2773.12 0 0 0 -655.064 -828.786 2912.61 -556.501 -82.7209 2864.3 -511.512 -486.948 2810.76 0 0 0 -565.888 -853.498 2931.91
14649101 -643.591 510.492 2733.12 -639.99 250.811 2799.88 -630.148 78.2833 2826.41 0 0 0 0 0 0 -800.008 237.847 2774.95 -842.291 8.91302 2648.63 0 0 0 -756.383 -51.1256 2337.47 0 0 0 0 0 0 -479.973 263.774 2824.81 -339.004 26.1713 2745.47 0 0 0 -296.664 -26.5003 2481.15 0 0 0 -685.557 -99.5302 2842.79 -692.947 -492.096 2764.24 0 0 0 -655.245 -833.871 2910.98 -555.055 -88.9578 2863.12 -508.847 -489.291 2806.83 0 0 0 -565.752 -854.401 2929.81
14684478 -640.686 501.893 2731.95 -634.814 231.859 2798.66 -627.54 66.7865 2825.1 0 0 0 0 0 0 -794.567 220.97 2774.62 -852.335 1.88219 2655.46 0 0 0 -759.046 -59.0896 2349.78 0 0 0 0 0 0 -475.061 242.747 2822.69 -334.471 -0.415817 2734.44 0 0 0 -296.995 -50.3794 2480.33 0 0 0 -685.961 -102.763 2841.65 -692.91 -487.334 2761.12 0 0 0 -655.666 -828.026 2912.03 -554.573 -93.8079 2861.42 -504.638 -494.102 2800.11 0 0 0 -565.572 -855.689 2928.23
14715840 -637.849 496.256 2731.54 -631.072 223.608 2794.41 -624.173 58.601 2821.23 0 0 0 0 0 0 -791.783 213.888 2775.94 -856.034 -27.3296 2635.14 0 0 0 -754.465 -82.76 2353.83 0 0 0 0 0 0 -470.361 233.328 2812.88 -319.576 -18.5163 2727.78 0 0 0 -291.289 -56.5018 2474.1 0 0 0 -682.794 -110.369 2840.52 -689.416 -492.322 2758.87 0 0 0 -655.328 -834.807 2908.78 -551.756 -102.443 2855.57 -501.664 -497.435 2794.8 0 0 0 -567.985 -851.879 2924.51
14751064 -634.138 489.642 2728.87 -627.822 215.287 2789.41 -616.433 47.4668 2811 0 0 0 0 0 0 -789.932 201.436 2767.26 -848.534 -48.572 2621.3 0 0 0 -753.846 -112.644 2347.43 0 0 0 0 0 0 -465.713 229.138 2811.55 -321.64 -14.5468 2730.24 0 0 0 -287.83 -55.9789 2479.51 0 0 0 -673.348 -126.19 2823.27 -688.169 -521.232 2766.71 0 0 0 -660.92 -857.166 2921.59 -536.738 -114.517 2841.93 -497.815 -473.808 2782.34 0 0 0 -565.031 -828.295 2913.02
14784357 -628.946 479.047 2720.1 -624.71 205.775 2784.36 -614.009 39.6565 2809.7 0 0 0 0 0 0 -789.103 192.774 2768.56 -846.926 -48.5208 2637.3 0 0 0 -755.722 -117.225 2357.63 0 0 0 0 0 0 -460.316 218.775 2800.17 -315.558 -24.5571 2723.42 0 0 0 -285.516 -77.3837 2480.61 0 0 0 -672.832 -131.96 2828.35 -684.02 -520.527 2759.01 0 0 0 -658.951 -853.761 2918.65 -533.784 -120.964 2841.72 -500.11 -489.299 2787.35 0 0 0 -566.72 -844.83 2914.22
14815947 -625.096 465.944 2713.96 -622.585 199.673 2781.81 -609.043 29.9328 2808.61 0 0 0 0 0 0 -788.577 184.412 2769.02 -849.547 -67.3789 2644.15 0 0 0 -755.299 -142.591 2357.8 0 0 0 0 0 0 -456.592 214.934 2794.59 -313.776 -27.7257 2721.39 0 0 0 -288.363 -96.7178 2481.04 0 0 0 -659.58 -145.698 2830.47 -679.952 -521.218 2754.05 0 0 0 -640.053 -879.715 2909.86 -531.424 -133.916 2840.34 -500.336 -496.32 2789.37 0 0 0 -557.768 -867.344 2926.1
14850943 -622.905 453.762 2707.09 -621.954 196.089 2780.13 -607.876 20.8164 2807.56 0 0 0 0 0 0 -788.205 181.042 2769.31 -846.47 -67.1996 2656.51 0 0 0 -755.537 -149.717 2362.94 0 0 0 0 0 0 -455.702 211.135 2790.96 -316.569 -29.5128 2720.56 0 0 0 -282.791 -100.952 2478.63 0 0 0 -656.292 -160.112 2830.91 -674.936 -537.918 2744.44 0 0 0 -631.634 -889.069 2904.86 -531.302 -148.799 2839.05 -501.249 -521.445 2787.69 0 0 0 -557.297 -871.57 2932.67
14884236 -621.44 446.717 2702.32 -619.308 188.765 2776.56 -607.165 11.9011 2803.78 0 0 0 0 0 0 -785.169 176.024 2767.77 -844.649 -70.7181 2662.94 0 0 0 -757.745 -163.366 2373.63 0 0 0 0 0 0 -453.448 201.505 2785.34 -315.322 -39.8949 2721.14 0 0 0 -270.171 -127.972 2491.13 0 0 0 -659.194 -169.892 2827.61 -670.087 -549.3 2739.44 0 0 0 -631.794 -884.112 2902.82 -530.848 -160.033 2834.41 -507.535 -537.798 2786.45 0 0 0 -554.686 -873.449 2941.64
14916055 -619.039 435.349 2694.47 -618.251 184.722 2773.89 -608.635 9.6768 2802.88 0 0 0 0 0 0 -783.13 174.073 2764.28 -841.659 -74.1412 2662.41 0 0 0 -763.215 -169.839 2375.14 0 0 0 0 0 0 -453.372 195.371 2783.49 -314.675 -46.487 2723.47 0 0 0 -261.752 -140.971 2508.27 0 0 0 -667.13 -169.767 2827.89 -661.949 -551.939 2731.53 0 0 0 -628.315 -887.931 2901 -530.906 -160.969 2835.83 -506.056 -543.142 2787.42 0 0 0 -550.821 -862.293 2971.18
14950822 -616.555 432.621 2694.43 -615.019 181.171 2770.27 -608.605 7.32465 2800.86 0 0 0 0 0 0 -780.892 173.331 2760.49 -832.457 -86.4057 2647.61 0 0 0 -763.991 -187.983 2382.32 0 0 0 0 0 0 -449.146 189.011 2780.05 -311.238 -60.7654 2722.82 0 0 0 -258.075 -155.922 2516.13 0 0 0 -674.169 -169.924 2827.2 -641.364 -567.832 2735.79 0 0 0 -609.867 -911.045 2910.64 -530.215 -163.12 2835.69 -507.079 -544.237 2792.23 0 0 0 -555.5 -866.359 2975.95
14984115 -615.536 435.216 2693.42 -611.702 178.121 2762.59 -607.281 3.17006 2795.45 0 0 0 0 0 0 -776.484 171.432 2749.15 -828.622 -95.5396 2634.76 0 0 0 -770.472 -186.256 2406.92 0 0 0 0 0 0 -446.92 184.809 2776.04 -309.815 -62.5784 2720.01 0 0 0 -245.989 -171.061 2527.96 0 0 0 -677.613 -174.815 2822.2 -638.056 -582.027 2740.58 0 0 0 -609.016 -915.424 2914.89 -528.109 -168.747 2834.4 -509.03 -549.79 2799.71 0 0 0 -576.361 -863.465 2954.21
15016163 -613.656 437.284 2692.4 -608.109 178.945 2754.81 -605.951 3.16776 2791.5 0 0 0 0 0 0 -771.908 173.282 2737.31 -832.348 -87.5841 2645.16 0 0 0 -778.721 -204.441 2432.7 0 0 0 0 0 0 -444.311 184.608 2772.3 -296.3 -55.1114 2723 0 0 0 -244.931 -187.721 2555.37 0 0 0 -680.24 -175.252 2820.04 -640.733 -574.502 2739.12 0 0 0 -608.302 -914.92 2916.41 -527.345 -169.966 2836.37 -503.122 -563.042 2816.43 0 0 0 -593.549 -910.718 2968.41
15050701 -606.527 441.179 2686.35 -597.954 186.178 2747.53 -599.393 5.96007 2787.89 0 0 0 0 0 0 -762.996 183.198 2728.34 -825.742 -83.9868 2680.22 0 0 0 -778.397 -228.375 2447.44 0 0 0 0 0 0 -432.911 189.157 2766.71 -294.923 -57.8451 2724.3 0 0 0 -245.146 -195.769 2597.9 0 0 0 -680.473 -175.696 2818.99 -644.041 -581.366 2748.96 0 0 0 -607.217 -915.25 2918.35 -521.192 -172.82 2837.51 -491.068 -570.496 2831.03 0 0 0 -595.897 -914.626 2969.96
15083994 -601.015 447.033 2679.09 -591.365 194.271 2742.14 -596.372 10.2882 2784.39 0 0 0 0 0 0 -755.128 193.936 2721.27 -823.533 -79.6367 2694.34 0 0 0 -788.275 -236.738 2477.42 0 0 0 0 0 0 -427.601 194.607 2763.01 -285.23 -46.1126 2734.09 0 0 0 -237.321 -203.795 2630.14 0 0 0 -680.786 -173.858 2816.52 -642.465 -582.947 2750.23 0 0 0 -606.097 -914.86 2921.53 -521.974 -173.532 2836.76 -483.961 -587.954 2865.59 0 0 0 -600.083 -936.104 3007.84
15116271 -593.528 456.237 2668.55 -587.621 201.965 2736.63 -594.324 17.1453 2775.8 0 0 0 0 0 0 -751.715 202.354 2710.39 -820.856 -75.6859 2695.83 0 0 0 -795.339 -241.963 2511.01 0 0 0 0 0 0 -423.527 201.575 2762.87 -283.983 -31.6789 2752.96 0 0 0 -238.363 -210.968 2669.11 0 0 0 -681.919 -167.482 2802.03 -644.258 -575.96 2736.13 0 0 0 -606.214 -920.448 2930.04 -520.136 -167.866 2827.9 -483.568 -579.649 2853.01 0 0 0 -600.615 -927.453 2991.07
15150580 -587.102 467.498 2660.93 -584.02 209.842 2730.76 -592.293 24.1798 2767.71 0 0 0 0 0 0 -746.54 210.839 2699.38 -818.849 -69.5257 2700.94 0 0 0 -799.971 -248.812 2533.29 0 0 0 0 0 0 -421.5 208.844 2762.13 -281.726 -23.214 2764.7 0 0 0 -236.208 -204.928 2712.1 0 0 0 -687.096 -160.951 2787.95 -638.103 -570.551 2729.3 0 0 0 -608.676 -922.773 2927.81 -514.036 -162.013 2821.36 -484.187 -571.837 2847.21 0 0 0 -590.05 -909.429 2969.47
15183009 -584.033 477.96 2654.47 -577.804 224.612 2720.89 -586.178 36.5542 2760.53 0 0 0 0 0 0 -737.6 224.833 2688.18 -819.039 -62.7784 2705.37 0 0 0 -809.415 -253.397 2576.09 0 0 0 0 0 0 -418.009 224.391 2753.59 -280.477 -12.4432 2774.05 0 0 0 -242.163 -200.314 2758.75 0 0 0 -683.686 -151.38 2781.93 -624.927 -557.927 2722.46 0 0 0 -623.286 -912.984 2901.61 -505.417 -151.627 2818.41 -483.534 -569.658 2845.49 0 0 0 -572.687 -882.258 2968.39
15217166 -579.825 489.225 2647.12 -572.87 235.433 2710.7 -579.484 46.8064 2747.91 0 0 0 0 0 0 -734.636 235.561 2682.59 -820.774 -44.2769 2715.08 0 0 0 -816.306 -243.113 2630.39 0 0 0 0 0 0 -411.103 235.306 2738.8 -283.356 7.97505 2794.14 0 0 0 -250.678 -192.329 2790.11 0 0 0 -676.296 -141.749 2769.45 -618.4 -547.612 2714.25 0 0 0 -628.071 -903.205 2889.62 -495.901 -141.892 2800.79 -482.743 -553.515 2836.53 0 0 0 -580.1 -857.038 2976.64
15250459 -576.553 506.685 2637.94 -571.386 248.385 2702.61 -574.779 57.9977 2740.73 0 0 0 0 0 0 -733.956 246.054 2676.49 -816.071 -11.9358 2740.96 0 0 0 -824.771 -221.887 2657.32 0 0 0 0 0 0 -408.816 250.716 2728.73 -288.313 23.2168 2809.27 0 0 0 -257.375 -168.402 2845.44 0 0 0 -667.965 -133.677 2764.41 -612.686 -537.204 2701.1 0 0 0 -636.515 -895.421 2886.87 -488.38 -131.102 2793.26 -490.418 -540.47 2819.63 0 0 0 -573.931 -859.401 2982.86
15283117 -573.914 515.953 2632.44 -572.295 257.239 2699.22 -574.302 65.5534 2737.43 0 0 0 0 0 0 -735.759 254.053 2674.65 -818.432 0.152847 2752.17 0 0 0 -817.487 -216.931 2704.23 0 0 0 0 0 0 -408.832 260.425 2723.79 -292.824 42.6092 2827.8 0 0 0 -270.269 -152.428 2893.04 0 0 0 -666.786 -127.896 2762.03 -605.631 -515.925 2668.55 0 0 0 -656.247 -858.246 2826.64 -485.83 -124.369 2789.23 -494.374 -537.396 2807.91 0 0 0 -588.154 -886.098 3005.62
15317045 -572.15 530.089 2621.33 -576.013 272.773 2696.57 -574.97 79.5098 2735.06 0 0 0 0 0 0 -741.041 267.451 2674.32 -828.934 20.088 2773.64 0 0 0 -830.155 -194.492 2736.86 0 0 0 0 0 0 -410.985 278.095 2718.83 -298.269 64.4927 2839.38 0 0 0 -290.653 -141.058 2949.18 0 0 0 -666.424 -116.736 2761.07 -603.401 -504.58 2658.8 0 0 0 -642.315 -860.204 2799.76 -481.429 -110.77 2786.02 -490.731 -516.76 2785.64 0 0 0 -568.507 -883.629 2949.52
15349855 -575.219 545.23 2612.96 -578.808 286.221 2691.11 -576.115 93.4119 2729.73 0 0 0 0 0 0 -742.05 279.978 2671.32 -832.023 39.1786 2778.09 0 0 0 -851.796 -134.579 2777.31 0 0 0 0 0 0 -415.566 292.464 2710.9 -305.343 78.6937 2839.22 0 0 0 -255.627 -119.701 2810.25 0 0 0 -664.69 -102.888 2757.29 -601.956 -503.056 2657.95 0 0 0 -630.591 -877.391 2776.26 -482.155 -95.907 2779.41 -491.051 -515.085 2774.6 0 0 0 -562.35 -879.802 2927.67
15383631 -574.103 553.255 2606.59 -579.25 297.347 2686.03 -574.245 101.696 2722.71 0 0 0 0 0 0 -740.551 289.009 2663.56 -833.005 45.4011 2772.64 0 0 0 -862.511 -128.064 2835.59 0 0 0 0 0 0 -417.949 305.684 2708.5 -310.52 95.329 2845.99 0 0 0 -306.797 -19.2689 3006.18 0 0 0 -659.04 -98.5969 2746.87 -601.977 -504.705 2658.99 0 0 0 -612.044 -893.029 2736.86 -479.44 -89.3134 2771.89 -485.618 -504.356 2755.45 0 0 0 -557.885 -876.913 2908.67
15416594 -568.862 565.462 2594.24 -579.924 312.295 2677.87 -575.478 123.141 2711.16 0 0 0 0 0 0 -740.041 305.91 2662.97 -837.021 56.0912 2775.46 0 0 0 -867.708 -99.79 2873.81 0 0 0 0 0 0 -419.806 318.681 2692.76 -320.571 128.402 2837.35 0 0 0 -316.549 7.91566 3026.09 0 0 0 -656.638 -69.4264 2736.49 -602.368 -478.337 2636.26 0 0 0 -580.227 -858.926 2638.67 -485.429 -62.5987 2752.42 -485.001 -495.886 2746.34 0 0 0 -559.148 -880.626 2907.5
15450217 -565.259 572.481 2586.57 -578.804 332.828 2670.25 -574.418 139.785 2702.4 0 0 0 0 0 0 -738.758 327.32 2659 -825.038 113.695 2771.85 0 0 0 -881.948 -63.9172 2940.75 0 0 0 0 0 0 -418.849 338.337 2681.51 -325.577 143.969 2831.6 0 0 0 -305.393 67.9628 2974.03 0 0 0 -650.962 -56.0465 2728.86 -593.027 -464.555 2603.44 0 0 0 -576.737 -856.018 2624.25 -489.101 -50.4721 2740.25 -484.543 -486.325 2745.21 0 0 0 -558.086 -879.655 2909.69
15483332 -563.384 582.405 2575.81 -578.874 354.458 2655.96 -568.584 164.308 2683.75 0 0 0 0 0 0 -735.902 344.456 2645.67 -819.038 115.381 2764.04 0 0 0 -883.913 -26.6986 2947.48 0 0 0 0 0 0 -421.845 364.459 2666.25 -325.666 184.473 2829.11 0 0 0 -335.554 70.9976 3063.46 0 0 0 -632.795 -30.586 2706.66 -593.564 -457.779 2596.68 0 0 0 -564.931 -869.519 2586.73 -483.792 -21.0956 2716.43 -466.481 -439.607 2725.68 0 0 0 -530.293 -848.615 2904.38
15516702 -561.575 595.599 2559.78 -579.93 366.845 2644.81 -565.647 175.771 2671.57 0 0 0 0 0 0 -733.9 353.994 2635.23 -801.691 139.894 2759.63 0 0 0 -889.384 12.9455 2964.72 0 0 0 0 0 0 -425.96 379.695 2654.39 -327.901 211.493 2807.85 0 0 0 -341.213 127.24 3098.93 0 0 0 -623.675 -21.3378 2693.84 -594.266 -451.284 2591.62 0 0 0 -551.989 -868.237 2547.43 -479.055 -9.26761 2702.83 -459.07 -421.299 2716.16 0 0 0 -521.074 -831.625 2895.76
15550071 -560.723 602.671 2547.79 -578.603 379.563 2630.58 -563.827 181.401 2658.51 0 0 0 0 0 0 -727.582 366.335 2615.55 -795.112 156.458 2749.51 0 0 0 -923.426 97.7744 2950.89 0 0 0 0 0 0 -429.625 392.79 2645.61 -337.151 231.535 2836.22 0 0 0 -325.051 178.454 3034.99 0 0 0 -621.907 -23.2304 2679.09 -588.648 -445.671 2581.53 0 0 0 -546.338 -862.287 2522.32 -476.194 -10.2928 2693.79 -453.652 -419.388 2707.85 0 0 0 -513.365 -826.515 2887.19
15583440 -557.124 607.117 2526.01 -575.637 388.898 2615.68 -561.691 185.15 2642.56 0 0 0 0 0 0 -720.15 376.628 2597.65 -794.273 171.585 2736.65 0 0 0 -933.466 114.324 2974.68 0 0 0 0 0 0 -431.124 401.169 2633.71 -364.027 257.068 2817.38 0 0 0 -352.851 177.064 3073.73 0 0 0 -622.937 -24.9832 2660.07 -577.939 -446.932 2566.88 0 0 0 -537.862 -861.051 2494.91 -472.551 -12.214 2678.83 -452.867 -419.46 2701.63 0 0 0 -510.167 -822.775 2884.58
15616809 -549.942 603.524 2507.07 -571.032 388.008 2601.83 -557.894 183.34 2627.52 0 0 0 0 0 0 -718.497 376.41 2584.85 -791.804 169.983 2733.74 0 0 0 -927.393 139.32 2950.67 0 0 0 0 0 0 -423.568 399.605 2618.81 -351.277 251.044 2818.91 0 0 0 -362.05 200.367 3070.46 0 0 0 -627.065 -27.8001 2643.73 -573.282 -468.358 2544.76 0 0 0 -530.585 -872.161 2474.55 -462.445 -14.8534 2662.69 -459.412 -446.255 2700.36 0 0 0 -513.456 -852.566 2855.14
15650179 -546.244 602.354 2493.18 -569.066 391.994 2580.64 -555.13 183.374 2610.26 0 0 0 0 0 0 -717.209 380.167 2567.03 -773.119 188.818 2727.93 0 0 0 -844.49 183.797 2937.59 0 0 0 0 0 0 -420.923 403.821 2594.24 -348.099 249.955 2818.26 0 0 0 -363.833 209.676 3069.14 0 0 0 -628.593 -32.2229 2631.85 -562.793 -465.264 2517.52 0 0 0 -509.038 -862.537 2429.35 -453.797 -18.2678 2647.9 -456.773 -447.948 2689.1 0 0 0 -512.294 -867.518 2834.56
15683548 -541.935 600.973 2468.25 -566.941 392.054 2563.3 -554.025 175.768 2589.55 0 0 0 0 0 0 -716.461 381.741 2551.9 -774.882 188.573 2724.08 0 0 0 -845.889 185.115 2935.82 0 0 0 0 0 0 -417.42 402.366 2574.7 -352.046 251.573 2806.9 0 0 0 -363.012 246.855 3026.89 0 0 0 -623.508 -46.2013 2609.52 -550.866 -464.153 2492.67 0 0 0 -496.624 -859.056 2398.84 -458.711 -34.8352 2622.09 -453.278 -452.746 2677.38 0 0 0 -509.333 -873.172 2822.37
15716917 -539.823 595.17 2443.42 -562.774 388.963 2546.57 -551.113 173.471 2569.74 0 0 0 0 0 0 -713.267 380.373 2542.42 -769.109 193.17 2714.4 0 0 0 -849.937 186.066 2931.18 0 0 0 0 0 0 -412.282 397.552 2550.71 -349.618 245.712 2747.64 0 0 0 -364.929 250.135 3018.63 0 0 0 -622.16 -46.7408 2590.63 -543.712 -455.653 2462.88 0 0 0 -486.696 -847.718 2371.71 -456.744 -37.2994 2595.19 -448.726 -462.541 2666.16 0 0 0 -511.823 -895.672 2795.47
15750286 -538.077 586.25 2418.91 -555.418 391.162 2520.96 -546.525 171.953 2543.66 0 0 0 0 0 0 -703.09 384.824 2517.61 -783.446 204.525 2684.99 0 0 0 -853.018 187.107 2935.54 0 0 0 0 0 0 -407.746 397.5 2524.31 -341.768 243.367 2721.77 0 0 0 -354.402 262.827 2983.76 0 0 0 -624.753 -50.996 2564.39 -532.334 -463.258 2421.63 0 0 0 -488.726 -865.425 2338.33 -450.51 -43.518 2568.34 -446.552 -467.363 2651.27 0 0 0 -512.715 -895.033 2797.61
15783656 -527.736 570.269 2373.73 -550.933 383.039 2503.48 -541.596 162.198 2519.33 0 0 0 0 0 0 -698.136 376.175 2494.56 -771.776 193.869 2656.59 0 0 0 -851.096 180.908 2919.52 0 0 0 0 0 0 -403.73 389.903 2512.39 -324.43 240.892 2715.96 0 0 0 -391.823 232.972 3012.41 0 0 0 -616.05 -62.5508 2530.1 -526.454 -481.733 2393.19 0 0 0 -481.027 -883.488 2321.94 -448.467 -54.7368 2540.25 -440.536 -481.022 2629.29 0 0 0 -510.421 -898.154 2786.23
15817025 -525.756 556.837 2347.09 -546.891 367.036 2478.87 -536.704 144.867 2496.37 0 0 0 0 0 0 -689.619 358.958 2459.4 -767.949 192.469 2637.03 0 0 0 -855.367 184.625 2903.95 0 0 0 0 0 0 -404.163 375.115 2498.33 -306.799 258.894 2704.77 0 0 0 -374.654 226.767 2970.3 0 0 0 -605.98 -81.8003 2503.04 -520.729 -489.278 2356.2 0 0 0 -470.866 -892.512 2311.85 -447.054 -72.8055 2524.72 -429.844 -503.039 2620.59 0 0 0 -489.308 -968.723 2712.09
15850394 -529.383 541.339 2323.19 -540.98 346.573 2445.14 -531.581 131.064 2471.62 0 0 0 0 0 0 -683.616 337.081 2418.51 -782.639 193.741 2589.98 0 0 0 -860.388 184.273 2888 0 0 0 0 0 0 -398.343 356.065 2471.77 -295.416 263.166 2674.98 0 0 0 -416.154 243.333 2937.21 0 0 0 -599.221 -89.571 2483.71 -515.503 -494.755 2334.61 0 0 0 -471.334 -901.757 2331.37 -445.145 -79.3175 2512.47 -409.771 -513.918 2590.97 0 0 0 -487.766 -960.411 2708.79
15883763 -530.484 528.959 2303.82 -536.495 333.158 2426.96 -525.435 119.076 2448.98 0 0 0 0 0 0 -682.272 323.307 2404.4 -813.032 168.263 2563.98 0 0 0 -864.063 171.926 2873.19 0 0 0 0 0 0 -390.717 343.01 2449.52 -267.594 255.089 2668.87 0 0 0 -415.921 234.391 2903.32 0 0 0 -591.761 -100.237 2459.03 -501.721 -510.338 2308.49 0 0 0 -466.506 -916.088 2335.34 -436.992 -89.7775 2482.99 -407.239 -512.856 2580.94 0 0 0 -492.59 -941.992 2709.76
15917133 -522.549 503.511 2275.62 -525.596 305.816 2396.23 -520.109 99.1137 2421.34 0 0 0 0 0 0 -673.484 298.02 2364.37 -829.888 149.208 2519.35 0 0 0 -862.335 162.264 2847.36 0 0 0 0 0 0 -377.708 313.613 2428.09 -250.446 249.629 2663.02 0 0 0 -411.446 222.895 2877.99 0 0 0 -596.003 -111.879 2428.93 -491.857 -517.887 2290.04 0 0 0 -462.492 -917.008 2325.79 -433.241 -103.298 2463.99 -394.594 -536.185 2548.31 0 0 0 -488.642 -937.147 2700.63
15950502 -518.054 488.829 2258.46 -521.955 283.571 2369.83 -515.895 77.7589 2402.65 0 0 0 0 0 0 -670.214 272.118 2325.37 -837.298 118.336 2481.89 0 0 0 -864.919 152.889 2813.28 0 0 0 0 0 0 -373.696 295.024 2414.3 -234.311 235.812 2649.1 0 0 0 -401.206 209.919 2854.19 0 0 0 -586.877 -134.005 2412.35 -482.85 -526.785 2272.04 0 0 0 -456.708 -921.919 2318.66 -432.795 -122.102 2458.56 -388.881 -552.245 2534.03 0 0 0 -485.658 -934.598 2691.91
15983871 -513.002 475.624 2237.23 -522.401 268.987 2353.44 -514.097 66.4532 2391.32 0 0 0 0 0 0 -670.958 253.841 2305.02 -859.037 80.6587 2438.53 0 0 0 -868.749 135.89 2765.44 0 0 0 0 0 0 -373.844 284.133 2401.86 -198.825 148.492 2508.44 0 0 0 -386.464 222.994 2861.45 0 0 0 -581.769 -143.826 2404.43 -476.329 -534 2254.15 0 0 0 -454.043 -914.146 2311.74 -429.817 -128.335 2453.95 -382.817 -562.247 2517.73 0 0 0 -480.982 -938.048 2672.56
16017240 -511.051 451.031 2207.33 -530.604 252.012 2329.78 -517.078 53.745 2374.06 0 0 0 0 0 0 -685.797 229.348 2275.71 -873.241 49.1368 2399.43 0 0 0 -981.515 -62.6002 2376.31 0 0 0 0 0 0 -375.41 274.676 2383.85 -190.941 151.49 2487.05 0 0 0 -367.844 218.597 2844.84 0 0 0 -579.341 -155.59 2391.93 -476.391 -541.729 2245.91 0 0 0 -452.462 -913.595 2309.15 -427.763 -133.454 2444.75 -376.505 -561.199 2496.25 0 0 0 -481.801 -932.477 2655.3
16050610 -509.286 438.092 2195.97 -538.641 227.888 2317.23 -521.531 34.6754 2358.23 0 0 0 0 0 0 -701.102 203.116 2268.28 -895.17 26.7527 2364.83 0 0 0 -982.031 -86.8699 2298.99 0 0 0 0 0 0 -376.18 252.661 2366.17 -169.685 127.941 2470.73 0 0 0 -327.866 197.41 2806.04 0 0 0 -581.028 -170.219 2376.15 -469.096 -551.487 2232.29 0 0 0 -447.124 -914.814 2308.16 -427.815 -146.857 2422.3 -361.201 -556.964 2457.2 0 0 0 -481.309 -927.651 2641.36
16083979 -504.172 419.743 2174.73 -538.505 215.973 2306.63 -523.623 22.0812 2343.67 0 0 0 0 0 0 -701.953 194.196 2258.3 -904.383 22.5406 2320.24 0 0 0 -994.015 -137.418 2240.67 0 0 0 0 0 0 -375.058 237.751 2354.95 -156.751 99.8485 2445.55 0 0 0 -288.661 174.034 2767.72 0 0 0 -586.154 -182.126 2357.83 -460.754 -556.161 2213.02 0 0 0 -448.148 -910.923 2310.41 -431.329 -161.497 2403.6 -363.117 -564.304 2443.9 0 0 0 -480.053 -931.561 2632.4
16117348 -504.145 407.339 2164.96 -532.831 199.111 2286.68 -517.083 5.70972 2324.4 0 0 0 0 0 0 -694.293 176.52 2238.26 -911.112 12.8294 2268.56 0 0 0 -924.823 -34.2557 2342.44 0 0 0 0 0 0 -371.37 221.701 2335.1 -149.189 97.6078 2432.78 0 0 0 -252.376 164.506 2728.95 0 0 0 -574.084 -197.87 2340.3 -462.586 -560.644 2208.22 0 0 0 -447.945 -909.15 2309.21 -428.586 -177.513 2383.94 -359.968 -574.538 2437.64 0 0 0 -474.718 -936.81 2622.39
16150717 -504.644 399.941 2157.9 -519.19 176.698 2260.8 -509.773 -8.92518 2306 0 0 0 0 0 0 -683.913 155.106 2206.45 -889.702 7.3735 2249.87 0 0 0 -971.944 -123.962 2065.54 0 0 0 0 0 0 -354.467 198.289 2315.14 -117.482 87.3094 2395.15 0 0 0 -223.245 142.203 2690.99 0 0 0 -572.013 -203.941 2327.56 -462.068 -570.518 2202.01 0 0 0 -450.624 -925.429 2298.55 -428.697 -185.155 2374.84 -356.105 -581.077 2436.53 0 0 0 -467.763 -940.717 2614.16
16184087 -503.817 396.003 2154.89 -509.514 162.992 2241.66 -504.869 -20.2179 2292.8 0 0 0 0 0 0 -678.434 145.1 2192.9 -864.963 -8.4326 2215.12 0 0 0 -966.48 -133.109 2001.71 0 0 0 0 0 0 -340.593 180.885 2290.42 -71.243 52.0585 2302.15 0 0 0 -198.667 139.614 2658.97 0 0 0 -573.353 -211.174 2322.84 -459.405 -579.818 2193.6 0 0 0 -450.425 -927.437 2296.17 -427.098 -195.682 2365.05 -348.064 -591.038 2429.53 0 0 0 -468.126 -939.883 2607.15
16217456 -503.668 390.242 2148.77 -505.529 155.76 2230.91 -503.839 -31.213 2281.41 0 0 0 0 0 0 -676.47 142.823 2188.74 -840.63 -19.7503 2168.17 0 0 0 -955.996 -134.542 1936.86 0 0 0 0 0 0 -334.587 168.697 2273.09 -64.8735 51.6114 2266.78 0 0 0 -173.629 129.553 2609.24 0 0 0 -581.795 -224.214 2312.26 -451.105 -587.596 2183.72 0 0 0 -445.695 -926.217 2291.19 -422.503 -212.158 2351.57 -352.426 -608.432 2405.77 0 0 0 -465.273 -934.283 2604.75
16250825 -500.149 376.086 2136.72 -498.864 141.429 2213.09 -500.215 -41.5474 2269.47 0 0 0 0 0 0 -666.517 129.463 2170.24 -822.255 -34.5258 2057.62 0 0 0 -941.973 -129.413 1873.2 0 0 0 0 0 0 -331.211 153.394 2255.94 -60.0912 46.6259 2242.1 0 0 0 -149.646 115.784 2558.07 0 0 0 -581.773 -230.248 2305.35 -445.243 -594.017 2172.43 0 0 0 -446.224 -933.165 2277.74 -421.361 -218.799 2346.35 -352.05 -603.506 2411.39 0 0 0 -423.389 -898.475 2467.05
16284194 -498.161 367.474 2130 -494.773 133.153 2196.87 -491.488 -49.4001 2257.81 0 0 0 0 0 0 -664.277 118.809 2163.04 -836.384 -41.6402 2043 0 0 0 -920.049 -111.187 1831.77 0 0 0 0 0 0 -325.268 147.496 2230.7 -40.5199 40.7589 2193.53 0 0 0 -130.376 110.078 2508.28 0 0 0 -572.898 -239.12 2301.85 -443.013 -601.12 2172.01 0 0 0 -442.259 -944.311 2274.73 -403.506 -224.786 2335.66 -360.172 -600.837 2421.44 0 0 0 -423.307 -892.782 2474.59
16317564 -497.159 356.908 2122.56 -494.971 127.912 2182.86 -492.378 -53.7822 2251.22 0 0 0 0 0 0 -665.715 113.485 2150.99 -817.775 -24.6114 2035.59 0 0 0 -895.483 -91.9042 1787.11 0 0 0 0 0 0 -324.226 142.339 2214.73 -40.5669 35.637 2176.63 0 0 0 -109.787 100.366 2459.19 0 0 0 -573.099 -242.516 2304.03 -443.387 -602.561 2171.93 0 0 0 -444.138 -942.945 2284.6 -406.47 -228.437 2335.13 -361.507 -599.464 2416.24 0 0 0 -422.096 -891.386 2480.03
16350933 -498.32 351.982 2118.26 -493.011 125.284 2175.93 -493.892 -56.6876 2246.55 0 0 0 0 0 0 -663.71 113.532 2143.52 -809.972 -18.505 2023.53 0 0 0 -876.619 -66.093 1749.55 0 0 0 0 0 0 -322.312 137.035 2208.33 -50.063 35.965 2144.47 0 0 0 -92.1158 86.8918 2410.75 0 0 0 -578.37 -244.414 2301.3 -441.919 -602.175 2168.54 0 0 0 -447.499 -956.737 2287.37 -411.177 -232.904 2333.05 -368.015 -607.78 2416.51 0 0 0 -420.566 -893.237 2486.65
16384302 -499.631 350.77 2114.73 -493.051 124.258 2164 -503.283 -56.2745 2241.88 0 0 0 0 0 0 -660.504 123.501 2140.24 -807.968 -13.6318 1989.72 0 0 0 -858.728 -40.9417 1727.16 0 0 0 0 0 0 -325.598 125.015 2187.75 -79.0736 31.4928 2117.93 0 0 0 58.1598 -8.67056 1977.74 0 0 0 -594.765 -237.174 2308.24 -438.096 -582.144 2141.35 0 0 0 -443.273 -958.81 2265.27 -432.265 -236.439 2331.29 -380.199 -638.251 2417.95 0 0 0 -431.783 -896.991 2488.62
16417671 -501.093 348.454 2109.79 -492.022 122.5 2156.06 -499.071 -60.5945 2230.62 0 0 0 0 0 0 -654.282 113.961 2119.76 -804.434 -15.5255 1959.33 0 0 0 -833.787 -34.9132 1686.98 0 0 0 0 0 0 -329.762 131.039 2192.37 -86.6501 38.8938 2102.6 0 0 0 43.2362 5.9547 1945.09 0 0 0 -590.72 -248.141 2286.25 -441.658 -588.455 2155.21 0 0 0 -462.994 -989.488 2254.57 -421.52 -239.237 2324.11 -375.45 -636.047 2413.86 0 0 0 -428.809 -912.456 2474.53
16451041 -491.96 331.244 2093.29 -491.001 123.998 2152.94 -498.145 -62.5226 2227.04 0 0 0 0 0 0 -654.933 114.488 2113.2 -794.375 -65.0714 1974.01 0 0 0 -835.709 -121.847 1716.86 0 0 0 0 0 0 -327.069 133.507 2192.69 -23.7794 20.1366 1988.01 0 0 0 41.1637 3.66702 1909.25 0 0 0 -592.501 -254.102 2279.99 -473.777 -625.539 2161.02 0 0 0 -489.173 -1007.74 2246.79 -418.076 -243.984 2322.27 -375.138 -643.458 2391.48 0 0 0 -437.738 -1022.55 2469.23
16484410 -497.821 326.551 2097.33 -493.791 113.092 2180.68 -504.182 -77.8632 2245.96 0 0 0 0 0 0 -657.635 106.285 2134.69 -777.06 -103.332 2021.3 0 0 0 -827.178 -193.795 1775.61 0 0 0 0 0 0 -329.947 119.899 2226.68 -138.329 -20.2617 2105.45 0 0 0 29.7588 -98.7494 1914.02 0 0 0 -600.757 -272.398 2287.04 -435.786 -614.211 2138.17 0 0 0 -447.819 -1002.65 2189.62 -428.389 -265.237 2335.43 -390.212 -667.598 2388.92 0 0 0 -444.144 -1049.03 2461.53
16517779 -498.312 311.221 2095.49 -500.051 110.321 2181.61 -508.207 -78.263 2255.6 0 0 0 0 0 0 -665.257 100.112 2137.38 -826.672 -132.149 1920.37 0 0 0 -848.855 -165.163 1788.77 0 0 0 0 0 0 -334.844 120.53 2225.85 -168.93 -62.4703 2125.64 0 0 0 -4.09869 -172.284 1947.23 0 0 0 -608.346 -272.532 2304.96 -424.379 -592.514 2131.81 0 0 0 -430.446 -983.62 2157.75 -424.382 -261.163 2354.22 -391.497 -665.414 2395.61 0 0 0 -437.974 -1048.78 2462.99
16551148 -500.171 301.763 2094.54 -504.681 106.146 2181.25 -511.333 -81.5866 2258.87 0 0 0 0 0 0 -670.7 94.3128 2138.4 -775.881 -111.324 2005.33 0 0 0 -826.831 -208.15 1762.25 0 0 0 0 0 0 -338.661 117.979 2224.1 -199.036 -93.9903 2142.66 0 0 0 -40.2108 -230.634 1977.85 0 0 0 -608.436 -275.766 2313.15 -427.756 -582.682 2114.73 0 0 0 -430.797 -974.467 2127.73 -427.536 -262.872 2359.84 -399.791 -668.349 2391.96 0 0 0 -439.872 -1053.31 2454.16
16584518 -496.916 296.761 2093.07 -505.178 104.031 2179.16 -513.219 -83.6487 2257.54 0 0 0 0 0 0 -671.711 93.5055 2136.87 -760.819 -133.452 2029.13 0 0 0 -816.605 -258.716 1800.54 0 0 0 0 0 0 -338.645 114.556 2221.45 -223.204 -116.606 2155.91 0 0 0 -72.2032 -275.966 2004.71 0 0 0 -610.308 -276.956 2313.3 -438.126 -589.229 2118.76 0 0 0 -446.601 -960.06 2213.93 -432.211 -265.7 2358.52 -409.131 -671.969 2383.53 0 0 0 -443.733 -1058.24 2440.72
16617887 -494.041 293.372 2092.83 -503.154 103.024 2176.18 -512.416 -84.8641 2254.3 0 0 0 0 0 0 -670.248 94.2213 2135.2 -744.392 -146.741 2048.61 0 0 0 -802.59 -296.302 1835.76 0 0 0 0 0 0 -336.061 111.826 2217.16 -241.68 -131.89 2164.69 0 0 0 -99.6051 -310.31 2026.71 0 0 0 -612.129 -277.517 2310.23 -424.198 -566.976 2100.18 0 0 0 -461.826 -919.295 2244.96 -431.225 -267.987 2354.6 -412.215 -674.767 2374.15 0 0 0 -442.128 -1062.11 2426.54
16651256 -490.057 289.066 2086.71 -501.814 100.141 2173.03 -512.976 -86.8076 2253.27 0 0 0 0 0 0 -669.075 92.5959 2132.18 -855.194 -221.918 1885.67 0 0 0 -869.136 -273.609 1755.39 0 0 0 0 0 0 -334.553 107.687 2213.88 -257.944 -144.178 2172 0 0 0 -125.358 -338.477 2046.59 0 0 0 -614.311 -277.824 2311.49 -415.056 -553.537 2094.32 0 0 0 -478.716 -894.739 2262.46 -433.967 -269.689 2355.53 -418.419 -676.796 2370.86 0 0 0 -444.32 -1065.01 2418.73
16684625 -490.662 284.825 2077.65 -502.625 97.9885 2168.85 -513.951 -87.604 2252.21 0 0 0 0 0 0 -669.712 89.5309 2127.32 -844.338 -123.076 1840.13 0 0 0 -847.834 -170.955 1643.23 0 0 0 0 0 0 -335.539 106.446 2210.39 -273.648 -150.679 2177 0 0 0 -150.72 -358.135 2063.38 0 0 0 -616.143 -277.796 2312.98 -415.041 -553.56 2094.21 0 0 0 -481.455 -888.468 2279.4 -434.409 -268.597 2358.16 -421.759 -675.915 2370.21 0 0 0 -444.224 -1064.84 2413.86
16717995 -490.186 288.47 2078.62 -502.236 100.803 2167.64 -512.757 -85.7027 2249.11 0 0 0 0 0 0 -669.363 92.1368 2126.22 -820.462 -57.0377 1811.35 0 0 0 -812.977 -93.502 1576.51 0 0 0 0 0 0 -335.11 109.469 2209.06 -285.264 -151.042 2182.45 0 0 0 -171.883 -369.349 2079.76 0 0 0 -614.876 -276.958 2307.87 -410.569 -551.463 2085.18 0 0 0 -481.614 -883.375 2277.48 -431.678 -267.459 2353.28 -421.425 -674.911 2362.79 0 0 0 -440.946 -1064.42 2402.5
16751364 -488.064 287.559 2074.1 -500.538 100.638 2165.12 -511.694 -85.5008 2247.4 0 0 0 0 0 0 -667.709 92.3726 2123.76 -792.835 -14.4602 1793.92 0 0 0 -778.887 -36.7044 1536.38 0 0 0 0 0 0 -333.366 108.903 2206.49 -293.305 -153.783 2185.29 0 0 0 -189.168 -381.009 2092.64 0 0 0 -614.172 -276.155 2307.08 -407.274 -545.375 2084.21 0 0 0 -483.75 -875.64 2279.07 -431.526 -267.124 2352.27 -423.241 -674.663 2359.8 0 0 0 -440.236 -1064.64 2395.86
16784733 -489.438 284.294 2070.34 -499.728 97.9935 2163.76 -508.917 -87.3115 2248.11 0 0 0 0 0 0 -667.253 88.3002 2124.21 -769.504 9.44216 1782.58 0 0 0 -752.45 3.33531 1510.92 0 0 0 0 0 0 -332.202 107.687 2203.3 -300.049 -156.395 2186.4 0 0 0 -204.728 -390.931 2102.94 0 0 0 -612.055 -278.053 2310.3 -408.774 -551.982 2090.25 0 0 0 -481.097 -880.113 2291.06 -424.156 -267.18 2354.65 -417.476 -674.775 2360.61 0 0 0 -432.3 -1065.14 2393.33
16818102 -488.686 285.626 2069.47 -496.089 99.6165 2163.08 -501.73 -85.4886 2248.15 0 0 0 0 0 0 -663.389 86.589 2123.64 -701.583 71.7993 1762.93 0 0 0 -677.528 117.378 1484.81 0 0 0 0 0 0 -328.788 112.644 2202.52 -303.006 -152.332 2189.04 0 0 0 -215.998 -392.845 2113.93 0 0 0 -603.871 -278.108 2310.47 -404.255 -549.243 2085.1 0 0 0 -479.496 -873.443 2291.57 -410.872 -263.079 2355.97 -405.494 -670.709 2360.7 0 0 0 -418.451 -1061.38 2390.35
16851472 -487.052 283.745 2069.53 -493.854 97.9736 2163.15 -499.163 -86.9612 2248.67 0 0 0 0 0 0 -660.261 83.1422 2120.74 -697.296 70.9044 1767.97 0 0 0 -674.584 122.28 1482.8 0 0 0 0 0 0 -327.446 112.805 2205.55 -306.786 -152.744 2194.8 0 0 0 -227.547 -398.136 2127.25 0 0 0 -596.686 -280.115 2310.69 -404.474 -549.439 2082.74 0 0 0 -487.672 -873.842 2285.97 -412.257 -263.677 2357.68 -407.933 -671.329 2361.45 0 0 0 -419.278 -1062.26 2388.29
16884841 -486.71 283.368 2068.56 -493.109 97.3954 2163.24 -498.456 -87.2287 2249.45 0 0 0 0 0 0 -659.113 81.7673 2119.48 -695.152 70.4552 1772.48 0 0 0 -674.251 122.175 1485.2 0 0 0 0 0 0 -327.104 113.023 2207 -310.556 -152.892 2198.42 0 0 0 -238.527 -402.261 2137.71 0 0 0 -594.868 -280.426 2311.66 -408.315 -551.45 2088.48 0 0 0 -491.177 -877.529 2289.39 -412.738 -263.28 2359.67 -409.266 -670.946 2362.67 0 0 0 -419.219 -1062.08 2386.95
16918210 -486.59 283.518 2067.57 -493.092 98.0078 2162.83 -498.196 -86.5038 2249.31 0 0 0 0 0 0 -658.523 81.254 2117.32 -693.078 70.2294 1771.74 0 0 0 -666.324 122.653 1483.08 0 0 0 0 0 0 -327.662 114.762 2208.33 -314.412 -151.389 2201.48 0 0 0 -249.038 -403.994 2146.93 0 0 0 -593.851 -280.186 2310.89 -407.323 -554.311 2088.54 0 0 0 -490.388 -879.107 2291.56 -412.748 -261.845 2360.71 -409.962 -669.521 2363.09 0 0 0 -418.709 -1060.82 2385.04
16951579 -486.53 283.014 2067.08 -492.796 98.2492 2162.59 -497.95 -86.2529 2249.1 0 0 0 0 0 0 -658.124 81.3539 2116.71 -691.54 70.1159 1771.37 0 0 0 -663.121 122.356 1481.4 0 0 0 0 0 0 -327.468 115.145 2208.48 -316.861 -151.156 2203 0 0 0 -257.604 -406.394 2154 0 0 0 -593.391 -279.982 2310.56 -408.25 -554.077 2088.81 0 0 0 -494.603 -880.06 2288.55 -412.817 -261.528 2360.67 -410.583 -669.21 2362.58 0 0 0 -418.284 -1060.64 2382.4
16984949 -487.835 279.564 2066.83 -494.121 95.2106 2162.36 -498.744 -88.9091 2249.71 0 0 0 0 0 0 -659.404 77.6276 2116.55 -690.77 68.5584 1769.69 0 0 0 -660.469 123.014 1478.39 0 0 0 0 0 0 -328.837 112.794 2208.18 -320.348 -153.603 2203.8 0 0 0 -266.692 -410.981 2159.8 0 0 0 -593.517 -282.619 2312.08 -408.915 -555.771 2089.61 0 0 0 -491.569 -880.921 2292.26 -413.219 -263.439 2362.05 -411.428 -671.124 2363.57 0 0 0 -418.219 -1062.67 2381.47
17018318 -489.36 283.489 2072.71 -496.104 96.8843 2164.55 -500.137 -88.6072 2248.91 0 0 0 0 0 0 -661.152 79.2582 2117.9 -690.877 68.2724 1768.34 0 0 0 -658.324 124.554 1477.26 0 0 0 0 0 0 -331.055 114.51 2211.19 -324.261 -151.948 2207.7 0 0 0 -275.721 -411.063 2168.17 0 0 0 -593.343 -283.622 2308.08 -408.644 -554.062 2084.07 0 0 0 -490.683 -881.839 2282.7 -414.999 -264.576 2358.48 -413.564 -672.264 2359.69 0 0 0 -419.562 -1063.9 2375.86
17051687 -489.968 282.162 2070.15 -497.528 96.6172 2164.11 -502.126 -88.3571 2249.6 0 0 0 0 0 0 -662.743 79.3693 2117.91 -690.437 69.135 1769.17 0 0 0 -659.005 124.355 1478.38 0 0 0 0 0 0 -332.313 113.865 2210.31 -326.876 -152.633 2207.52 0 0 0 -282.997 -413.158 2172.03 0 0 0 -595.98 -282.65 2310.13 -410.186 -552.969 2091.83 0 0 0 -493.041 -880.75 2290.18 -417.467 -264.013 2360.05 -416.318 -671.703 2361.02 0 0 0 -421.624 -1063.41 2375.6
17085056 -490.304 284.091 2074.37 -498.261 97.0277 2165.7 -502.94 -88.7609 2249.4 0 0 0 0 0 0 -663.313 80.0616 2118.81 -691.215 70.0638 1770.09 0 0 0 -659.047 124.696 1479 0 0 0 0 0 0 -333.209 113.994 2212.58 -328.858 -152.53 2210.35 0 0 0 -289.216 -414.199 2178.47 0 0 0 -596.96 -283.733 2307.72 -408.806 -552.509 2086.6 0 0 0 -487.455 -878.965 2288.76 -418.281 -265.366 2358.48 -417.36 -673.057 2359.25 0 0 0 -422.061 -1064.82 2372.41
17118426 -493.44 283.182 2079.47 -500.114 95.5041 2168.16 -504.107 -91.0908 2250.09 0 0 0 0 0 0 -665.256 78.5825 2121.57 -691.109 70.5331 1769.04 0 0 0 -658.295 130.769 1479.1 0 0 0 0 0 0 -334.972 112.426 2214.75 -331.491 -154.114 2212.97 0 0 0 -295.697 -416.711 2184.34 0 0 0 -597.711 -286.868 2306.73 -407.393 -552.322 2087.59 0 0 0 -488.76 -879.583 2287.38 -418.49 -268.504 2357.29 -417.753 -676.195 2357.91 0 0 0 -421.923 -1068.01 2369.77
17151795 -492.866 286.097 2079.03 -499.582 98.4763 2168.97 -504.362 -87.8896 2251.39 0 0 0 0 0 0 -664.338 81.5158 2121.06 -692.056 71.2678 1769.02 0 0 0 -657.867 133.939 1478.42 0 0 0 0 0 0 -334.825 115.437 2216.87 -332.039 -151.113 2215.45 0 0 0 -299.734 -414.464 2189.73 0 0 0 -598.982 -283.504 2307.69 -410.451 -544.714 2092.29 0 0 0 -486.323 -874.082 2290.73 -419.304 -265.007 2359.93 -418.715 -672.699 2360.43 0 0 0 -422.418 -1064.55 2371.12
17185164 -493.123 287.465 2079.31 -498.889 100.844 2170.27 -502.348 -85.0553 2253.8 0 0 0 0 0 0 -663.458 82.3529 2122.3 -692.53 72.1353 1771.01 0 0 0 -658.091 130.018 1478.9 0 0 0 0 0 0 -334.319 119.336 2218.24 -332.091 -147.22 2217.1 0 0 0 -302.944 -411.181 2194 0 0 0 -597.772 -281.289 2310.52 -407.067 -542.841 2094.95 0 0 0 -485.281 -872.774 2291.58 -413.843 -260.622 2364.13 -413.371 -668.314 2364.53 0 0 0 -416.663 -1060.19 2374.17
17218533 -491.304 287.939 2073.45 -497.621 103.078 2169.21 -501.497 -80.8896 2256.79 0 0 0 0 0 0 -662.266 83.9467 2121.74 -693.26 74.0621 1772 0 0 0 -658.314 133.99 1479.44 0 0 0 0 0 0 -332.976 122.209 2216.68 -331.193 -144.352 2215.76 0 0 0 -304.906 -408.807 2195.01 0 0 0 -596.757 -275.475 2318.03 -411.318 -536.962 2098.42 0 0 0 -489.04 -866.169 2296.5 -413.989 -254.238 2370.72 -413.611 -661.931 2371.04 0 0 0 -416.542 -1053.84 2379.73
17251903 -493.128 290.579 2076.51 -499.203 104.579 2170.85 -502.055 -79.6301 2258.02 0 0 0 0 0 0 -663.85 84.7899 2123.64 -694.632 77.5308 1773.5 0 0 0 -658.369 135.661 1479.65 0 0 0 0 0 0 -334.557 124.367 2218.05 -333.13 -142.196 2217.32 0 0 0 -309.428 -407.052 2198.67 0 0 0 -595.121 -274.682 2319.33 -414.994 -543.655 2095.63 0 0 0 -484.987 -872.825 2296.48 -414.692 -252.996 2371.06 -414.389 -660.688 2371.31 0 0 0 -417 -1052.61 2379.14
17285272 -494.333 295.595 2078.55 -500.971 108.973 2170.9 -503.934 -75.9421 2256.58 0 0 0 0 0 0 -665.429 89.3916 2122.95 -695.812 79.7624 1776.75 0 0 0 -659.616 136.516 1482.17 0 0 0 0 0 0 -336.514 128.554 2218.84 -335.373 -138.011 2218.26 0 0 0 -314.007 -403.192 2201.5 0 0 0 -595.525 -271.41 2316.43 -416.82 -540.408 2090.37 0 0 0 -482.958 -870.747 2290.67 -418.268 -250.304 2368.1 -418.026 -657.997 2368.31 0 0 0 -420.354 -1049.94 2375.36
17318641 -493.923 299.022 2080.07 -501.711 111.847 2172.04 -506.107 -73.5311 2256.67 0 0 0 0 0 0 -666.429 93.9813 2124.35 -696.409 81.383 1777.38 0 0 0 -660.438 137.386 1484.04 0 0 0 0 0 0 -336.993 129.712 2219.74 -336.08 -136.854 2219.27 0 0 0 -316.823 -402.299 2204.21 0 0 0 -598.715 -268.476 2315.75 -421.605 -541.253 2099.34 0 0 0 -484.799 -876.277 2292.55 -422.291 -249.341 2366.83 -422.097 -657.034 2366.99 0 0 0 -424.175 -1048.99 2373.35
17352010 -492.857 301.626 2079.83 -501.062 115.434 2172.88 -505.955 -69.5529 2258.35 0 0 0 0 0 0 -666.466 98.7182 2127.23 -698.198 82.6874 1778.19 0 0 0 -661.25 137.72 1485.83 0 0 0 0 0 0 -335.658 132.149 2218.53 -334.928 -134.418 2218.16 0 0 0 -317.575 -400.076 2204.62 0 0 0 -601.516 -263.702 2318.79 -420.392 -540.706 2106.86 0 0 0 -486.975 -878.154 2294.66 -420.18 -245.377 2368.83 -420.025 -653.069 2368.96 0 0 0 -421.881 -1045.03 2374.69
17385380 -491.713 300.958 2080.71 -501.298 115.472 2175.09 -506.691 -68.8936 2261.85 0 0 0 0 0 0 -666.738 98.8521 2129.49 -700.099 83.3433 1782.6 0 0 0 -663.26 139.338 1490.42 0 0 0 0 0 0 -335.857 132.092 2220.68 -155.337 -196.515 2220.55 0 0 0 -73.9498 -301.395 2208.68 0 0 0 -602.487 -262.341 2323.71 -416.021 -538.015 2106.97 0 0 0 -492.401 -873.667 2294.13 -421.68 -244.177 2373.54 -421.556 -651.87 2373.64 0 0 0 -423.215 -1043.84 2378.79
17418749 -494.098 306.434 2086.65 -502.02 119.419 2178.27 -506.769 -66.0312 2262.71 0 0 0 0 0 0 -667.23 102.547 2131.93 -701.543 85.1669 1786.3 0 0 0 -665.694 139.268 1495.35 0 0 0 0 0 0 -336.811 136.291 2224.62 -78.3452 -94.7137 2155.11 0 0 0 83.9644 -190.953 2088.69 0 0 0 -601.827 -260.704 2321.81 -413.289 -534.544 2101.15 0 0 0 -488.608 -871.51 2286.55 -421.209 -242.259 2372.48 -421.11 -649.951 2372.56 0 0 0 -422.594 -1041.93 2377.21
17452118 -493.929 307.114 2090.12 -501.92 120.241 2181.01 -506.908 -65.324 2265.2 0 0 0 0 0 0 -667.022 103.457 2134.23 -701.271 86.5831 1790.15 0 0 0 -667.535 140.681 1498.62 0 0 0 0 0 0 -336.817 137.025 2227.78 -45.775 -28.9437 2078.32 0 0 0 142.694 -89.2621 1947.3 0 0 0 -602.135 -260.062 2323.84 -414.885 -535.961 2107.52 0 0 0 -488.43 -873.714 2292.3 -421.658 -241.715 2374.97 -421.579 -649.408 2375.03 0 0 0 -422.907 -1041.4 2379.21
17485487 -500.042 311.39 2096.34 -505.048 122.774 2183.94 -508.402 -63.9121 2265.66 0 0 0 0 0 0 -670.404 105.713 2138.18 -700.644 89.2977 1792.07 0 0 0 -668.01 143.307 1500.77 0 0 0 0 0 0 -339.692 139.835 2229.7 -52.071 23.0364 2016.28 0 0 0 129.323 -3.96145 1833.64 0 0 0 -601.801 -259.889 2322.46 -417.524 -536.635 2110.35 0 0 0 -486.558 -878.982 2288.09 -421.712 -241.308 2372.3 -421.649 -649 2372.35 0 0 0 -422.838 -1040.99 2376.11
17518857 -501.653 313.586 2100.46 -505.978 125.43 2187.39 -508.549 -61.6021 2268.37 0 0 0 0 0 0 -671.538 108.236 2142.42 -701.825 89.6503 1794.54 0 0 0 -667.255 140.67 1502.53 0 0 0 0 0 0 -340.417 142.625 2232.36 -73.4678 60.6145 1976.99 0 0 0 89.3797 56.7795 1757.76 0 0 0 -602.103 -258.084 2324.64 -420.968 -535.567 2115.62 0 0 0 -486.377 -877.349 2295.91 -420.138 -239.186 2374.06 -420.087 -646.878 2374.11 0 0 0 -421.153 -1038.87 2377.49
17552226 -503.131 316.113 2101.02 -507.39 128.467 2189.76 -509.916 -57.9039 2272.26 0 0 0 0 0 0 -672.906 110.808 2144.8 -703.413 92.3246 1797.27 0 0 0 -667.359 140.873 1504.92 0 0 0 0 0 0 -341.874 146.126 2234.72 -108.544 89.1961 1970.07 0 0 0 30.4491 100.296 1729.74 0 0 0 -603.099 -253.947 2330.14 -425.563 -533.624 2122.52 0 0 0 -488.019 -876.228 2302.37 -421.785 -234.603 2379.39 -421.745 -642.295 2379.42 0 0 0 -422.699 -1034.29 2382.47
17585595 -500.13 316.349 2101.8 -506.085 129.586 2193.12 -509.634 -56.1647 2276.97 0 0 0 0 0 0 -671.492 112.22 2147.65 -704.209 94.6641 1800.63 0 0 0 -668.638 141.223 1509.01 0 0 0 0 0 0 -340.678 146.953 2238.59 -168.379 131.68 1915.59 0 0 0 -98.6088 162.771 1642.28 0 0 0 -604.026 -251.453 2335.85 -428.73 -532.39 2123.71 0 0 0 -491.302 -874.274 2304.95 -422.34 -232.378 2385.79 -422.308 -640.07 2385.82 0 0 0 -423.164 -1032.07 2388.57
17618964 -498.987 319.917 2101.69 -505.543 133.756 2196.18 -509.412 -51.2057 2281.74 0 0 0 0 0 0 -670.996 116.276 2150.91 -707.103 97.3309 1805.82 0 0 0 -671.93 141.322 1516.92 0 0 0 0 0 0 -340.091 151.236 2241.45 -167.189 133.841 1907.3 0 0 0 -92.9123 162.348 1625.37 0 0 0 -604.701 -245.826 2342.29 -430.492 -528.856 2126.33 0 0 0 -486.194 -871.301 2308.65 -421.859 -226.508 2392.31 -421.833 -634.201 2392.33 0 0 0 -422.601 -1026.2 2394.81
17652334 -499.793 324.109 2109.14 -506.196 136.935 2201.14 -509.949 -48.8835 2284.82 0 0 0 0 0 0 -671.674 119.862 2155.81 -709.052 98.1652 1810.91 0 0 0 -670.506 139.971 1523.28 0 0 0 0 0 0 -340.719 154.008 2246.47 -167.596 133.421 1905.65 0 0 0 -90.8332 163.072 1617.37 0 0 0 -604.028 -244.022 2343.76 -432.083 -530.528 2123.69 0 0 0 -483.189 -875.692 2302.15 -423.376 -225.383 2393.25 -423.356 -633.075 2393.27 0 0 0 -424.044 -1025.08 2395.49
17719072 -503.474 330.1 2117.36 -509.975 142.951 2207.83 -513.894 -43.4242 2290.27 0 0 0 0 0 0 -675.713 126.681 2163.17 -717.029 97.5849 1823.45 0 0 0 -665.516 132.294 1540.17 0 0 0 0 0 0 -344.238 159.222 2252.5 -166.802 131.708 1916.83 0 0 0 -90.7365 147.541 1627.53 0 0 0 -607.174 -238.572 2348.63 -437.485 -524.66 2134.13 0 0 0 -484.467 -873.523 2306.33 -428.453 -221.027 2396.79 -428.436 -628.72 2396.81 0 0 0 -429.054 -1020.73 2398.81
17752441 -505.559 337.505 2127.97 -511.989 148.876 2216.1 -515.859 -38.6386 2295.88 0 0 0 0 0 0 -678.324 134.073 2173.24 -722.033 94.8053 1839.21 0 0 0 -664.541 117.77 1558.37 0 0 0 0 0 0 -345.654 163.678 2258.96 -167.922 127.341 1933.92 0 0 0 -94.2181 128.982 1644.59 0 0 0 -610.146 -234.199 2352.37 -434.047 -521.573 2135.15 0 0 0 -489.004 -869.601 2306.65 -429.313 -218.107 2398.96 -429.3 -625.799 2398.97 0 0 0 -429.855 -1017.81 2400.78
17785811 -507.535 342.05 2139.78 -513.252 152.433 2225.42 -516.972 -36.1119 2302.73 0 0 0 0 0 0 -680.241 139.048 2184.74 -727.036 88.9166 1855.1 0 0 0 -667.59 98.5698 1576.72 0 0 0 0 0 0 -346.262 165.818 2266.1 -167.983 124.656 1953.97 0 0 0 -97.3087 111.772 1667.95 0 0 0 -611.957 -231.973 2357.81 -433.021 -522.262 2141.59 0 0 0 -491.183 -872.105 2308.34 -429.429 -217.342 2402.27 -429.418 -625.034 2402.28 0 0 0 -429.917 -1017.04 2403.91
17819180 -508.593 346.293 2144.68 -514.35 157.009 2233.17 -518.161 -31.248 2311.21 0 0 0 0 0 0 -681.871 144.364 2194.48 -728.513 79.9545 1871.05 0 0 0 -672.425 77.8044 1595.05 0 0 0 0 0 0 -346.829 169.655 2271.85 -165.986 117.332 1974.48 0 0 0 -99.386 94.7523 1690.82 0 0 0 -614.148 -226.463 2367.97 -437.593 -516.753 2153.15 0 0 0 -489.663 -869.962 2314.65 -429.798 -212.547 2410.54 -429.789 -620.24 2410.55 0 0 0 -430.237 -1012.25 2412.01
17852549 -508.333 353.239 2154.63 -514.682 162.882 2242.74 -518.752 -25.8 2319.75 0 0 0 0 0 0 -682.203 150.627 2203.86 -731.757 68.4752 1886.52 0 0 0 -675.457 49.4744 1615.23 0 0 0 0 0 0 -347.162 175.137 2281.61 -165.994 108.167 1992.24 0 0 0 -101.427 67.3253 1714.57 0 0 0 -614.927 -221.22 2375.39 -437.679 -513.443 2151.75 0 0 0 -491.652 -861.298 2323.67 -430.715 -207.744 2418.14 -430.709 -615.437 2418.14 0 0 0 -431.111 -1007.45 2419.46
17885918 -513.028 359.802 2171.61 -517.146 167.172 2254.56 -519.213 -23.0447 2327.65 0 0 0 0 0 0 -684.732 154.24 2216.16 -731.883 55.2424 1901.77 0 0 0 -678.287 18.7723 1635.63 0 0 0 0 0 0 -349.56 180.105 2292.96 -167.497 92.5775 2010.11 0 0 0 -102.558 36.5601 1740.44 0 0 0 -613.943 -220.413 2379.51 -439.781 -515.558 2155.72 0 0 0 -487.678 -868.318 2319.13 -428.617 -206.111 2421.97 -428.611 -613.803 2421.98 0 0 0 -428.973 -1005.81 2423.16
17919288 -516.207 368.135 2186.09 -518.59 173.416 2267.28 -519.331 -17.8459 2337.63 0 0 0 0 0 0 -686.146 159.956 2228.92 -732.441 39.1214 1921.89 0 0 0 -683.508 -17.8495 1662.1 0 0 0 0 0 0 -351.033 186.877 2305.64 -170.246 82.2884 2027.55 0 0 0 -102.232 0.590775 1771.28 0 0 0 -613.087 -216.58 2386.68 -441.395 -505.915 2165.78 0 0 0 -488.229 -864.439 2316.18 -427.058 -201.636 2429.27 -427.054 -609.328 2429.28 0 0 0 -427.379 -1001.34 2430.34
17952657 -519.409 374.038 2199.84 -521.204 178.409 2280.63 -520.925 -13.7751 2348.44 0 0 0 0 0 0 -688.948 164.925 2243.1 -731.727 24.0657 1943.94 0 0 0 -687.769 -58.0947 1694.22 0 0 0 0 0 0 -353.46 191.893 2318.15 -177.129 68.6373 2048.27 0 0 0 -101.991 -39.1239 1808.03 0 0 0 -613.006 -213.384 2395.6 -445.524 -505.258 2176.99 0 0 0 -486.264 -869.229 2315.45 -428.288 -198.535 2436.92 -428.284 -606.228 2436.92 0 0 0 -428.576 -998.239 2437.88
17986026 -523.746 381.807 2219.21 -524.874 183.874 2295.42 -523.559 -9.79402 2358.76 0 0 0 0 0 0 -692.678 170.532 2258.11 -732.367 10.035 1971.47 0 0 0 -693.982 -103.791 1734.53 0 0 0 0 0 0 -357.07 197.217 2332.74 -180.068 55.3157 2072.14 0 0 0 -103.003 -83.5514 1851.64 0 0 0 -613.816 -210.743 2401.73 -447.642 -503.585 2182.17 0 0 0 -486.314 -870.521 2313.66 -430.672 -196.181 2442.45 -430.669 -603.874 2442.46 0 0 0 -430.932 -995.885 2443.32
18019395 -528.01 393.55 2237.9 -528.205 191.3 2311.51 -526.165 -3.66051 2370.7 0 0 0 0 0 0 -695.996 178.172 2274.05 -730.682 -5.4841 2000.73 0 0 0 -697.492 -150.885 1782.26 0 0 0 0 0 0 -360.413 204.427 2348.97 -187.034 41.1591 2107.57 0 0 0 -101.907 -121.692 1906.03 0 0 0 -615.909 -205.802 2409.4 -449.601 -497.637 2188.79 0 0 0 -487.278 -865.481 2318.47 -432.34 -191.44 2450.38 -432.338 -599.132 2450.38 0 0 0 -432.574 -991.143 2451.16
18052765 -531.699 402.202 2260.74 -530.667 197.518 2330.09 -527.599 1.00029 2383.68 0 0 0 0 0 0 -698.551 184.761 2292.92 -731.846 -23.7384 2037.86 0 0 0 -702.064 -195.798 1837 0 0 0 0 0 0 -362.784 210.275 2367.26 -191.524 22.5744 2139.29 0 0 0 -108.705 -168.213 1960.46 0 0 0 -616.912 -202.537 2416.82 -450.982 -501.543 2197.42 0 0 0 -488.605 -872.027 2319.35 -432.15 -188.498 2457.73 -432.148 -596.19 2457.73 0 0 0 -432.36 -988.201 2458.43
18086134 -531.697 411.63 2285.66 -531.744 204.509 2350.02 -528.622 6.5724 2398.03 0 0 0 0 0 0 -699.683 192.823 2312.76 -733.423 -41.8705 2078.41 0 0 0 -705.905 -237.727 1898.3 0 0 0 0 0 0 -363.804 216.194 2387.28 -198.768 2.78755 2176.16 0 0 0 -117.46 -213.61 2020.9 0 0 0 -617.864 -197.791 2425.55 -455.095 -499.204 2209.09 0 0 0 -489.475 -872.859 2321.79 -433.139 -184.937 2466.54 -433.138 -592.63 2466.54 0 0 0 -433.329 -984.641 2467.17
18119503 -537.727 423.415 2305.12 -536.214 212.776 2368.44 -532.123 14.0199 2413.04 0 0 0 0 0 0 -704.436 201.237 2332.44 -736.725 -59.9249 2124.7 0 0 0 -707.442 -278.722 1968.53 0 0 0 0 0 0 -367.992 224.316 2404.43 -210.396 -14.119 2219.58 0 0 0 -130.384 -253.126 2088.41 0 0 0 -620.272 -191.064 2437.91 -457.813 -491.77 2224.45 0 0 0 -492.928 -867.831 2328.63 -435.791 -178.409 2477.38 -435.79 -586.102 2477.38 0 0 0 -435.961 -978.113 2477.94
18152872 -540.744 434.004 2328.85 -539.332 221.867 2388.57 -535.197 22.0939 2428.33 0 0 0 0 0 0 -707.624 211.228 2352.62 -743.864 -69.9618 2175.84 0 0 0 -707.099 -309.006 2045.28 0 0 0 0 0 0 -371.039 232.505 2424.52 -226.704 -26.5606 2267.3 0 0 0 -141.367 -281.091 2160.49 0 0 0 -622.953 -183.488 2448.47 -462.458 -490.17 2236.1 0 0 0 -493.55 -869.061 2330.7 -439.17 -171.87 2487.72 -439.169 -579.562 2487.72 0 0 0 -439.323 -971.574 2488.23
18186242 -546.273 439.088 2351.22 -543.855 228.213 2409.08 -539.042 27.8027 2445.57 0 0 0 0 0 0 -712.291 217.736 2373.75 -750.938 -74.476 2224.92 0 0 0 -707.018 -330.359 2125.03 0 0 0 0 0 0 -375.42 238.69 2444.41 -240.358 -26.2861 2311.15 0 0 0 -163.537 -295.182 2231.19 0 0 0 -626.483 -178.346 2462.7 -465.752 -489.219 2248.03 0 0 0 -494.669 -868.55 2342.06 -441.974 -166.869 2501.4 -441.973 -574.562 2501.4 0 0 0 -442.112 -966.573 2501.86
18252980 -549.636 454.51 2389.41 -547.35 242.564 2445.19 -543.997 41.528 2478.28 0 0 0 0 0 0 -716.309 234.276 2411.96 -767.092 -35.2624 2301.28 0 0 0 -723.452 -304.515 2253.69 0 0 0 0 0 0 -378.391 250.851 2478.41 -245.206 -36.6583 2383.6 0 0 0 -203.02 -318.547 2344.26 0 0 0 -634.207 -164.097 2492.98 -496.524 -501.68 2310.86 0 0 0 -481.662 -883.818 2335.22 -447.082 -154.919 2529.78 -447.082 -562.611 2529.78 0 0 0 -447.206 -954.623 2530.19
18286349 -554.878 465.944 2417.53 -554.214 254.961 2474.21 -552.372 53.9162 2507.57 0 0 0 0 0 0 -724.279 248.954 2447.4 -770.746 -35.9548 2374.59 0 0 0 -733.011 -312.168 2362.81 0 0 0 0 0 0 -384.148 260.968 2501.02 -261.597 -37.3156 2436.33 0 0 0 -237.894 -324.473 2442.17 0 0 0 -642.759 -150.387 2526.39 -518.551 -502.567 2365.64 0 0 0 -478.064 -880.759 2329.75 -458.3 -143.871 2555.47 -458.299 -551.564 2555.47 0 0 0 -458.412 -943.575 2555.84
18319719 -554.372 478.465 2448.06 -555.676 267.208 2502.97 -555.005 66.0962 2536.08 0 0 0 0 0 0 -725.929 262.31 2476.67 -775.395 -24.73 2435.87 0 0 0 -738.846 -303.453 2448.92 0 0 0 0 0 0 -385.422 272.107 2529.27 -277.506 -11.1153 2490.65 0 0 0 -261.786 -299.188 2518.1 0 0 0 -646.314 -137.662 2554.98 -525.816 -493.433 2398.07 0 0 0 -470.73 -867.932 2326.92 -462.353 -132.369 2583.4 -433.703 -532.592 2628.98 0 0 0 -515.926 -823.732 2755.37
18353088 -555.511 489.666 2471.8 -558.818 281.938 2529.17 -559.344 81.2559 2564.76 0 0 0 0 0 0 -727.834 276.563 2496.36 -777.512 -11.3922 2492.22 0 0 0 -738.553 -289.11 2528.31 0 0 0 0 0 0 -389.802 287.314 2561.98 -293.369 3.66544 2539.15 0 0 0 -282.426 -283.146 2586.06 0 0 0 -651.617 -122.345 2582.54 -542.575 -484.536 2431.95 0 0 0 -473.756 -834.995 2327.82 -468.123 -116.509 2618.16 -449.66 -517.843 2673.29 0 0 0 -563.563 -814.575 2837.82
18386457 -557.207 498.543 2493.68 -561.055 293.276 2553.29 -562.205 93.1359 2591.77 0 0 0 0 0 0 -728.581 286.679 2513.97 -775.812 10.4214 2540 0 0 0 -738.609 -266.919 2588.91 0 0 0 0 0 0 -393.53 299.873 2592.61 -307.216 22.3824 2581.65 0 0 0 -297.701 -261.11 2648.17 0 0 0 -654.58 -110.596 2608.83 -555.486 -480.112 2469.78 0 0 0 -474.625 -820.878 2327.47 -472.131 -103.412 2651.66 -454.246 -505.749 2707.63 0 0 0 -585.298 -812.872 2877.79
18419826 -561.343 510.6 2512.13 -565.189 306.852 2575.92 -566.944 107.514 2618.24 0 0 0 0 0 0 -732.416 299.641 2535.03 -780.64 28.1444 2582.86 0 0 0 -756.633 -245.004 2655.59 0 0 0 0 0 0 -397.963 314.063 2616.82 -315.421 38.0794 2623.49 0 0 0 -315.032 -242.194 2704.56 0 0 0 -659.816 -95.7528 2638.28 -567.35 -468.753 2503.37 0 0 0 -489.799 -813.401 2350.52 -477.58 -87.8946 2682.85 -463.026 -492.776 2715.64 0 0 0 -588.466 -791.542 2917.95
18453196 -565.33 517.262 2538.36 -568.575 314.045 2601.23 -570.269 114.802 2644.13 0 0 0 0 0 0 -736.534 307.29 2563.23 -787.357 47.4884 2620.16 0 0 0 -765.029 -217.708 2718.12 0 0 0 0 0 0 -400.616 320.8 2639.24 -323.712 55.1733 2665.22 0 0 0 -334.337 -225.656 2745.55 0 0 0 -663.559 -88.1253 2666.31 -572.416 -459.961 2526.82 0 0 0 -501.798 -809.835 2373.72 -480.369 -80.7576 2707.76 -472.006 -486.692 2736.09 0 0 0 -593.563 -807.511 2911.85
18486565 -566.382 526.233 2560.47 -569.864 323.194 2623 -571.667 123.756 2665.04 0 0 0 0 0 0 -737.953 316.77 2585.32 -788.233 50.003 2659.02 0 0 0 -774.262 -203.271 2784.64 0 0 0 0 0 0 -401.776 329.618 2660.68 -338.149 56.3546 2701.1 0 0 0 -351.016 -222.935 2787.65 0 0 0 -665.144 -79.1857 2686.54 -575.286 -449.696 2542.52 0 0 0 -509.953 -800.552 2384.91 -481.796 -72.1785 2727.64 -480.676 -478.903 2746.98 0 0 0 -589.852 -802.049 2932.8
18519934 -570.141 535.617 2581.03 -573.623 334.085 2642.76 -574.463 134.882 2685.94 0 0 0 0 0 0 -741.24 326.23 2603.26 -787.893 61.6714 2696.82 0 0 0 -789.367 -190.757 2827.08 0 0 0 0 0 0 -406.006 341.94 2682.25 -351.102 65.6631 2737.07 0 0 0 -366.242 -217.935 2806.75 0 0 0 -666.748 -68.6072 2707.58 -585.737 -445.235 2575.33 0 0 0 -513.769 -797.666 2393.88 -483.856 -60.0367 2750.67 -490.208 -466.965 2768.48 0 0 0 -582.864 -796.031 2955.82
18553303 -572.367 544.214 2600.81 -575.379 343.383 2663.28 -575.209 144.288 2706.98 0 0 0 0 0 0 -742.682 334.329 2622.68 -790.869 73.0129 2723.6 0 0 0 -794.644 -177.883 2858.66 0 0 0 0 0 0 -408.076 352.438 2703.88 -359.623 80.8271 2764.55 0 0 0 -377.735 -205.669 2820.53 0 0 0 -666.318 -59.7479 2728.53 -586.782 -433.602 2587.55 0 0 0 -518.152 -814.762 2413.37 -483.761 -49.8678 2772.83 -492.766 -456.74 2793.77 0 0 0 -581.16 -800.885 2953.68
18586673 -573.91 552.608 2621.7 -576.426 352.102 2683.83 -575.839 152.913 2727.12 0 0 0 0 0 0 -743.674 342.74 2643.02 -792.694 80.6226 2746.94 0 0 0 -801.738 -170.718 2881.88 0 0 0 0 0 0 -409.178 361.465 2724.64 -365.228 91.0879 2786.23 0 0 0 -385.976 -198.185 2820.14 0 0 0 -666.501 -51.3843 2748.14 -595.117 -424.857 2601.79 0 0 0 -529.469 -833.447 2449.31 -484.001 -41.168 2792.67 -499.386 -447.716 2789.71 0 0 0 -584.089 -783.641 2969.31
18620042 -578.048 564.217 2638.64 -579.68 364.375 2700.28 -578.457 165.166 2743.48 0 0 0 0 0 0 -747.343 354.884 2661.26 -790.917 88.6938 2756.86 0 0 0 -807.175 -162.24 2892.27 0 0 0 0 0 0 -412.016 373.866 2739.31 -369.489 100.045 2809.38 0 0 0 -390.129 -190.414 2815.13 0 0 0 -668.721 -39.2214 2765.38 -602.745 -409.863 2609.65 0 0 0 -541.858 -843.743 2486.59 -485.748 -28.8636 2807.97 -506.048 -434.955 2790.39 0 0 0 -585.907 -770.609 2974.48
18653411 -579.243 562.96 2648.61 -582.067 364.559 2712.51 -580.817 165.591 2756.8 0 0 0 0 0 0 -750.125 355.197 2675.2 -790.99 97.1939 2765.7 0 0 0 -819.415 -147.891 2909.06 0 0 0 0 0 0 -414.009 373.922 2749.83 -372.023 112.283 2825.69 0 0 0 -393.732 -178.63 2840.46 0 0 0 -671.267 -38.4858 2780.72 -605.899 -404.808 2614.86 0 0 0 -555.37 -869.216 2523.52 -487.866 -28.2684 2821.45 -514.041 -434.193 2800.98 0 0 0 -583.693 -779.17 2971.46
18686780 -583.94 570.898 2662.1 -586.925 371.966 2724.95 -584.757 172.832 2768.44 0 0 0 0 0 0 -754.566 361.645 2686.05 -793.076 99.8302 2775.53 0 0 0 -820.416 -153.961 2902.4 0 0 0 0 0 0 -419.284 382.288 2763.85 -374.204 114.563 2841.43 0 0 0 -396.438 -173.598 2880.46 0 0 0 -674.064 -31.9333 2790.71 -608.037 -398.334 2624.93 0 0 0 -570.214 -865.926 2556.58 -491.116 -20.6694 2833.16 -518.537 -426.753 2813.46 0 0 0 -587.929 -778.619 2969.75
18720150 -587.118 578.827 2668.84 -589.628 380.961 2734.77 -587.468 182.276 2780.24 0 0 0 0 0 0 -755.392 368.789 2689.46 -795.567 100.476 2782.7 0 0 0 -814.917 -163.725 2885.62 0 0 0 0 0 0 -423.865 393.133 2780.07 -375.711 121.845 2851.64 0 0 0 -395.565 -165.411 2901.49 0 0 0 -675.824 -23.0557 2800.96 -610.96 -395.783 2650.11 0 0 0 -584.474 -860.865 2594.04 -494.79 -9.76271 2850.45 -519.095 -414.989 2816.88 0 0 0 -589.985 -762.513 2982.58
18753519 -590.843 574.679 2684.72 -592.557 376.755 2748.01 -589.062 177.596 2791.22 0 0 0 0 0 0 -758.307 363.981 2702.54 -802.896 106.573 2783.23 0 0 0 -812.181 -164.124 2869.84 0 0 0 0 0 0 -426.807 389.529 2793.48 -376.628 129.335 2857.5 0 0 0 -394.917 -157.576 2912.34 0 0 0 -675.969 -28.5295 2809.63 -611.212 -404.067 2665.49 0 0 0 -598.029 -870.332 2629.53 -495.163 -14.5948 2859.23 -507.574 -420.804 2832.35 0 0 0 -599.112 -780.735 2939.95
18786888 -599.033 585.074 2700.15 -598.428 384.717 2762.13 -593.445 185.255 2803.76 0 0 0 0 0 0 -764.16 371.095 2716.7 -809.078 101.208 2785.74 0 0 0 -807.245 -174.972 2852.89 0 0 0 0 0 0 -432.697 398.34 2807.55 -376.426 122.784 2862.1 0 0 0 -391.052 -164.234 2918.76 0 0 0 -678.874 -21.6394 2820.61 -613.759 -399.823 2683.55 0 0 0 -618.777 -848.534 2677.44 -498.048 -6.77641 2870.17 -508.059 -413.657 2852.96 0 0 0 -625.105 -775.743 2919.81
18820257 -601.987 591.29 2708.37 -601.255 390.455 2772.53 -596.404 191.347 2815.87 0 0 0 0 0 0 -766.614 376.273 2725.89 -811.453 102.457 2784.63 0 0 0 -799.699 -178.186 2820.59 0 0 0 0 0 0 -435.895 404.637 2819.18 -376.61 129.006 2863.24 0 0 0 -386.981 -158.53 2918.81 0 0 0 -681.773 -15.4987 2833.75 -615.95 -392.436 2693.38 0 0 0 -634.836 -843.572 2731.87 -501.331 -0.0233307 2884.66 -491.951 -406.66 2883.64 0 0 0 -639.651 -759.811 2888
18853627 -604.13 592.294 2712.47 -603.913 390.558 2779.25 -599.32 191.884 2824.55 0 0 0 0 0 0 -766.901 374.612 2725.85 -810.585 104.152 2777.85 0 0 0 -794.776 -178.675 2789.68 0 0 0 0 0 0 -440.925 406.504 2832.65 -376.688 132.373 2864.27 0 0 0 -378.196 -157.546 2903.07 0 0 0 -683.737 -15.498 2840.7 -625.031 -393.024 2698.78 0 0 0 -646.427 -847.352 2769.81 -505.719 1.91817 2899.02 -497.266 -404.886 2887 0 0 0 -623.612 -769.794 2903.09
18886996 -609.314 592.521 2716.03 -609.08 391.429 2785.13 -604.389 193.173 2832.23 0 0 0 0 0 0 -772.491 375.147 2732.87 -809.367 100.587 2772.07 0 0 0 -793.034 -182.798 2763.24 0 0 0 0 0 0 -445.67 407.71 2837.39 -376.228 133.121 2862.85 0 0 0 -371.415 -158.184 2889.13 0 0 0 -688.821 -13.9633 2850.83 -635.122 -394.754 2715.95 0 0 0 -658.851 -827.128 2807.04 -510.574 3.7962 2907.83 -506.295 -402.858 2886.26 0 0 0 -599.633 -776.97 2922.15
18920365 -618.508 600.594 2725.83 -615.085 397.536 2791.76 -607.247 198.77 2836.06 0 0 0 0 0 0 -777.501 378.967 2737.18 -809.281 96.352 2766.86 0 0 0 -790.176 -184.562 2731.75 0 0 0 0 0 0 -452.67 416.105 2846.34 -379.907 135.16 2855.67 0 0 0 -369.429 -156.836 2865.07 0 0 0 -688.025 -10.127 2850.58 -637.403 -391.627 2716.3 0 0 0 -657.015 -802.49 2830.23 -510.792 10.1358 2910.14 -508.11 -396.283 2881.83 0 0 0 -582.042 -774.508 2933.38
18953734 -623.708 594.829 2740.68 -618.363 390.954 2800.51 -606.898 191.428 2840.05 0 0 0 0 0 0 -781.566 371.306 2748.69 -813.686 77.7085 2757.92 0 0 0 -780.548 -200.322 2699.76 0 0 0 0 0 0 -455.159 410.602 2852.32 -385.981 124.532 2852.79 0 0 0 -368.887 -166.242 2832.78 0 0 0 -684.479 -18.8184 2851.32 -643.125 -406.836 2735.39 0 0 0 -658.401 -801.875 2857.47 -506.387 2.62227 2907.87 -504.285 -403.227 2871.59 0 0 0 -570.201 -780.899 2942.37
18987104 -626.419 598.839 2738.14 -622.339 396.1 2803.71 -611.363 197.664 2848.47 0 0 0 0 0 0 -785.552 375.455 2752.21 -822.837 69.8507 2745.45 0 0 0 -776.475 -203.445 2674.47 0 0 0 0 0 0 -459.126 416.744 2855.21 -390.493 119.77 2849.91 0 0 0 -363.216 -166.609 2804.79 0 0 0 -689.429 -12.0354 2865.14 -658.918 -407.45 2777.29 0 0 0 -668.888 -779.779 2886.71 -511.346 10.4902 2921.33 -515.655 -395.529 2886.54 0 0 0 -582.997 -770.26 2973.69
19020473 -630.664 605.788 2736.86 -626.88 403.847 2806.92 -616.816 206.314 2855.79 0 0 0 0 0 0 -789.499 382.432 2753.85 -826.94 66.4408 2738.21 0 0 0 -773.94 -203.865 2651.17 0 0 0 0 0 0 -464.26 425.261 2859.99 -393.269 119.366 2848.46 0 0 0 -359.695 -165.021 2785.17 0 0 0 -695.482 -2.90276 2875.7 -668.005 -401.758 2801.07 0 0 0 -670.008 -772.149 2890.51 -518.023 20.4655 2933.62 -513.786 -383.109 2880.36 0 0 0 -582.755 -755.428 2978.38
19053842 -632.839 605.711 2737.72 -630.756 404.73 2809.88 -621.225 207.444 2860.04 0 0 0 0 0 0 -792.159 382.611 2753.56 -827.484 70.2304 2729.1 0 0 0 -779.08 -195.834 2619.45 0 0 0 0 0 0 -469.353 426.849 2866.2 -396.647 121.169 2847.23 0 0 0 -352.634 -153.528 2760.25 0 0 0 -699.774 -1.91214 2879.47 -678.198 -403.009 2813.49 0 0 0 -663.752 -782.139 2891.74 -523.612 22.2293 2940.94 -515.183 -379.179 2873.51 0 0 0 -580.359 -750.862 2977.82
19087211 -639.298 608.111 2746.68 -636.026 405.96 2815.78 -625.369 208.294 2864.27 0 0 0 0 0 0 -794.295 381.86 2752.32 -823.202 69.5858 2725.09 0 0 0 -778.91 -188.217 2597.05 0 0 0 0 0 0 -477.757 430.06 2879.23 -401.285 124.131 2844.13 0 0 0 -350.278 -141.632 2735.95 0 0 0 -701.153 -2.53482 2878.1 -681.596 -405.105 2819.35 0 0 0 -660.108 -783.181 2897.11 -528.27 23.79 2947.41 -522.191 -379.013 2887.13 0 0 0 -573.234 -756.565 2975.68
19120581 -641.761 601.174 2752.15 -638.01 399.595 2819.49 -626.635 201.637 2866.67 0 0 0 0 0 0 -792.909 373.886 2748.96 -820.571 75.2704 2723.07 0 0 0 -777.582 -174.103 2584.92 0 0 0 0 0 0 -483.112 425.305 2890.02 -406.611 122.599 2843.07 0 0 0 -348.679 -135.145 2713.81 0 0 0 -699.819 -10.3568 2875.34 -684.111 -414.428 2826.07 0 0 0 -662.146 -791.142 2902.43 -530.7 17.7132 2952.34 -524.142 -384.657 2888.26 0 0 0 -569.396 -764.162 2973.17
19153950 -640.271 602.628 2754.36 -638.839 400.679 2823.7 -627.961 202.738 2871.12 0 0 0 0 0 0 -791.97 374.456 2749.37 -821.79 79.1384 2716.03 0 0 0 -775.43 -164.125 2572.3 0 0 0 0 0 0 -485.709 426.901 2898.03 -414.306 119.793 2837.53 0 0 0 -351.061 -132.097 2698.8 0 0 0 -700.593 -9.50383 2878 -688.184 -414.754 2837.98 0 0 0 -667.543 -780.828 2914.24 -533.573 19.0971 2959.07 -529.871 -381.487 2884.68 0 0 0 -571.235 -757.181 2986.24
19187319 -641.051 607.824 2754.97 -641.84 404.566 2826.75 -631.868 206.967 2875.76 0 0 0 0 0 0 -794.427 378.12 2751.17 -828.902 81.074 2710.01 0 0 0 -774.29 -158.467 2565.01 0 0 0 0 0 0 -489.253 431.012 2902.32 -421.659 117.889 2834.26 0 0 0 -351.293 -130.6 2690.83 0 0 0 -705.11 -5.05426 2883.56 -695.668 -410.841 2847.17 0 0 0 -671.335 -770.876 2919.39 -538.681 23.7909 2965.99 -537.893 -375.015 2882.48 0 0 0 -568.657 -751.132 2986.85
19220688 -645.423 610.897 2756.77 -646.386 407.74 2829.12 -637.065 210.361 2879.15 0 0 0 0 0 0 -798.284 381.056 2752.15 -838.956 84.5405 2701 0 0 0 -773.01 -155.297 2560.29 0 0 0 0 0 0 -494.487 434.423 2906.09 -426.833 114.939 2832.63 0 0 0 -352.415 -129.412 2680.41 0 0 0 -710.605 -1.57446 2887.2 -702.459 -407.664 2853.1 0 0 0 -670.877 -769.674 2918.07 -544.882 27.5378 2971.17 -542.748 -372.004 2890.76 0 0 0 -572.516 -750.864 2985.44
19254058 -646.762 608.674 2766.68 -647.684 405.193 2835.62 -638.052 207.351 2883.71 0 0 0 0 0 0 -798.768 378.716 2756.95 -848.466 88.2624 2690.5 0 0 0 -772.077 -152.998 2558.75 0 0 0 0 0 0 -496.6 431.67 2914.28 -429.408 109.979 2830.32 0 0 0 -357.083 -129.997 2670.3 0 0 0 -710.85 -4.93646 2888.88 -701.013 -411.469 2861.2 0 0 0 -667.931 -778.935 2918.4 -545.99 23.9548 2974.72 -536.214 -371.885 2879.42 0 0 0 -568.977 -744.478 2994.22
19287427 -650.816 614.161 2771.13 -651.775 409.523 2839.2 -642.061 211.241 2885.42 0 0 0 0 0 0 -802.985 383.769 2760.49 -852.233 90.632 2684.75 0 0 0 -771.419 -151.168 2556.79 0 0 0 0 0 0 -500.566 435.277 2917.9 -428.206 107.989 2828.66 0 0 0 -365.876 -127.864 2659.45 0 0 0 -714.846 -1.09267 2888.69 -705.459 -407.973 2866.23 0 0 0 -673.351 -771.449 2921.17 -549.849 27.0096 2974.58 -541.198 -368.712 2877.8 0 0 0 -575.16 -740.019 2997.49
