42350961 -631.062 625.057 2774.5 -624.033 428.027 2861.01 -612.779 234.749 2924.7 0 0 0 0 0 0 -783.169 399.767 2803.37 -809.571 106.225 2826.14 0 0 0 -730.033 -156.969 2835.88 0 0 0 0 0 0 -464.897 456.286 2918.65 -400.873 141.061 2924.21 0 0 0 -394.516 -156.149 2913.97 0 0 0 -688.01 26.1126 2957.07 -680.954 -380.441 2953.66 0 0 0 -658.221 -738.095 3012.54 -515.04 56.8288 3019.72 -499.943 -343.444 2947.08 0 0 0 -570.688 -722.853 3014.71
42384254 -629.643 608.948 2799.15 -626.226 409.73 2872.51 -617.943 213.479 2925.77 0 0 0 0 0 0 -789.234 389.394 2822.93 -813.693 111.877 2828.36 0 0 0 -733.886 -151.377 2839.25 0 0 0 0 0 0 -463.219 430.066 2922.1 -404.754 163.203 2928.9 0 0 0 -404.325 -131.901 2918.72 0 0 0 -696.594 6.38313 2952.57 -698.643 -400.63 2954.59 0 0 0 -661.332 -764.712 3011.47 -522.727 28.0739 3005.47 -513.192 -364.752 2947.36 0 0 0 -570.235 -748.348 3000.01
42412317 -634.78 616.243 2795.86 -632.396 417.389 2873.35 -624.734 221.922 2929.98 0 0 0 0 0 0 -796.061 396.844 2824.59 -817.902 102.737 2830.79 0 0 0 -739.48 -160.871 2844.62 0 0 0 0 0 0 -468.731 437.934 2922.11 -403.695 143.51 2938.82 0 0 0 -412.487 -149.386 2916.72 0 0 0 -705.396 15.3668 2960.31 -699.31 -391.313 2976.26 0 0 0 -660.486 -734.698 3024.06 -528.747 37.5413 3012.94 -521.428 -364.211 2965.28 0 0 0 -574.734 -745.503 3035.16
42450840 -637.567 618.183 2786.75 -637.311 421.306 2870.45 -630.683 227.283 2932.07 0 0 0 0 0 0 -804.102 403.815 2833.32 -821.923 110.961 2832.34 0 0 0 -750.047 -154.417 2847.24 0 0 0 0 0 0 -470.52 438.797 2907.58 -408.254 150.853 2944.84 0 0 0 -416.704 -141.903 2925.26 0 0 0 -714.8 23.743 2973.49 -699.702 -382.972 2988.28 0 0 0 -663.78 -736.974 3026.83 -533.311 42.7751 3013.9 -511.517 -358.207 2955.69 0 0 0 -576.071 -738.467 3022.69
42484133 -644.01 621.273 2792.15 -642.612 423.425 2874.94 -634.186 229.489 2936.86 0 0 0 0 0 0 -810.39 405.408 2841.34 -826.341 118.033 2833.27 0 0 0 -752.554 -146.955 2846.82 0 0 0 0 0 0 -474.834 441.442 2908.53 -412.982 155.167 2949.21 0 0 0 -419.897 -137.219 2926.39 0 0 0 -716.97 25.7581 2980.52 -697.519 -381.066 2984.32 0 0 0 -656.767 -743.297 3021.25 -534.552 45.3474 3017.05 -518.518 -356.987 2959.91 0 0 0 -570.646 -738.806 3029.18
42512425 -646.392 621.253 2795.88 -645.414 423.268 2879.42 -636.718 229.509 2942 0 0 0 0 0 0 -810.216 401.731 2835.64 -831.027 116.091 2832.57 0 0 0 -744.678 -144.719 2847.22 0 0 0 0 0 0 -480.611 444.805 2923.2 -415.87 155.777 2956.13 0 0 0 -426.039 -135.291 2923.24 0 0 0 -717.95 23.9972 2980.69 -700.099 -382.617 2968.59 0 0 0 -656.074 -745.889 3016.84 -538.093 47.5017 3028.47 -528.204 -355.915 2974.5 0 0 0 -568.103 -740.074 3038.83
42550719 -642.878 608.806 2798.22 -643.531 412.148 2882.91 -635.638 218.807 2946.92 0 0 0 0 0 0 -808.688 390.941 2839.22 -835.101 110.274 2831.64 0 0 0 -741.422 -147.807 2849.97 0 0 0 0 0 0 -478.374 433.355 2926.59 -419.728 156.773 2954.33 0 0 0 -419.41 -134.159 2919.84 0 0 0 -717.671 13.9184 2987.15 -703.188 -393.062 2974.8 0 0 0 -655.419 -753.153 3019.76 -537.818 37.0122 3034.73 -524.578 -362.868 2960.7 0 0 0 -563.949 -744.36 3039.39
42584012 -643.533 600.205 2797.87 -645.762 405.753 2885.44 -639.727 213.348 2952.36 0 0 0 0 0 0 -809.149 383.413 2835.95 -834.429 98.5832 2829.15 0 0 0 -746.088 -161.435 2848.09 0 0 0 0 0 0 -482.375 428.092 2934.94 -417.413 138.822 2961.14 0 0 0 -418.778 -151.728 2914 0 0 0 -722.807 8.75854 2992.29 -710.015 -398.224 2975.46 0 0 0 -660.8 -748.669 3020.34 -544.578 33.1277 3046.28 -534.656 -365.892 2965.57 0 0 0 -575.991 -746.801 3047.19
42612533 -647.886 607.994 2797.72 -649.977 412.874 2886.88 -644.522 220.509 2954.03 0 0 0 0 0 0 -812.386 389.892 2834.24 -833.407 93.6329 2824.91 0 0 0 -746.371 -166.917 2844.1 0 0 0 0 0 0 -487.568 435.855 2939.52 -415.209 127.906 2951.57 0 0 0 -416.315 -163.769 2907.79 0 0 0 -727.626 15.6136 2992.48 -714.476 -391.127 2970.02 0 0 0 -656.658 -733.365 3019.31 -550.507 40.6763 3049.89 -530.355 -353.491 2950.96 0 0 0 -572.764 -733.208 3037.87
42650598 -647.776 600.452 2810.67 -648.005 404.496 2894.35 -639.216 210.975 2957.54 0 0 0 0 0 0 -809.816 379.583 2840.56 -833.063 101.215 2816.96 0 0 0 -746.572 -159.592 2835.92 0 0 0 0 0 0 -486.194 429.409 2948.15 -413.58 124.976 2940.28 0 0 0 -405.366 -166.283 2882.4 0 0 0 -718.682 3.86552 2991.39 -704.279 -402.284 2960.85 0 0 0 -640.933 -751.349 3019.98 -542.173 31.0411 3050.07 -512.433 -358.667 2936.86 0 0 0 -561.146 -734.95 3034.24
42683891 -648.032 592.163 2807.13 -648.921 398.535 2894.05 -639.55 205.934 2959.97 0 0 0 0 0 0 -809.956 371.773 2838.75 -837.266 95.9059 2805.99 0 0 0 -749.01 -164.666 2813.71 0 0 0 0 0 0 -487.885 425.297 2949.35 -406.812 117.479 2927.15 0 0 0 -389.396 -163.123 2829.51 0 0 0 -718.031 -1.26765 2995.71 -711.521 -407.116 2959.57 0 0 0 -646.802 -746.948 3023.36 -542.328 27.9322 3056.05 -526.074 -362.339 2941.45 0 0 0 -569.661 -737.262 3046.37
42712640 -651.311 595.219 2804.36 -652.746 402.271 2893.83 -643.572 210.209 2961.39 0 0 0 0 0 0 -815.008 376.243 2841.88 -841.418 90.7525 2795.74 0 0 0 -754.898 -162.875 2755.3 0 0 0 0 0 0 -490.484 428.298 2945.78 -391.388 118.755 2908.07 0 0 0 -362.464 -141.716 2768.67 0 0 0 -722.937 3.94414 3000.62 -721.29 -397.714 2937.21 0 0 0 -636.897 -738.634 3049.53 -545.857 32.3484 3057.31 -526.841 -356.891 2938.71 0 0 0 -580.592 -731.444 3040.09
42750477 -649.596 592.934 2813.46 -651.002 398.553 2898.92 -642.3 205.559 2963.84 0 0 0 0 0 0 -811.065 371.879 2841.07 -833.653 74.8385 2785.37 0 0 0 -756.626 -153.485 2673.6 0 0 0 0 0 0 -490.94 425.228 2956.76 -375.148 117.415 2884.52 0 0 0 -336.443 -116.872 2703.99 0 0 0 -720.977 -1.99777 2997.18 -716.464 -403.065 2927.47 0 0 0 -633.37 -756.439 3040.98 -546.22 27.1258 3060.33 -521.597 -361.815 2941.33 0 0 0 -578.903 -752.144 3028.44
42783770 -645.599 591.989 2806.62 -649.164 398.413 2896.2 -642.689 206.548 2964.56 0 0 0 0 0 0 -814.112 377.897 2854.24 -841.63 74.2903 2759.34 0 0 0 -756.766 -122.799 2597.55 0 0 0 0 0 0 -484.216 418.93 2938.16 -364.887 125.418 2861.3 0 0 0 -317.114 -82.4661 2653.08 0 0 0 -726.658 3.43391 3009.91 -718.898 -398.289 2942.72 0 0 0 -640.568 -761.187 3048.37 -545.771 25.933 3055.93 -534.291 -366.018 2945.89 0 0 0 -561.336 -752.126 3020.32
42812748 -649.555 583.458 2803.09 -652.997 391.063 2895.3 -647.912 200.053 2966.16 0 0 0 0 0 0 -817.955 370.42 2851.49 -842.328 85.1538 2735.16 0 0 0 -751.65 -85.4988 2533.86 0 0 0 0 0 0 -488.039 411.705 2939.11 -345.953 131.192 2830.14 0 0 0 -304.915 -33.7535 2596.74 0 0 0 -732.582 -2.18797 3013.18 -724.028 -392.275 2903.92 0 0 0 -644.923 -749.429 3033.89 -553.072 20.2755 3060.85 -540.392 -367.95 2938.41 0 0 0 -554.967 -753.021 3028.26
42850356 -652.529 574.49 2811.86 -653.67 381.146 2899.03 -645.406 188.851 2965.88 0 0 0 0 0 0 -818.095 358.246 2853.48 -839.64 82.5662 2710.13 0 0 0 -742.43 -44.4067 2482.44 0 0 0 0 0 0 -489.246 404.046 2944.57 -341.944 143.626 2813.06 0 0 0 -285.764 7.50726 2558.54 0 0 0 -726.743 -15.9233 3007.91 -709.655 -404.975 2892.04 0 0 0 -625.722 -764.601 3017.6 -547.543 9.03459 3057.55 -528.218 -375.619 2925.06 0 0 0 -539.266 -761.485 3019.25
42883649 -650.75 573.868 2815.24 -652.348 377.734 2900.59 -644.198 185.02 2966.37 0 0 0 0 0 0 -816.79 355.043 2854.49 -832.315 88.7893 2682.57 0 0 0 -734.355 2.09405 2433.72 0 0 0 0 0 0 -487.905 400.425 2946.69 -330.971 155.816 2793.55 0 0 0 -273.911 54.9409 2525.46 0 0 0 -725.704 -20.0665 3007.02 -708.102 -409.586 2890.36 0 0 0 -621.318 -765.608 3026.35 -546.391 4.67671 3057.29 -532.914 -376.329 2913.98 0 0 0 -535.763 -750.479 3022.48
42912856 -651.672 559.273 2828.93 -650.574 362.805 2906.18 -640.754 169.013 2968.43 0 0 0 0 0 0 -814.302 339.015 2857.95 -832.632 102.878 2657.81 0 0 0 -726.349 42.5035 2398.79 0 0 0 0 0 0 -486.845 386.594 2954.41 -324.461 162.436 2777.28 0 0 0 -269.339 99.3262 2499.8 0 0 0 -720.245 -37.7557 3004.36 -703.008 -425.077 2879.69 0 0 0 -611.558 -780.884 3014.75 -541.622 -11.8016 3056.99 -524.013 -390.299 2907.27 0 0 0 -520.204 -763.546 3020.05
42950235 -647.998 558.32 2824.25 -648.489 360.631 2903.08 -639.637 166.902 2965.76 0 0 0 0 0 0 -811.776 337.02 2853.17 -829.312 111.941 2633.89 0 0 0 -723.849 75.0873 2370.1 0 0 0 0 0 0 -485.201 384.241 2952.99 -328.23 165.212 2764.14 0 0 0 -269.672 129.463 2479.9 0 0 0 -719.866 -39.7079 3001.22 -699.306 -429.614 2885.04 0 0 0 -603.669 -793.104 2991.11 -541.706 -13.9467 3055.68 -520.973 -391.451 2903.55 0 0 0 -522.087 -751.671 3012.35
42983528 -642.08 546.945 2821.4 -644.509 349.758 2900.84 -637.016 156.09 2963.93 0 0 0 0 0 0 -806.647 326.073 2847.39 -813.158 123.973 2615.43 0 0 0 -720.238 103.637 2346.39 0 0 0 0 0 0 -482.371 373.444 2954.29 -326.618 173.094 2757.56 0 0 0 -263.334 153.415 2472.55 0 0 0 -718.001 -50.5026 2997.85 -699.398 -438.053 2873.5 0 0 0 -592.624 -795.426 2990.55 -541.045 -24.6523 3056.19 -507.182 -392.692 2886.01 0 0 0 -530.849 -754.969 3008.85
43012964 -639.177 543.188 2819 -640.535 344.932 2896.09 -632.101 150.353 2956.14 0 0 0 0 0 0 -801.745 320.671 2840.11 -810.552 132.969 2602.23 0 0 0 -716.015 124.332 2336.07 0 0 0 0 0 0 -479.325 369.194 2952.07 -322.287 178.573 2740.29 0 0 0 -266.202 171.549 2453.79 0 0 0 -711.626 -57.4632 2985.64 -690.078 -444.365 2859.4 0 0 0 -579.929 -801.465 2975.93 -535.709 -30.9881 3046.72 -499.381 -396.167 2870.21 0 0 0 -523.9 -752.465 3001.73
43050114 -627.954 538.327 2810.79 -632.632 341.084 2890.66 -626.81 147.06 2952.75 0 0 0 0 0 0 -793.633 317.976 2833.55 -803.78 133.991 2584.11 0 0 0 -709.119 135.336 2321.94 0 0 0 0 0 0 -471.632 364.193 2947.78 -317.641 179.774 2727.63 0 0 0 -262.711 179.471 2441.96 0 0 0 -708.828 -59.5721 2983.68 -689.331 -450.699 2871.55 0 0 0 -561.481 -808.004 2964 -533.148 -34.3564 3046 -496.701 -402.364 2875.04 0 0 0 -531.592 -746.926 3009.36
43079702 -625.515 531.593 2803.19 -630.545 334.307 2881.57 -625.76 139.941 2942.73 0 0 0 0 0 0 -792.143 312.699 2825.54 -799.392 133.006 2570.07 0 0 0 -704.705 137.962 2312.31 0 0 0 0 0 0 -468.947 355.915 2937.6 -309.319 178.882 2710.82 0 0 0 -259.78 182.733 2428.02 0 0 0 -709.147 -66.2158 2973.32 -686.617 -447.015 2833.13 0 0 0 -571.01 -796.816 2959.7 -532.802 -42.636 3034.46 -479.388 -399.647 2847.08 0 0 0 -554.735 -760.562 2999.5
43116700 -605.906 511.315 2800.41 -615.818 314.168 2877.3 -615.981 120.064 2939.31 0 0 0 0 0 0 -778.085 296.605 2821.9 -793.195 128.009 2559.08 0 0 0 -697.19 134.341 2305.48 0 0 0 0 0 0 -453.551 331.73 2932.69 -305.143 176.951 2700.91 0 0 0 -255.165 182.647 2418.95 0 0 0 -704.703 -83.6241 2971.1 -675.825 -462.084 2824.34 0 0 0 -567.285 -808.434 2967.93 -527.584 -64.4541 3031.56 -462.085 -421.928 2848.33 0 0 0 -575.32 -786.966 3009.12
43149993 -602.701 504.761 2788.02 -614.187 307.017 2863.91 -617.178 112.229 2923.69 0 0 0 0 0 0 -777.227 292.927 2809.85 -777.609 121.518 2544.05 0 0 0 -683.623 131.303 2294.16 0 0 0 0 0 0 -451.147 321.106 2917.98 -303.089 166.474 2693.49 0 0 0 -246.608 178.263 2414.72 0 0 0 -709.136 -90.2462 2953.96 -689.201 -459.286 2784.71 0 0 0 -552.831 -788.147 2967.92 -531.2 -74.8698 3012.97 -457.694 -424.517 2818 0 0 0 -609.869 -780.994 2989.38
43179810 -586.278 506.796 2793.81 -602.256 305.724 2858.95 -610.332 108.806 2909.8 0 0 0 0 0 0 -765.298 298.185 2803.87 -773.289 112.247 2531.93 0 0 0 -681.617 121.028 2283.57 0 0 0 0 0 0 -439.215 313.263 2914.02 -290.103 161.255 2678.86 0 0 0 -241.321 167.913 2400.08 0 0 0 -707.417 -92.2286 2930.59 -684.421 -446.298 2733.55 0 0 0 -526.96 -778.246 2974.63 -529.396 -83.9973 2990.73 -442.236 -433.259 2800.59 0 0 0 -616.814 -779.928 2976.23
43216579 -574.333 498.217 2786.7 -592.95 297.565 2848.67 -604.069 99.8582 2896.19 0 0 0 0 0 0 -755.849 293.266 2792.68 -772.136 100.621 2527.45 0 0 0 -682.792 107.804 2279.39 0 0 0 0 0 0 -430.051 301.863 2904.67 -278.556 148.63 2683.95 0 0 0 -227.147 150.384 2406.98 0 0 0 -704.047 -100.193 2913.17 -663.356 -442.373 2698.77 0 0 0 -513.472 -777.109 2975 -526.326 -95.5034 2974.26 -436.6 -451.477 2798.33 0 0 0 -617.693 -781.399 2964.83
43249872 -559.395 487.365 2761.17 -583.725 289.021 2831.05 -599.266 92.8203 2883.31 0 0 0 0 0 0 -747.115 287.368 2776.26 -781.053 79.2965 2532.79 0 0 0 -686.665 79.5206 2286.18 0 0 0 0 0 0 -420.336 290.674 2885.85 -268.238 126.838 2693.46 0 0 0 -215.712 112.632 2416.62 0 0 0 -703.944 -104.282 2905.68 -623.568 -434.725 2686.43 0 0 0 -565.267 -770.661 2937.73 -525.671 -102.478 2965.47 -450.012 -472.153 2815.37 0 0 0 -580.28 -769.922 2969.85
43279918 -557.661 491.805 2748.38 -581.205 291.943 2816.8 -597.88 95.3548 2867.61 0 0 0 0 0 0 -744.262 291.326 2760.9 -789.516 59.6499 2545.89 0 0 0 -693.034 38.266 2298.59 0 0 0 0 0 0 -418.147 292.56 2872.7 -257.113 109.417 2720.24 0 0 0 -205.83 62.893 2446.23 0 0 0 -703.511 -101.57 2887.93 -595.57 -436.609 2652.01 0 0 0 -593.282 -768.089 2882.35 -525.601 -100.896 2948.92 -454.312 -466.28 2785.34 0 0 0 -553.423 -759.886 2955.72
43316458 -563.22 482.374 2732.48 -586.235 283.208 2800.24 -603.071 86.1658 2849.41 0 0 0 0 0 0 -746.65 281.271 2737.55 -805.222 41.7934 2568.95 0 0 0 -705.835 -19.2459 2332.42 0 0 0 0 0 0 -425.819 285.145 2862.92 -260.02 106.733 2740.62 0 0 0 -209.128 -3.42174 2494.82 0 0 0 -707.507 -111.934 2864.35 -571.021 -458.915 2619.18 0 0 0 -603.351 -797.764 2819.97 -532.307 -109.818 2932.82 -466.882 -480.829 2778.9 0 0 0 -539.972 -771.157 2948.53
43346656 -560.47 459.42 2703.99 -584.052 271.335 2777.49 -602.959 76.1767 2832.73 0 0 0 0 0 0 -742.246 267.421 2709.52 -817.711 34.4899 2601.9 0 0 0 -733.131 -84.1931 2391.79 0 0 0 0 0 0 -425.858 275.249 2845.46 -265.631 96.2718 2769.3 0 0 0 -205.675 -67.7436 2563.05 0 0 0 -708.193 -121.117 2850.87 -544.813 -458.971 2591.37 0 0 0 -584.978 -802.895 2759.27 -535.54 -116.845 2925.06 -468.99 -485.178 2764.54 0 0 0 -519.323 -772.125 2960.59
43383044 -556.908 457.16 2680.28 -579.786 266.259 2755.48 -599.298 71.6394 2812.6 0 0 0 0 0 0 -737.131 261.471 2685.42 -834.865 24.7545 2636.44 0 0 0 -755.237 -144.009 2465.96 0 0 0 0 0 0 -422.44 271.047 2825.55 -268.831 89.6249 2795.15 0 0 0 -215.288 -119.681 2641.31 0 0 0 -704.625 -125.592 2831.51 -522.353 -448.316 2546.6 0 0 0 -556.435 -794.778 2673.04 -532.996 -120.369 2907.94 -441.004 -481.979 2746.32 0 0 0 -504.424 -777.123 2956.59
43413395 -551.422 442.449 2649.46 -575.214 253.863 2731.46 -596.88 61.8279 2795.7 0 0 0 0 0 0 -734.003 249.428 2664.65 -846.357 17.8075 2672.75 0 0 0 -784.311 -195.766 2566.64 0 0 0 0 0 0 -416.424 258.298 2798.26 -277.837 75.3794 2822.09 0 0 0 -237.612 -162.695 2740.31 0 0 0 -705.18 -132.627 2823.5 -511.456 -439.948 2521.99 0 0 0 -531.497 -791.179 2593.22 -531.914 -127.788 2896.4 -451.472 -502.325 2762.35 0 0 0 -508.715 -844.217 2865
43449630 -552.359 442.854 2625.02 -574.192 250.278 2707.37 -595.788 59.5674 2775.63 0 0 0 0 0 0 -735.134 246.55 2646.03 -852.11 14.8397 2708.88 0 0 0 -800.436 -224.315 2659.98 0 0 0 0 0 0 -413.25 254.005 2768.7 -291.347 77.7385 2838.04 0 0 0 -270.558 -162.673 2834.41 0 0 0 -703.847 -133.145 2810.93 -501.206 -427.511 2487.41 0 0 0 -504.182 -797.844 2501.71 -530.922 -129.14 2876.83 -471.332 -516.437 2764.3 0 0 0 -524.794 -891.094 2866.52
43480133 -545.805 447.039 2594.32 -567.593 254.589 2678.13 -590.427 63.8109 2745.99 0 0 0 0 0 0 -729.756 253.292 2619.92 -843.276 27.6424 2735.93 0 0 0 -835.193 -196.364 2793.61 0 0 0 0 0 0 -405.43 255.885 2736.34 -313.585 65.4168 2855.58 0 0 0 -291.293 -162.959 2930.73 0 0 0 -701.083 -127.669 2782.33 -487.726 -417.512 2441.4 0 0 0 -475.081 -791.711 2398.7 -525.44 -126.265 2845.38 -446.141 -497.625 2708.89 0 0 0 -525.911 -853.348 2809.45
43546872 -541.107 448.543 2544.45 -559.918 254.152 2626.37 -581.073 63.1374 2694.2 0 0 0 0 0 0 -722.098 251.418 2568.09 -815.651 53.8624 2754.2 0 0 0 -840.973 -127.698 2893.78 0 0 0 0 0 0 -397.738 256.886 2684.65 -348.603 81.0825 2878.91 0 0 0 -302.801 -163.027 2975.72 0 0 0 -690.443 -129.364 2730.34 -496.159 -345.592 2406.23 0 0 0 -460.69 -719.779 2334.22 -514.013 -126.39 2793.73 -431.118 -495.957 2663.42 0 0 0 -509.662 -854.609 2778.81
43580241 -535.695 443.232 2504.5 -553.588 248.823 2587.79 -574.075 57.4893 2654.99 0 0 0 0 0 0 -718.068 248.528 2536.8 -785.168 76.1372 2758.34 0 0 0 -856.271 -45.3773 2944.77 0 0 0 0 0 0 -389.108 249.118 2638.78 -367.037 109.491 2864.78 0 0 0 -315.864 -126.822 2977.01 0 0 0 -684.265 -134.005 2694.37 -499.233 -343.919 2379.14 0 0 0 -450.064 -719.644 2300.14 -504.859 -133.683 2749.99 -421.973 -511.903 2635.66 0 0 0 -519.291 -861.691 2770.75
43613610 -534.651 445.145 2467.71 -546.787 248.041 2547.76 -561.025 55.192 2611.82 0 0 0 0 0 0 -708.659 240.808 2490 -769.852 87.2188 2760.67 0 0 0 -843.903 -1.94 2969.13 0 0 0 0 0 0 -384.914 255.274 2605.51 -362.077 72.637 2798.34 0 0 0 -315.138 -169.331 2899.86 0 0 0 -665.955 -141.71 2643.52 -488.55 -310.8 2325.8 0 0 0 -434.694 -690.569 2259.23 -484.572 -133.605 2708.23 -422.783 -524.556 2610.5 0 0 0 -508.198 -885.456 2737.5
43649388 -528.809 439.459 2426.65 -540.341 242.773 2508.57 -553.661 49.0193 2570.2 0 0 0 0 0 0 -701.9 235.067 2449.43 -729.092 61.0738 2649.54 0 0 0 -796.194 -65.7629 2874.19 0 0 0 0 0 0 -378.782 250.48 2567.7 -357.3 38.7523 2728.23 0 0 0 -314.367 -207.827 2819.96 0 0 0 -652.907 -148.834 2600.39 -483.755 -338.663 2286.62 0 0 0 -426.287 -720.549 2228.41 -481.056 -140.636 2663.29 -435.227 -537.507 2582.02 0 0 0 -509.344 -904.128 2699.36
43680349 -527.248 434.618 2398.17 -535.963 238.173 2472.88 -547.264 43.4301 2531.78 0 0 0 0 0 0 -694.688 227.491 2407.11 -736.06 19.5474 2699.26 0 0 0 -789.841 -66.3758 2872.82 0 0 0 0 0 0 -377.238 248.856 2538.64 -358.076 17.8524 2670.28 0 0 0 -318.898 -232.484 2753.08 0 0 0 -643.438 -157.025 2555.52 -469.786 -331.846 2233.62 0 0 0 -419.281 -717.549 2208.06 -473.694 -145.601 2625.86 -439.472 -546.324 2559.05 0 0 0 -503.838 -917.643 2666.99
43715974 -521.076 433.994 2354.37 -530.491 238.765 2434.8 -541.907 44.8452 2496.4 0 0 0 0 0 0 -690.581 228.272 2372.1 -738.579 28.879 2703.32 0 0 0 -786.403 -39.9064 2830.09 0 0 0 0 0 0 -370.402 249.258 2497.5 -353.858 5.64464 2604.44 0 0 0 -318.178 -247.749 2679.12 0 0 0 -638.469 -154.656 2524.66 -464.141 -344.895 2210.98 0 0 0 -416.999 -732.366 2206.11 -468.178 -143.494 2591.35 -442.428 -546.708 2536.86 0 0 0 -498.388 -921.876 2635.81
43747087 -515.351 427.327 2311.03 -528.047 234.036 2393.58 -540.715 40.8423 2457.23 0 0 0 0 0 0 -692.697 229.049 2345.67 -734.315 101.623 2576.09 0 0 0 -808.669 -19.7347 2801.48 0 0 0 0 0 0 -363.397 239.024 2441.49 -349.416 -12.7741 2527.87 0 0 0 -316.975 -268.653 2595.18 0 0 0 -639.017 -154.946 2495.96 -462.546 -347.195 2183.74 0 0 0 -419.971 -735.179 2199.33 -467.747 -149.758 2545.79 -448.218 -554.577 2501.59 0 0 0 -496.935 -932.891 2592.03
43782560 -508.332 423.213 2276.82 -522.702 231.044 2363.04 -535.793 38.2075 2427.74 0 0 0 0 0 0 -689.808 229.113 2323.47 -748.919 102.541 2559.5 0 0 0 -806.047 -9.95849 2739.5 0 0 0 0 0 0 -355.595 232.976 2402.61 -327.626 -18.8092 2569.66 0 0 0 -280.21 -209.789 2631.55 0 0 0 -638.023 -155.66 2471.32 -459.338 -360.738 2168.58 0 0 0 -416.964 -747.953 2201.64 -459.746 -153.599 2513.54 -368.914 -536.403 2485.69 0 0 0 -469.601 -874.175 2655.02
43813826 -500.369 421.202 2245.72 -516.253 230.887 2336.6 -530.862 39.1396 2404.11 0 0 0 0 0 0 -684.504 231.093 2300.78 -752.889 118.105 2503.48 0 0 0 -814.479 -16.9062 2663.11 0 0 0 0 0 0 -348.001 230.68 2372.43 -325.197 -6.49214 2491.96 0 0 0 -269.211 -256.998 2563.88 0 0 0 -636.275 -152.496 2452.27 -458.239 -368.058 2156.29 0 0 0 -420.418 -754.306 2204.93 -454.667 -152.719 2490.94 -356.533 -541.025 2475.36 0 0 0 -492.861 -843.633 2674.67
43849146 -498.432 423.991 2224.16 -514.161 234.825 2314.97 -529.675 43.7293 2384.13 0 0 0 0 0 0 -683.342 237.04 2283.14 -761.582 128.346 2448.84 0 0 0 -826.151 -36.9458 2578.77 0 0 0 0 0 0 -344.981 232.609 2346.8 -301.207 73.5096 2482.8 0 0 0 -237.779 -128.396 2541.92 0 0 0 -635.729 -146.18 2436.25 -462.088 -373.462 2146.45 0 0 0 -424.74 -758.169 2207.84 -454.648 -148.552 2470.32 -375.019 -547.935 2451.22 0 0 0 -493.308 -869.335 2641.96
43880564 -496.071 422.468 2199.39 -512.555 235.867 2294.53 -528.515 47.1606 2369.64 0 0 0 0 0 0 -682.926 240.898 2270.97 -821.436 133.497 2333.54 0 0 0 -898.373 -75.2495 2311.05 0 0 0 0 0 0 -342.183 230.837 2318.1 -266.297 113.791 2459.28 0 0 0 -186.896 -98.9041 2513.15 0 0 0 -636.99 -138.815 2431.95 -464.514 -379.593 2152.69 0 0 0 -428.148 -763.22 2222.37 -451.962 -144.278 2457.54 -388.816 -546.585 2438.18 0 0 0 -490.021 -880.553 2616.78
43915732 -493.395 424.285 2182.5 -509.282 238.263 2277.03 -523.345 49.6299 2352.83 0 0 0 0 0 0 -679.495 240.5 2251.02 -836.724 161.759 2234.78 0 0 0 -906.373 -48.5957 2165.52 0 0 0 0 0 0 -339.068 236.026 2303.05 -212.15 145.273 2433.15 0 0 0 -112.456 -72.6678 2469.1 0 0 0 -630.029 -137.786 2414.48 -445.271 -427.015 2129.93 0 0 0 -422.779 -807.015 2219.41 -444.789 -140.221 2442.79 -337.188 -533.811 2437.04 0 0 0 -501.072 -783.942 2687.37
43947303 -487.741 422.449 2160.04 -503.995 239.019 2259.14 -517.721 52.6448 2340.27 0 0 0 0 0 0 -673.928 239.187 2230.77 -834.407 172.417 2151.36 0 0 0 -904.553 -19.06 2024.71 0 0 0 0 0 0 -334.061 238.85 2287.5 -152.589 166.018 2386.16 0 0 0 -27.1254 -52.1145 2395.8 0 0 0 -625.234 -133.636 2405.75 -441.781 -447.375 2129.96 0 0 0 -427.383 -821.002 2243.18 -437.66 -133.822 2437.06 -351.186 -532.087 2426.08 0 0 0 -492.977 -807.609 2666.2
43982318 -484.509 416.192 2136.81 -500.397 236.508 2240.71 -513.113 53.2816 2328.67 0 0 0 0 0 0 -670.422 234.808 2212.59 -818.21 171.205 2067.15 0 0 0 -891.394 12.1899 1889.98 0 0 0 0 0 0 -330.371 238.209 2268.82 -97.6568 172.836 2318.53 0 0 0 56.1187 -37.4788 2293.31 0 0 0 -619.126 -130.878 2401.21 -438.818 -467.488 2128.6 0 0 0 -427.851 -837.081 2255.89 -432.531 -129.012 2432.07 -319.923 -524.804 2433.26 0 0 0 -507.345 -751.515 2690.49
44014041 -480.176 412.939 2118.19 -494.892 234.019 2224.35 -506.078 53.0816 2317.18 0 0 0 0 0 0 -665.231 231.104 2198.14 -777.972 181.388 2008.56 0 0 0 -861.747 70.3877 1796.69 0 0 0 0 0 0 -324.553 236.935 2250.56 -102.606 190.426 2069.2 0 0 0 72.4731 71.0686 1901.28 0 0 0 -610.478 -129.452 2395.68 -434.291 -478.206 2122.01 0 0 0 -424.419 -842.921 2263.3 -424.048 -126.261 2424.36 -327.984 -523.972 2418.15 0 0 0 -471.714 -739.45 2706.41
44048904 -475.211 406.381 2104.88 -487.997 226.553 2210.85 -498.4 46.2113 2305.1 0 0 0 0 0 0 -658.665 223.807 2186.76 -734.962 183.794 1969.12 0 0 0 -821.246 118.958 1735.29 0 0 0 0 0 0 -317.328 229.299 2234.94 -108.795 182.216 2000.59 0 0 0 77.6699 109.747 1801.15 0 0 0 -603.648 -135.657 2385.96 -435.164 -491.034 2114.56 0 0 0 -425.875 -853.584 2262.21 -413.959 -132.605 2412.74 -337.169 -532.888 2403.27 0 0 0 -461.794 -780.692 2680.28
44080780 -471.264 398.699 2085.73 -482.591 220.457 2195.1 -492.745 41.5466 2292.12 0 0 0 0 0 0 -653.318 217.263 2171.34 -713.48 184.891 1917.55 0 0 0 -784.415 156.146 1665.14 0 0 0 0 0 0 -311.864 223.65 2218.86 -120.398 178.109 1947.29 0 0 0 62.9746 134.444 1727.2 0 0 0 -596.896 -139.122 2376.05 -434.337 -492.904 2109.02 0 0 0 -425.021 -854.259 2260.09 -408.901 -135.605 2402.21 -341.789 -535.665 2423.85 0 0 0 -478.484 -791.932 2674.98
44114149 -470.416 393.745 2076.66 -481.423 214.022 2182.29 -491.384 33.8658 2277.04 0 0 0 0 0 0 -651.514 208.998 2154.86 -701.709 186.421 1862.29 0 0 0 -754.141 177.828 1595.06 0 0 0 0 0 0 -311.333 219.046 2209.73 -123.167 180.08 1904.14 0 0 0 44.8435 160.163 1666.43 0 0 0 -594.59 -149.045 2356.74 -435.219 -504.144 2093.66 0 0 0 -428.509 -862.262 2252.44 -408.1 -143.536 2386.82 -347.343 -545.566 2394.54 0 0 0 -464.134 -769.981 2683.82
44148783 -467.479 387.081 2067.13 -478.396 207.507 2170.83 -488.163 26.668 2264.33 0 0 0 0 0 0 -648.335 201.987 2142.4 -691.85 184.208 1822.15 0 0 0 -734.021 192.636 1544.78 0 0 0 0 0 0 -308.457 213.027 2199.25 -123.581 179.049 1875.08 0 0 0 31.0417 174.099 1623.26 0 0 0 -591.734 -157.218 2342.14 -429.953 -509.303 2091.37 0 0 0 -428.705 -862.781 2260.16 -404.125 -151.124 2373.52 -354.915 -555.818 2377.37 0 0 0 -456.837 -813.177 2654.95
44180887 -464.406 381.709 2056.37 -476.072 201.798 2159.65 -486.083 20.5422 2252.35 0 0 0 0 0 0 -645.99 196.507 2130.96 -683.419 182.616 1798.59 0 0 0 -717.25 201.53 1513.62 0 0 0 0 0 0 -306.155 207.09 2188.35 -123.786 177.529 1857.06 0 0 0 17.3676 178.488 1595.28 0 0 0 -588.988 -163.607 2329.35 -427.021 -514.489 2086.05 0 0 0 -429.409 -864.456 2262.1 -403.198 -157.821 2360.73 -363.618 -563.585 2362.29 0 0 0 -450.657 -844.833 2621.13
44215369 -460.727 377.701 2046.48 -473.504 198.223 2150.44 -484.182 17.0486 2243.23 0 0 0 0 0 0 -643.27 193.049 2120.8 -678.198 179.808 1785.28 0 0 0 -706.405 203.255 1495.23 0 0 0 0 0 0 -303.738 203.397 2180.07 -124.887 174.26 1845.54 0 0 0 10.6728 181.647 1579.21 0 0 0 -587.514 -166.949 2319.85 -423.055 -516.886 2083.96 0 0 0 -431.742 -864.887 2263.79 -402.207 -161.302 2352.2 -370.456 -567.756 2352.47 0 0 0 -444.716 -868.924 2592.17
44247626 -456.461 373.064 2037.02 -471.153 193.79 2142.04 -482.996 13.1389 2235.71 0 0 0 0 0 0 -640.86 189.305 2111.93 -674.59 178.907 1776.13 0 0 0 -699.919 202.137 1483.14 0 0 0 0 0 0 -301.446 198.275 2172.15 -123.935 170.619 1837.77 0 0 0 8.90202 182.256 1567.23 0 0 0 -587.423 -169.959 2312.95 -420.112 -522.276 2083.83 0 0 0 -434.092 -868.455 2266.92 -402.257 -165.066 2345.8 -357.962 -561.092 2390.33 0 0 0 -467.252 -831.9 2622.22
44281955 -454.673 370.909 2030.3 -468.779 191.673 2135.76 -480.453 11.0061 2229.43 0 0 0 0 0 0 -638.113 186.069 2103.85 -674.794 176.951 1766.56 0 0 0 -695.036 198.888 1472.39 0 0 0 0 0 0 -299.446 197.277 2167.68 -121.469 166.313 1837.39 0 0 0 6.40569 173.531 1564.88 0 0 0 -585.572 -172.754 2305.49 -413.731 -524.419 2079.92 0 0 0 -431.76 -869.252 2265.27 -398.682 -166.569 2340.71 -360.243 -571.002 2374.91 0 0 0 -457.742 -874.675 2602.83
44314364 -452.925 367.553 2027.44 -466.786 188.419 2131.98 -478.56 7.80723 2225.75 0 0 0 0 0 0 -635.982 182.515 2099.36 -674.892 176.468 1759.76 0 0 0 -691.511 195.495 1463.85 0 0 0 0 0 0 -297.59 194.323 2164.59 -121.236 163.661 1836.71 0 0 0 6.17294 168.521 1563.08 0 0 0 -583.305 -176.048 2301.6 -410.08 -527.144 2080.59 0 0 0 -435.149 -869.015 2270.45 -397.362 -169.56 2337.44 -365.171 -575.151 2363.38 0 0 0 -447.812 -894.676 2574.92
44348541 -450.62 366.796 2025.52 -464.315 186.485 2129.32 -476.542 5.7084 2222.71 0 0 0 0 0 0 -633.388 180.718 2096.02 -675.933 175.24 1752.88 0 0 0 -688.185 193.484 1456.58 0 0 0 0 0 0 -295.242 192.251 2162.61 -120.111 160.331 1834.88 0 0 0 6.39913 166.522 1560.74 0 0 0 -581.516 -178.231 2297.84 -407.51 -526.615 2079.46 0 0 0 -436.924 -866.03 2273.12 -396.02 -171.905 2334.37 -369.403 -578.246 2354.16 0 0 0 -439.416 -910.926 2549.34
44381103 -447.191 363.318 2024.55 -461.587 183.207 2128.5 -474.391 2.67205 2222.28 0 0 0 0 0 0 -630.816 178.262 2095.88 -675.961 174.625 1749.94 0 0 0 -685.903 192.839 1453.65 0 0 0 0 0 0 -292.357 188.152 2161.12 -117.547 158.657 1833.93 0 0 0 6.71912 164.316 1559.04 0 0 0 -580.292 -180.583 2298.12 -405.102 -529.076 2083.33 0 0 0 -435.258 -864.319 2283.98 -394.098 -175.142 2334.02 -372.281 -581.967 2349.21 0 0 0 -431.605 -925.512 2528.46
44415127 -444.005 363.338 2024.57 -459.389 182.841 2128.53 -472.76 2.36366 2222.35 0 0 0 0 0 0 -628.77 178.782 2096.58 -675.476 173.822 1750.48 0 0 0 -682.478 189.296 1452.74 0 0 0 0 0 0 -290.008 186.9 2160.48 -114.266 157.82 1831.96 0 0 0 7.27882 164.193 1556.36 0 0 0 -579.091 -180.342 2298.63 -402.98 -527.628 2082.94 0 0 0 -433.337 -861.927 2285.26 -393.173 -175.886 2333.7 -375.402 -583.022 2345.42 0 0 0 -425.701 -935.506 2509.43
44447841 -444.72 365.548 2023.57 -459.162 185.653 2128.17 -472.176 5.19183 2222.07 0 0 0 0 0 0 -628.638 181.511 2096.72 -674.257 173.906 1749.76 0 0 0 -679.779 184.689 1451.86 0 0 0 0 0 0 -289.686 189.794 2159.61 -108.645 157.912 1830.45 0 0 0 8.60419 161.144 1553.53 0 0 0 -578.143 -177.54 2298.72 -401.308 -524.63 2085.78 0 0 0 -434.989 -861.276 2283.63 -392.237 -172.998 2333.21 -377.825 -580.333 2342.32 0 0 0 -420.518 -940.15 2491.93
44481211 -442.466 368.863 2028.58 -457.365 187.679 2130.32 -471.198 6.23251 2222.15 0 0 0 0 0 0 -626.832 184.599 2098.7 -673.127 168.459 1750.38 0 0 0 -677.431 180.744 1451.78 0 0 0 0 0 0 -287.899 190.759 2161.93 -105.323 156.457 1833.74 0 0 0 5.97946 149.387 1556.22 0 0 0 -577.412 -176.893 2296.74 -398.093 -524.575 2087.35 0 0 0 -437.333 -866.989 2273.5 -392.65 -173.535 2331.21 -381.001 -580.999 2338.31 0 0 0 -417.288 -946.816 2474.45
44515006 -439.823 372.152 2027.08 -456.336 191.769 2132.19 -472.081 11.1221 2225.26 0 0 0 0 0 0 -625.639 189.756 2099.64 -676.06 162.734 1758.19 0 0 0 -668.883 167.703 1462.26 0 0 0 0 0 0 -287.034 193.781 2164.73 -101.157 154.718 1838.36 0 0 0 5.04224 137.799 1559.64 0 0 0 -580.163 -170.622 2300.59 -397.835 -515.835 2100.56 0 0 0 -440.681 -863.378 2276 -395.49 -168.427 2336.09 -363.296 -569.423 2385.76 0 0 0 -461.504 -826.418 2626.82
44547949 -437.115 375.805 2032.33 -455.062 194.939 2136.55 -472.076 14.1126 2229.06 0 0 0 0 0 0 -624.178 193.69 2103.01 -680.517 153.372 1772.09 0 0 0 -659.125 145.633 1479.95 0 0 0 0 0 0 -285.947 196.189 2170.09 -100.57 143.854 1848.69 0 0 0 -0.310036 114.897 1570.3 0 0 0 -581.509 -167.397 2303.25 -393.893 -512.821 2106.02 0 0 0 -439.324 -861.981 2277.89 -396.67 -166.031 2339.91 -368.563 -570.902 2378.68 0 0 0 -457.997 -867.044 2619.46
44581592 -441.953 383.577 2044.46 -458.173 200.326 2144.07 -474.049 17.6063 2232.92 0 0 0 0 0 0 -627.316 198.778 2110.66 -680.76 137.189 1782.05 0 0 0 -652.756 118.185 1493.8 0 0 0 0 0 0 -289.03 201.874 2177.48 -100.285 133.428 1867.85 0 0 0 -5.97098 85.197 1592.43 0 0 0 -582.05 -165.957 2303.56 -393.489 -511.082 2112.45 0 0 0 -439.916 -865.035 2273.76 -397.801 -164.271 2339.96 -373.961 -570.147 2370.11 0 0 0 -449.886 -883.557 2593
44614688 -439.777 395.27 2050.53 -456.733 211.549 2151.89 -472.945 28.0835 2239.17 0 0 0 0 0 0 -625.792 210.382 2118.04 -683.876 120.099 1799.53 0 0 0 -644.509 84.9322 1517.56 0 0 0 0 0 0 -287.674 212.716 2185.75 -99.1404 122.718 1892.44 0 0 0 -12.9266 50.8861 1622.38 0 0 0 -581.319 -156.018 2307.99 -405.352 -497.799 2133.4 0 0 0 -428.849 -861.74 2272.9 -396.993 -154.746 2344.9 -358.231 -562.255 2375.75 0 0 0 -453.453 -788.905 2672.25
44648178 -444.695 406.997 2059.06 -460.495 221.574 2159.5 -475.477 37.4759 2245.67 0 0 0 0 0 0 -629.899 220.365 2127.46 -684.448 99.5555 1819.77 0 0 0 -633.123 42.1332 1548.95 0 0 0 0 0 0 -291.09 222.784 2191.53 -102.079 109.352 1916.71 0 0 0 -20.6717 6.49827 1658.88 0 0 0 -582.857 -147.282 2314.38 -405.083 -496.137 2139.87 0 0 0 -431.82 -860.347 2280.2 -398.061 -145.963 2349.32 -358.279 -552.522 2367.46 0 0 0 -461.853 -781.692 2663.58
44681426 -440.934 420.48 2074.82 -457.711 232.481 2171.44 -473.929 46.4294 2252.94 0 0 0 0 0 0 -626.555 231.957 2136.64 -686.688 79.2404 1843.87 0 0 0 -621.534 -8.926 1590.11 0 0 0 0 0 0 -288.867 233.005 2206.23 -107.008 95.7034 1947.86 0 0 0 -28.7826 -38.4871 1706.23 0 0 0 -582.266 -139.908 2315.46 -399.177 -496.059 2137.32 0 0 0 -434.587 -858.903 2280.06 -398.027 -139.336 2353.43 -361.043 -545.743 2361.68 0 0 0 -444.012 -766.181 2671.73
44714795 -438.955 432.185 2088.71 -456.013 242.773 2184.73 -472.531 55.6106 2263.64 0 0 0 0 0 0 -624.765 242.778 2149.42 -682.34 59.6199 1876.94 0 0 0 -617.701 -62.6064 1642.8 0 0 0 0 0 0 -287.262 242.768 2220.04 -113.002 79.356 1983.44 0 0 0 -40.5115 -91.8326 1763.12 0 0 0 -581.109 -131.549 2323.28 -412.645 -482.947 2159.41 0 0 0 -427.851 -853.005 2283.96 -396.986 -131.554 2361.81 -359.609 -536.866 2384.62 0 0 0 -456.226 -797.208 2652.97
44748165 -441.1 445.23 2101.65 -456.429 252.997 2197.49 -470.581 64.5802 2273.82 0 0 0 0 0 0 -625.335 251.688 2162.94 -682.176 41.8154 1914.98 0 0 0 -615.9 -119.504 1710.21 0 0 0 0 0 0 -287.523 254.305 2232.03 -118.003 63.6742 2027.71 0 0 0 -51.4121 -139.985 1835.43 0 0 0 -576.891 -124.55 2331.3 -418.295 -475.003 2175.3 0 0 0 -421.141 -849.961 2285.77 -392.576 -123.122 2368.99 -354.364 -528.664 2377.36 0 0 0 -435.807 -781.028 2661.16
44781534 -440.848 455.538 2119.62 -456.58 260.696 2211.44 -469.675 70.2603 2282.65 0 0 0 0 0 0 -625.376 259.178 2176.34 -682.079 18.4007 1956.5 0 0 0 -613.156 -178.123 1787.99 0 0 0 0 0 0 -287.783 262.215 2246.54 -128.992 45.8459 2076.86 0 0 0 -63.7508 -183.904 1915.29 0 0 0 -574.869 -121.004 2334.72 -427.063 -473.656 2183.37 0 0 0 -422.41 -852.3 2281.47 -390.674 -119.347 2373.02 -353.507 -525.073 2383.22 0 0 0 -439.187 -782.51 2663.57
44814903 -441.329 468.112 2134.61 -457.016 271.072 2225.18 -469.509 79.2349 2292.69 0 0 0 0 0 0 -625.623 269.384 2189.18 -681.029 -3.30807 2010.25 0 0 0 -612.118 -228.656 1876.27 0 0 0 0 0 0 -288.409 272.76 2261.18 -138.986 28.9329 2131.43 0 0 0 -83.3925 -224.686 2007.37 0 0 0 -574.001 -113.523 2340.55 -432.654 -469.989 2197.39 0 0 0 -422.098 -851.902 2281.93 -390.004 -111.681 2379.84 -357.587 -517.62 2395.99 0 0 0 -433.766 -779.812 2675.78
44848272 -441.105 479.362 2148.6 -456.29 280.191 2239.96 -467.932 87.2634 2304.51 0 0 0 0 0 0 -624.901 278.324 2203.97 -686.016 -14.1528 2065.13 0 0 0 -618.095 -263.468 1967.67 0 0 0 0 0 0 -287.679 282.058 2275.95 -149.994 12.4681 2187.22 0 0 0 -101.929 -260.031 2102.8 0 0 0 -571.574 -106.683 2349.43 -433.413 -465.398 2211.33 0 0 0 -420.302 -849.272 2287.36 -387.574 -104.645 2388.7 -347.168 -509.661 2408.82 0 0 0 -437.328 -780.396 2676.03
44881642 -444.086 491.161 2174.6 -456.901 287.812 2258.85 -466.359 92.4346 2315.45 0 0 0 0 0 0 -625.294 285.263 2221.91 -686.983 -19.5967 2126.09 0 0 0 -624.215 -288.354 2067.46 0 0 0 0 0 0 -288.507 290.361 2295.8 -163.967 4.25598 2240.1 0 0 0 -125.845 -280.097 2202.67 0 0 0 -567.701 -104.333 2351.88 -437.213 -466.25 2216.09 0 0 0 -417.897 -851.493 2283.91 -383.931 -101.552 2392.19 -341.023 -505.412 2424.5 0 0 0 -438.158 -788.885 2675.46
44915011 -446.566 497.218 2194.1 -457.799 293.877 2277.06 -465.906 97.5928 2330.96 0 0 0 0 0 0 -625.986 290.443 2239.26 -680.753 -5.31265 2180.44 0 0 0 -640.738 -285.68 2161.52 0 0 0 0 0 0 -289.613 297.31 2314.85 -173.975 4.13739 2293.55 0 0 0 -154.283 -283.056 2299.88 0 0 0 -565.785 -100.565 2364.24 -443.009 -467.937 2237.24 0 0 0 -417.573 -854.471 2294.97 -382.242 -96.8178 2405.49 -340.561 -499.439 2451.09 0 0 0 -442.379 -790.2 2692.22
44948380 -446.574 502.593 2217.83 -457.667 301.754 2296.86 -465.363 104.697 2348.12 0 0 0 0 0 0 -627.305 300.684 2267.28 -669.53 4.44073 2225.9 0 0 0 -652.193 -277.013 2255.57 0 0 0 0 0 0 -288.03 302.824 2326.44 -192.572 26.4025 2338.24 0 0 0 -175.857 -256.022 2388.04 0 0 0 -565.737 -92.9448 2383.22 -446.467 -461.643 2256.68 0 0 0 -421.521 -849.36 2306.95 -380.38 -91.7758 2415.54 -341.967 -494.323 2465.7 0 0 0 -440.677 -790.475 2702.03
44981749 -445.412 502.448 2236.71 -458.047 302.47 2318.21 -467.363 106.002 2371.52 0 0 0 0 0 0 -627.851 302.583 2288.95 -664.964 25.2614 2269.16 0 0 0 -652.416 -252.269 2336.58 0 0 0 0 0 0 -288.242 302.358 2347.47 -206.858 42.9536 2385.67 0 0 0 -197.019 -232.372 2469.78 0 0 0 -569.277 -90.4053 2408.88 -455.303 -458.639 2276.42 0 0 0 -425.859 -847.227 2316.07 -384.083 -90.5276 2440.79 -349.382 -491.283 2504.86 0 0 0 -447.488 -794.622 2732.27
45015119 -446.438 511.156 2266.15 -458.493 311.247 2342.67 -468.486 114.187 2393.69 0 0 0 0 0 0 -628.178 312.023 2312.43 -669.939 50.6463 2311.69 0 0 0 -653.696 -221.705 2404.99 0 0 0 0 0 0 -288.808 310.471 2372.91 -219.202 51.845 2432.52 0 0 0 -216.297 -214.305 2545.16 0 0 0 -571.039 -82.4497 2428.21 -461.448 -452.318 2296.54 0 0 0 -420.847 -840.443 2303.01 -385.919 -83.296 2461.2 -355.41 -485.189 2521.02 0 0 0 -443.026 -793.078 2746.64
45048488 -447.944 518.559 2288.36 -459.583 319.221 2365.5 -469.283 122.631 2418.4 0 0 0 0 0 0 -629.35 319.535 2335.54 -671.322 68.459 2350.65 0 0 0 -666.131 -189.269 2479.22 0 0 0 0 0 0 -289.817 318.908 2395.46 -228.036 69.7117 2476.94 0 0 0 -241.032 -194.163 2597.9 0 0 0 -571.6 -73.7882 2454.95 -469.246 -449.107 2333.94 0 0 0 -418.314 -834.463 2307.39 -386.366 -74.1299 2487.65 -357.012 -476.98 2541.83 0 0 0 -442.491 -786.196 2766.77
45081857 -448.842 525.736 2313.47 -460.047 326.557 2391.42 -469.693 130.294 2445.58 0 0 0 0 0 0 -630.169 327.221 2363.53 -677.559 69.6746 2407.41 0 0 0 -674.179 -182.118 2551.59 0 0 0 0 0 0 -289.926 325.892 2419.31 -236.615 84.3443 2515.35 0 0 0 -251.856 -173.29 2650.79 0 0 0 -572.165 -65.6053 2484.52 -478.569 -444.244 2366.73 0 0 0 -421.751 -826.05 2312.64 -386.514 -66.3305 2514.96 -360.439 -470.177 2563.24 0 0 0 -445.581 -783.223 2783.03
45115226 -449.272 529.046 2341.03 -460.657 329.616 2417.86 -470.495 133.137 2471.22 0 0 0 0 0 0 -630.633 330.296 2389.03 -680.888 75.3907 2457.58 0 0 0 -684.783 -169.867 2614.63 0 0 0 0 0 0 -290.681 328.937 2446.7 -243.477 95.2793 2552.17 0 0 0 -256.894 -154.034 2703.21 0 0 0 -573.074 -62.9719 2508.85 -488.463 -446.076 2399.25 0 0 0 -428.093 -820.955 2312.63 -387.592 -63.7135 2540.32 -365.536 -468.416 2583.24 0 0 0 -447.27 -785.545 2798.44
45148596 -450.661 531.504 2371.31 -462.376 332.409 2447.11 -471.727 135.767 2499.98 0 0 0 0 0 0 -632.772 333.485 2420.97 -683.379 85.3961 2495.33 0 0 0 -685.23 -155.911 2659.94 0 0 0 0 0 0 -291.98 331.334 2473.25 -249.345 103.738 2579.46 0 0 0 -259.043 -145.821 2731.7 0 0 0 -574.062 -60.2875 2538.58 -495.527 -447.236 2438.38 0 0 0 -433.941 -813.467 2321.14 -388.094 -61.4611 2567.11 -368.966 -464.406 2623.92 0 0 0 -453.067 -799.67 2804.51
45181965 -453.088 532.314 2393.96 -463.264 334.124 2471.97 -471.174 137.831 2526.32 0 0 0 0 0 0 -633.225 333.021 2443.25 -683.259 88.9146 2529.26 0 0 0 -687.492 -157.553 2686.76 0 0 0 0 0 0 -293.302 335.227 2500.69 -249.762 113.808 2613.02 0 0 0 -255.523 -139.718 2759.28 0 0 0 -571.833 -59.0636 2565 -500.118 -449.657 2474.35 0 0 0 -435.608 -802.643 2323.94 -386.334 -57.8599 2596.34 -370.215 -461.635 2648.92 0 0 0 -453.717 -802.288 2821.45
45215334 -454.107 543.013 2419.26 -464.168 345.811 2498.44 -471.714 149.994 2554.52 0 0 0 0 0 0 -634.174 344.18 2469.87 -682.833 87.3791 2557.32 0 0 0 -691.038 -154.368 2722.17 0 0 0 0 0 0 -294.161 347.442 2527 -248.284 120.432 2643.06 0 0 0 -259.999 -141.026 2773.41 0 0 0 -572.011 -46.7136 2595.02 -507.227 -438.226 2502.63 0 0 0 -444.982 -789.497 2343.92 -386.508 -44.9341 2626.19 -373.481 -450.051 2667.53 0 0 0 -461.398 -794.744 2830.5
45248703 -459.781 553.835 2449.41 -467.381 355.451 2525.74 -473.438 159.11 2580.13 0 0 0 0 0 0 -637.881 353.698 2500.42 -686.152 93.0746 2571.85 0 0 0 -693.218 -148.203 2737.87 0 0 0 0 0 0 -296.88 357.203 2551.05 -247.733 122.198 2662.47 0 0 0 -260.33 -139.462 2793.27 0 0 0 -572.539 -38.1877 2620.7 -511.081 -428.407 2520.72 0 0 0 -454.262 -785.19 2371.06 -386.451 -36.2749 2648.33 -374.313 -442.591 2666.92 0 0 0 -459.02 -788.561 2829.72
45282073 -460.715 560.089 2472.5 -468.858 363.845 2548.43 -473.762 167.357 2602.43 0 0 0 0 0 0 -639.253 360.944 2522.41 -687.938 94.635 2594.34 0 0 0 -696.202 -152.372 2751.54 0 0 0 0 0 0 -298.464 366.745 2574.46 -248.75 124.791 2676.94 0 0 0 -261.042 -142.303 2796.11 0 0 0 -571.633 -30.7138 2642.23 -516.272 -421.727 2541.56 0 0 0 -461.157 -780.374 2394.53 -385.699 -27.549 2670.63 -373.647 -434.465 2680.51 0 0 0 -459.392 -781.4 2841.14
45315442 -463.113 568.106 2493.04 -471.06 373.24 2570.49 -475.462 177.322 2626.54 0 0 0 0 0 0 -641.576 369.849 2545.24 -687.863 93.1444 2614.91 0 0 0 -697.628 -164.513 2752.39 0 0 0 0 0 0 -300.545 376.632 2595.73 -246.492 125.481 2691.48 0 0 0 -260.469 -148.614 2792.06 0 0 0 -572.9 -20.4474 2668.82 -520.901 -410.099 2561.31 0 0 0 -476.136 -778.666 2439.73 -386.828 -16.7467 2696.37 -382.352 -424.018 2698.03 0 0 0 -455.242 -778.846 2846.36
45348811 -466.619 570.838 2521.31 -473.793 376.158 2594.73 -477.367 179.236 2647.1 0 0 0 0 0 0 -644.655 373.208 2571.97 -689.334 95.9812 2625.94 0 0 0 -693.185 -173.03 2737.61 0 0 0 0 0 0 -302.931 379.109 2617.48 -244.991 124.661 2699.82 0 0 0 -257.497 -155.37 2782.05 0 0 0 -574.239 -19.2976 2687.05 -527.462 -436.459 2547.32 0 0 0 -485.1 -834.526 2403.86 -387.645 -16.0754 2711.9 -378.349 -423.022 2699.76 0 0 0 -459.432 -780.996 2835.76
45382180 -472.701 579.419 2550.46 -477.986 382.438 2618.13 -480.123 184.212 2665.18 0 0 0 0 0 0 -648.629 378.526 2593.89 -693.998 98.8303 2635.48 0 0 0 -688.196 -180.227 2714.56 0 0 0 0 0 0 -307.343 386.35 2642.36 -241.988 118.247 2708.33 0 0 0 -250.868 -167.556 2764.75 0 0 0 -575.471 -16.1514 2698.98 -532.181 -456.235 2553.55 0 0 0 -491.864 -877.867 2409.17 -389.05 -11.8775 2725.46 -383.541 -419.024 2711.04 0 0 0 -460.476 -781.382 2837.94
45415550 -475.464 590.069 2566.52 -480.934 394.62 2635.86 -483.37 196.369 2683.01 0 0 0 0 0 0 -651.013 390.126 2608.18 -697.422 102.639 2642.66 0 0 0 -684.175 -183.077 2686.34 0 0 0 0 0 0 -310.855 399.114 2663.54 -246.244 122.246 2708.9 0 0 0 -242.52 -166.978 2741.38 0 0 0 -579.495 -4.3573 2714.91 -535.482 -464.678 2576.65 0 0 0 -493.815 -906.531 2441.45 -392.116 0.593597 2745.4 -383.473 -406.729 2736.03 0 0 0 -462.33 -775.309 2840.32
45448919 -479.153 596.944 2583.55 -484.342 401.763 2654.87 -486.221 203.557 2702.34 0 0 0 0 0 0 -654.293 396.559 2626.41 -699.254 113.242 2647.63 0 0 0 -685.628 -175.98 2664.58 0 0 0 0 0 0 -314.391 406.968 2683.33 -252.131 116.13 2706.45 0 0 0 -236.773 -175.132 2719.51 0 0 0 -580.862 2.51059 2734.27 -540.903 -465.44 2611.98 0 0 0 -502.808 -915.011 2493.26 -395.337 8.19177 2765.34 -374.947 -398.055 2744.7 0 0 0 -469.906 -767.759 2827.76
45482288 -485.293 602.428 2602.55 -489.624 406.918 2673.26 -489.637 208.434 2719.6 0 0 0 0 0 0 -660.16 401.244 2648.91 -699.6 118.049 2650.47 0 0 0 -684.958 -171.913 2641.42 0 0 0 0 0 0 -319.088 412.592 2697.62 -256.579 108.046 2707.7 0 0 0 -223.681 -182.729 2698.09 0 0 0 -582.559 6.85835 2752.67 -546.532 -468.299 2648.88 0 0 0 -512.055 -924.991 2548.52 -396.74 13.0407 2779.2 -364.252 -392.085 2753.03 0 0 0 -483.704 -758.831 2806.94
45515657 -493.271 605.659 2621.58 -495.24 409.119 2690.42 -493.973 210.052 2734.13 0 0 0 0 0 0 -665.59 402.429 2664.89 -703.83 118.646 2650.46 0 0 0 -685.539 -170.114 2619.43 0 0 0 0 0 0 -324.889 415.81 2715.96 -254.281 101.535 2712.86 0 0 0 -215.603 -185.62 2667.15 0 0 0 -586.472 7.30293 2763.78 -554.136 -471.766 2659.73 0 0 0 -523.127 -932.314 2559.4 -398.942 14.668 2791.89 -364.269 -389.78 2757.45 0 0 0 -483.229 -758.738 2806.03
45549027 -497.588 608.609 2641.59 -498.844 409.574 2707.51 -496.247 210.001 2748.76 0 0 0 0 0 0 -668.635 401.458 2678.93 -713.892 106.305 2652.75 0 0 0 -685.275 -178.31 2588.16 0 0 0 0 0 0 -329.053 417.691 2736.08 -253.117 102.792 2717.44 0 0 0 -207.573 -176.991 2644.73 0 0 0 -586.655 5.98096 2774.36 -552.355 -433.887 2689.31 0 0 0 -550.684 -910.743 2631.59 -400.643 14.8731 2805.67 -378.26 -388.704 2757.07 0 0 0 -457.57 -763.835 2822.31
45582396 -502.659 612.657 2659.09 -504.539 410.75 2722.68 -501.656 210.78 2762 0 0 0 0 0 0 -673.608 401.96 2690.37 -717.423 90.6346 2651.38 0 0 0 -685.021 -184.107 2554.15 0 0 0 0 0 0 -335.47 419.539 2754.99 -251.538 104.916 2724.72 0 0 0 -203.869 -169.908 2632.89 0 0 0 -591.176 6.00716 2783.65 -559.736 -413.084 2700.07 0 0 0 -575.747 -870.201 2711.78 -406.372 15.6149 2818.97 -391.728 -387.341 2761.91 0 0 0 -450.079 -767.111 2828.09
45615765 -509.677 619.455 2675.84 -511.359 415.596 2736.8 -508.389 215.203 2773.89 0 0 0 0 0 0 -679.715 406.482 2701.04 -721.187 90.7987 2653.19 0 0 0 -683.898 -173.564 2533.36 0 0 0 0 0 0 -343.003 424.711 2772.55 -254.747 107.478 2733.86 0 0 0 -204.67 -160.402 2620.12 0 0 0 -597.336 9.83415 2791.47 -577.273 -400.024 2712.14 0 0 0 -590.264 -829.297 2769.06 -413.503 19.7861 2830.51 -398.728 -382.901 2770.16 0 0 0 -445.587 -766.456 2827.7
45649134 -513.634 611.22 2688.72 -516.453 407.349 2749.09 -513.436 206.664 2784.61 0 0 0 0 0 0 -684.699 398.368 2712.63 -726.09 93.3989 2656.6 0 0 0 -684.985 -165.293 2521.36 0 0 0 0 0 0 -348.206 416.331 2785.55 -257.872 110.243 2741.94 0 0 0 -201.183 -145.073 2603.22 0 0 0 -602.224 1.07748 2800.23 -588.087 -404.844 2726.82 0 0 0 -597.441 -821.829 2814.89 -418.615 10.8793 2840.02 -401.112 -392.223 2782.56 0 0 0 -439.885 -790.211 2822.08
45682504 -519.47 616.14 2701.66 -522.341 411.167 2761.58 -518.993 210.212 2795.53 0 0 0 0 0 0 -689.172 401.3 2719.62 -735.517 92.1779 2662.81 0 0 0 -687.024 -159.057 2517.84 0 0 0 0 0 0 -355.511 421.035 2803.54 -261.911 116.146 2751.48 0 0 0 -202.173 -134.67 2604.56 0 0 0 -606.724 3.86914 2806.56 -598.604 -402.015 2750.51 0 0 0 -604.253 -792.246 2848.39 -424.563 14.6434 2852.38 -405.329 -388.6 2796.02 0 0 0 -439.364 -785.39 2822.13
