9610344 -682.689 623.613 2802.03 -693.296 357.234 2856.87 -677.519 165.289 2871.24 0 0 0 0 0 0 -841.088 343.979 2842.09 -877.768 69.7874 2839.33 0 0 0 -797.689 -161.375 2664.19 0 0 0 0 0 0 -545.504 370.488 2871.65 -480.392 109.727 2941.36 0 0 0 -471.492 -139.857 2777.2 0 0 0 -753.526 -34.8874 2876.44 -734.338 -454.572 2885.8 0 0 0 -700.823 -836.884 2990.39 -569.959 -18.4243 2894.8 -562.115 -424.33 2905.77 0 0 0 -583.073 -802.22 3004.42
9643714 -683.399 623.165 2802.42 -693.644 356.442 2857.1 -677.607 164.986 2870.63 0 0 0 0 0 0 -841.661 342.979 2842.03 -878.911 69.2422 2836.37 0 0 0 -786.327 -153.28 2644.92 0 0 0 0 0 0 -545.626 369.905 2872.17 -470.951 94.2748 2923.18 0 0 0 -453.933 -104.435 2721.62 0 0 0 -752.985 -34.7848 2874.85 -733.766 -454.051 2886.35 0 0 0 -700.693 -837.478 2991.95 -570.155 -18.1553 2893.46 -562.173 -423.027 2904 0 0 0 -582.544 -799.327 3002.05
9677083 -684.348 622.401 2802.55 -694.037 354.937 2857.84 -678.015 163.657 2870.68 0 0 0 0 0 0 -843.183 341.426 2842.68 -870.835 71.2568 2820.99 0 0 0 -783.141 -124.734 2595 0 0 0 0 0 0 -544.891 368.447 2873 -454.614 82.1896 2883.04 0 0 0 -420.339 -99.8357 2663.47 0 0 0 -752.508 -35.8217 2874.31 -734.687 -456.364 2887.93 0 0 0 -699.537 -850.337 2996.49 -571.477 -19.4229 2892.71 -561.708 -427.895 2905.37 0 0 0 -582.395 -809.621 3004.07
9710452 -684.946 622.283 2802.47 -694.923 356.498 2858.08 -678.744 164.625 2870.45 0 0 0 0 0 0 -845.32 342.888 2843.68 -864.84 74.9676 2809.9 0 0 0 -780.43 -99.7391 2555.13 0 0 0 0 0 0 -544.527 370.107 2872.49 -451.217 86.4083 2870.93 0 0 0 -402.235 -69.5529 2649.91 0 0 0 -753.097 -35.4408 2874.14 -734.688 -456.366 2887.3 0 0 0 -700.091 -845.117 2995.44 -572.033 -19.056 2891.48 -562.107 -424.694 2902.18 0 0 0 -581.704 -805.049 3001.33
9743821 -685.573 621.867 2802.75 -694.089 356.153 2856.96 -679.35 162.995 2869.65 0 0 0 0 0 0 -844.578 343.667 2841.71 -869.789 67.8769 2785.62 0 0 0 -777.029 -80.2221 2514.21 0 0 0 0 0 0 -543.599 368.638 2872.22 -446.717 86.407 2861.57 0 0 0 -386.804 -32.2714 2624.18 0 0 0 -755.293 -37.6869 2873.15 -742.367 -448.095 2878.83 0 0 0 -702.363 -817.437 2981.35 -573.928 -22.6398 2891.54 -562.92 -427.32 2903.5 0 0 0 -582.131 -808.056 3001.79
9777191 -685.457 620.409 2802.82 -693.553 355.893 2856.64 -679.914 161.831 2869.74 0 0 0 0 0 0 -844.943 344.202 2841.07 -869.828 67.6189 2769.84 0 0 0 -771.094 -53.7043 2489.55 0 0 0 0 0 0 -542.163 367.584 2872.2 -435.685 85.9082 2846.39 0 0 0 -373.985 8.34836 2596.01 0 0 0 -757.096 -39.2448 2873.5 -742.436 -448.631 2878.95 0 0 0 -699.95 -813.885 2979.92 -575.454 -25.2182 2892.17 -563.645 -424.526 2901.17 0 0 0 -582.816 -803.724 2998.97
9810560 -685.707 619.743 2802.99 -691.368 354.017 2855.05 -680.557 159.485 2869.71 0 0 0 0 0 0 -845.514 344.25 2839.12 -889.54 77.7689 2747.94 0 0 0 -769.887 -24.711 2456.99 0 0 0 0 0 0 -537.222 363.783 2870.98 -432.334 85.3383 2838.05 0 0 0 -369.022 31.2472 2569.38 0 0 0 -759.448 -40.7311 2875.09 -741.358 -451.048 2884.1 0 0 0 -700.55 -814.403 2982.7 -580.044 -29.3642 2893.63 -564.275 -422.275 2898.67 0 0 0 -583.025 -801.129 2994.5
9843929 -686.087 619.161 2803.61 -689.977 353.002 2853.77 -681.448 155.953 2869.48 0 0 0 0 0 0 -845.999 344.99 2837.98 -877.371 89.5201 2720.97 0 0 0 -771.387 5.00175 2428.8 0 0 0 0 0 0 -533.956 361.014 2869.57 -415.09 95.2927 2813.12 0 0 0 -359.715 49.9813 2546.74 0 0 0 -765.89 -45.8707 2875.79 -740.823 -446.117 2885.92 0 0 0 -700.725 -818.27 2989.03 -579.948 -36.3217 2894.6 -565.178 -428.988 2899.55 0 0 0 -587.949 -798.757 2984
9877298 -686.051 618.369 2804.03 -687.656 352.302 2852.77 -680.479 156.183 2869.29 0 0 0 0 0 0 -845.022 345.138 2836.09 -871.949 92.9629 2710.34 0 0 0 -770.085 29.3438 2417.26 0 0 0 0 0 0 -530.289 359.465 2869.45 -408.197 98.3706 2805.24 0 0 0 -361.898 76.2482 2538.5 0 0 0 -763.395 -44.0369 2876.26 -741.153 -448.475 2887.56 0 0 0 -700.957 -822.776 2992.93 -583.21 -35.8347 2895.36 -565.72 -430.327 2900.68 0 0 0 -586.39 -800.185 2986.47
9910668 -685.678 618.34 2804.01 -687.98 352.325 2852.56 -680.059 156.929 2869.28 0 0 0 0 0 0 -845.052 344.439 2834.83 -874.256 97.3302 2704.28 0 0 0 -779.579 56.3295 2407.36 0 0 0 0 0 0 -530.909 360.21 2870.28 -406.89 99.3875 2803.66 0 0 0 -352.905 102.106 2517.83 0 0 0 -761.197 -42.9386 2875.96 -741.51 -452.739 2887.58 0 0 0 -700.851 -826.213 2994.46 -583.078 -33.9968 2896.06 -566.137 -430.95 2902.29 0 0 0 -586.107 -803.895 2989.75
9944037 -685.407 617.807 2803.81 -685.617 352.337 2851.09 -678.292 156.559 2868.71 0 0 0 0 0 0 -844.028 344.767 2832.82 -880.997 108.382 2690.03 0 0 0 -769.619 76.0423 2381.1 0 0 0 0 0 0 -527.206 359.908 2869.37 -403.339 103.253 2800.09 0 0 0 -351.961 124.18 2490.64 0 0 0 -760.335 -43.4914 2876.02 -741.185 -462.597 2889.3 0 0 0 -692.604 -838.843 3005.75 -581.599 -34.9492 2896.63 -566.465 -434.175 2903.92 0 0 0 -587.403 -820.669 2992.71
9977406 -684.658 617.674 2803.96 -680.828 354.384 2845.34 -675.541 157.301 2866.08 0 0 0 0 0 0 -836.502 348.021 2824.56 -855.756 116.11 2690.09 0 0 0 -769.905 93.0174 2379.52 0 0 0 0 0 0 -525.155 360.747 2866.12 -401.172 107.321 2793.73 0 0 0 -346.873 141.599 2489.03 0 0 0 -759.241 -43.4197 2874.94 -741.718 -468.527 2889.14 0 0 0 -693.239 -839.859 3005.64 -581.268 -36.1451 2898.7 -566.373 -436.878 2906.04 0 0 0 -587.126 -829.793 2993.59
10010775 -684.092 617.441 2802.64 -681.813 354.886 2844.85 -675.97 157.394 2865.67 0 0 0 0 0 0 -836.709 348.006 2823.05 -843.51 117.943 2684.08 0 0 0 -759.673 108.283 2355.31 0 0 0 0 0 0 -526.916 361.767 2866.65 -380.891 142.654 2754.88 0 0 0 -348.914 149.261 2476.8 0 0 0 -758.847 -44.0384 2874 -741.485 -465.832 2887.84 0 0 0 -695.972 -837.418 3000.68 -581.409 -36.1566 2898.98 -565.61 -438.698 2907.12 0 0 0 -587.952 -832.088 2997.96
10044145 -683.496 617.113 2801.4 -679.708 354.405 2843.76 -674.884 155.793 2865.67 0 0 0 0 0 0 -835.382 348.093 2820.81 -837.014 120.825 2679.8 0 0 0 -761.949 127.218 2355.52 0 0 0 0 0 0 -524.034 360.717 2866.72 -384.393 152.206 2750.33 0 0 0 -359.32 162.066 2478.38 0 0 0 -757.97 -46.3844 2874.62 -739.792 -473.418 2889.98 0 0 0 -695.832 -844.252 3000.83 -582.153 -39.2556 2900.54 -563.459 -446.491 2908.88 0 0 0 -587.105 -834.129 2999.64
10077514 -683.454 616.756 2799.21 -678.404 355.541 2843.96 -673.316 155.809 2865.89 0 0 0 0 0 0 -836.477 349.163 2822.55 -833.904 124.863 2675.87 0 0 0 -760.171 133.946 2346.98 0 0 0 0 0 0 -520.332 361.919 2865.37 -375.638 168.701 2734.75 0 0 0 -365.66 178.9 2450.32 0 0 0 -756.837 -47.4989 2875.81 -737.494 -476.418 2891.18 0 0 0 -692.252 -849.032 2992.92 -579.619 -40.3489 2899.82 -562.74 -445.67 2907.33 0 0 0 -585.188 -833.865 3001.75
10110883 -681.327 615.806 2792.62 -676 355.542 2839.73 -671.703 155.303 2863.81 0 0 0 0 0 0 -831.833 349.395 2816.43 -832.274 128.443 2669.84 0 0 0 -767.133 145.904 2354.13 0 0 0 0 0 0 -520.166 361.688 2863.03 -378.842 167.985 2728.79 0 0 0 -357.974 179.068 2446.16 0 0 0 -755.604 -48.4146 2874.71 -734.018 -480.569 2890.15 0 0 0 -691.975 -850.88 2991.05 -579.208 -41.4569 2901.09 -561.824 -445.787 2908.17 0 0 0 -582.969 -834.097 3003.73
10144252 -678.997 612.264 2783.87 -674.704 354.652 2837.29 -670.34 154.315 2862.59 0 0 0 0 0 0 -829.734 348.307 2813.8 -832.237 129.141 2669.21 0 0 0 -759.394 147.449 2333.27 0 0 0 0 0 0 -519.674 360.996 2860.78 -370.544 177.811 2715.23 0 0 0 -372.03 174.52 2431.74 0 0 0 -753.165 -49.5899 2874.68 -733.161 -480.119 2887.81 0 0 0 -691.737 -851.558 2988.16 -578.786 -42.4535 2901.11 -553.328 -453.297 2906.38 0 0 0 -581.633 -834.734 3002.61
10177622 -675.69 608.931 2779.1 -671.741 351.764 2832.77 -667.047 151.449 2860.19 0 0 0 0 0 0 -826.734 344.847 2808.77 -830.648 131.413 2663.93 0 0 0 -755.786 150.927 2325.77 0 0 0 0 0 0 -516.748 358.682 2856.77 -367.597 177.564 2710.59 0 0 0 -358.662 174.039 2430.75 0 0 0 -748.745 -52.7215 2874.24 -729.902 -484.824 2883.81 0 0 0 -690.282 -855.545 2977.11 -575.961 -45.0099 2900.99 -544.231 -446.966 2900.57 0 0 0 -577.344 -803.646 2985.38
10210991 -673.956 606.061 2775.55 -668.477 347.628 2825.84 -664.064 148.568 2855.93 0 0 0 0 0 0 -822.467 340.313 2800.03 -828.845 132.874 2662.57 0 0 0 -764.007 153.189 2331.82 0 0 0 0 0 0 -514.488 354.943 2851.65 -356.023 178.464 2701.26 0 0 0 -358.094 164.967 2421.41 0 0 0 -743.798 -54.4886 2871.92 -730.57 -482.878 2879.19 0 0 0 -690.054 -859.505 2971.42 -575.505 -46.494 2900.12 -536.561 -441.718 2894.62 0 0 0 -579.064 -784.741 2983.18
10244360 -665.562 595.618 2764.16 -662.604 339.448 2813.8 -659.677 144.177 2849.84 0 0 0 0 0 0 -815.567 332.194 2786.93 -823.492 129.264 2652.42 0 0 0 -758.052 149.325 2313.22 0 0 0 0 0 0 -509.642 346.701 2840.68 -356.238 175.836 2700.53 0 0 0 -354.96 153.188 2411.63 0 0 0 -737.014 -54.8993 2871.77 -724.347 -480.344 2867.32 0 0 0 -688.95 -856.315 2969.04 -576.483 -47.2869 2899.98 -535.683 -441.435 2892.14 0 0 0 -581.099 -783.396 2980.37
10277729 -657.269 562.939 2746.17 -648.572 317.454 2802.18 -649.793 132.718 2842.78 0 0 0 0 0 0 -807.783 312.765 2776.05 -818.185 115.125 2648.83 0 0 0 -767.175 135.687 2321.85 0 0 0 0 0 0 -489.36 322.143 2828.31 -340.596 150.879 2695.51 0 0 0 -352.159 133.367 2407.07 0 0 0 -728.355 -54.2967 2870.69 -720.068 -479.259 2859.1 0 0 0 -688.465 -855.26 2969.65 -573.675 -49.7407 2896.07 -535.437 -440.946 2887.3 0 0 0 -582.155 -790.86 2976.87
10311099 -650.329 545.595 2736.25 -646.16 304.862 2793.09 -648.386 124.111 2836.07 0 0 0 0 0 0 -807.145 302.286 2773.91 -812.296 94.8258 2651.26 0 0 0 -756.134 112.84 2308.87 0 0 0 0 0 0 -485.174 307.439 2812.26 -332.49 140.298 2692.11 0 0 0 -343.645 120.919 2402.64 0 0 0 -730.874 -57.926 2869.49 -714.917 -482.198 2844.28 0 0 0 -686.4 -856.573 2965.37 -570.351 -55.3566 2888.61 -534.13 -434.941 2880.18 0 0 0 -584.387 -787.429 2975.24
10344468 -644.954 526.829 2725.01 -642.614 282.374 2789.58 -642.432 110.079 2832.85 0 0 0 0 0 0 -801.184 278.743 2775.79 -814.99 89.9109 2649.93 0 0 0 -751.954 91.9273 2290.27 0 0 0 0 0 0 -484.045 286.005 2803.37 -325.771 111.022 2702.24 0 0 0 -342.145 77.5626 2404.64 0 0 0 -718.28 -63.9573 2869.51 -709.122 -485.051 2832.2 0 0 0 -685.11 -852.307 2964.23 -566.219 -60.4753 2882.74 -534.34 -434.913 2873.4 0 0 0 -586.104 -788.805 2972.27
10377837 -640.857 506.536 2711.62 -635.856 259.343 2776.97 -634.944 93.3802 2824.48 0 0 0 0 0 0 -792.887 252.798 2757.12 -800.668 51.3362 2646.63 0 0 0 -755.943 44.0435 2309.42 0 0 0 0 0 0 -478.826 265.889 2796.82 -323.847 102.697 2703.94 0 0 0 -331.999 41.0384 2411.74 0 0 0 -703.636 -75.484 2863.2 -703.778 -480.346 2820.47 0 0 0 -681.381 -829.934 2950.6 -564.429 -69.6815 2880.79 -535.987 -443.697 2867.79 0 0 0 -586.891 -796.026 2971.4
10411206 -637.29 494.377 2704.36 -625.254 226.312 2757.23 -627.091 55.8869 2815.38 0 0 0 0 0 0 -788.248 224.004 2745.32 -788.076 30.8571 2651.5 0 0 0 -758.893 -1.91623 2325.36 0 0 0 0 0 0 -462.26 228.619 2769.14 -322.071 -7.61031 2659.28 0 0 0 -320.941 -19.9673 2400.09 0 0 0 -694.627 -115.468 2868.73 -675.511 -491.271 2785.04 0 0 0 -677.943 -830.926 2942.71 -563.23 -113.608 2878.33 -541.059 -481.205 2864.22 0 0 0 -588.978 -817.262 2999.78
10444576 -630.329 481.296 2697.12 -621.815 217.412 2750.71 -624.647 38.4698 2807.63 0 0 0 0 0 0 -782.974 215.115 2735.48 -807.971 -2.81079 2674.12 0 0 0 -780.429 -87.7389 2356.09 0 0 0 0 0 0 -460.655 219.708 2765.95 -339.678 -29.1582 2696.63 0 0 0 -284.443 -71.0491 2447.73 0 0 0 -694.611 -141.429 2858.2 -663.85 -511.148 2769.87 0 0 0 -663.343 -835.481 2939.72 -560.346 -139.516 2870.9 -558.207 -523.38 2846.59 0 0 0 -583.72 -825.54 3048.3
10477945 -624.277 470.869 2690.34 -619.355 209.573 2744.55 -616.222 25.3057 2798.24 0 0 0 0 0 0 -777.297 202.902 2730.87 -817.58 -40.7604 2701.14 0 0 0 -797.002 -175.188 2413.07 0 0 0 0 0 0 -461.414 216.243 2758.22 -350.991 -34.4781 2712.62 0 0 0 -276.401 -143.083 2514.21 0 0 0 -691.069 -162.255 2845.19 -659.026 -533.675 2752.76 0 0 0 -661.416 -850.932 2936.52 -535.109 -155.668 2858.69 -557.546 -547.365 2852.64 0 0 0 -588.122 -827.535 3036.7
10511314 -619.25 466.085 2680.28 -616.446 206.92 2739.29 -616.067 16.7978 2784.13 0 0 0 0 0 0 -772.527 203.888 2727.76 -820.548 -51.8531 2709.32 0 0 0 -821.65 -256.499 2502.72 0 0 0 0 0 0 -460.364 209.952 2750.83 -357.526 -40.4389 2734.03 0 0 0 -289.589 -243.438 2608.49 0 0 0 -690.825 -174.784 2823.42 -638.182 -563.554 2730.04 0 0 0 -664.326 -846.244 2928 -540.551 -171.865 2834.52 -552.697 -565.801 2855.21 0 0 0 -592.655 -838.821 3031.97
10544683 -616.246 475.11 2666.54 -612.617 207.639 2730.68 -611.802 14.1305 2766.84 0 0 0 0 0 0 -765.17 203.395 2711.41 -823.597 -58.2236 2709.15 0 0 0 -842.233 -279.306 2594.36 0 0 0 0 0 0 -460.064 211.883 2749.96 -363.96 -41.7512 2758.78 0 0 0 -321.819 -230.22 2715.71 0 0 0 -682.117 -181.357 2794 -627.921 -571.734 2715.63 0 0 0 -663.394 -826.338 2914.27 -539.858 -177.399 2811.98 -541.792 -581.773 2846.55 0 0 0 -592.632 -856.509 3020.53
10578053 -610.604 503.771 2651.55 -608.698 232.48 2700.61 -608.502 29.752 2743.71 0 0 0 0 0 0 -756.976 228.791 2683.93 -823.189 -28.1897 2719.06 0 0 0 -854.742 -250.522 2691.41 0 0 0 0 0 0 -460.419 236.169 2717.28 -372.53 -35.4058 2774.9 0 0 0 -339.045 -222.42 2805.67 0 0 0 -682.286 -174.816 2778.5 -629.469 -554.077 2698.56 0 0 0 -661.567 -860.248 2873.25 -534.327 -171.136 2795.14 -531.734 -562.991 2832.27 0 0 0 -596.357 -855.719 2916.44
10611422 -611.575 520.026 2645.96 -605.596 247.921 2689.06 -602.008 47.369 2732.6 0 0 0 0 0 0 -750.993 241.823 2672.95 -824.987 -10.8329 2746.71 0 0 0 -856.837 -220.883 2767.93 0 0 0 0 0 0 -460.199 254.02 2705.18 -391.265 -1.96437 2793.16 0 0 0 -334.787 -135.659 2708.7 0 0 0 -682.266 -156.7 2766.84 -614.368 -528.106 2666.73 0 0 0 -651.091 -860.443 2832.03 -514.575 -149.666 2785.42 -524.683 -547.783 2827.64 0 0 0 -591.544 -855.889 2940.68
10644791 -615.226 537.75 2639.51 -612.035 277.179 2677.29 -604.624 72.9407 2720.94 0 0 0 0 0 0 -763.51 267.22 2656.41 -830.822 3.68149 2757.62 0 0 0 -871.625 -209.972 2711.15 0 0 0 0 0 0 -460.561 287.139 2698.17 -400.773 44.5007 2817.19 0 0 0 -339.738 -130.837 2729.93 0 0 0 -680.679 -136.786 2753.09 -607.373 -492.29 2640.88 0 0 0 -612.105 -829.952 2728.89 -513.747 -125.81 2776.11 -517.006 -530.254 2823.42 0 0 0 -589.625 -865.105 2933.97
10678160 -612.866 568.211 2617.74 -612.599 303.679 2673.14 -601.667 99.6755 2711.72 0 0 0 0 0 0 -764.856 290.874 2648.57 -828.7 11.3218 2758.8 0 0 0 -901.813 -52.1495 2931.13 0 0 0 0 0 0 -460.341 316.484 2697.7 -403.016 73.2972 2838.33 0 0 0 -422.739 39.4815 3026.04 0 0 0 -672.423 -111.198 2737.13 -609.542 -486.743 2624.65 0 0 0 -593.615 -849.624 2700.59 -509.047 -97.458 2763.49 -516.082 -499.814 2805.37 0 0 0 -579.277 -879.313 2935.22
10711530 -611.59 585.798 2601.61 -612.414 332.786 2652.84 -601.445 137.079 2685.54 0 0 0 0 0 0 -762.959 319.032 2621.02 -822.893 116.845 2737.8 0 0 0 -885.307 -3.80754 2968.73 0 0 0 0 0 0 -461.869 346.539 2684.65 -403.493 119.245 2862.37 0 0 0 -470.817 79.3736 3002.59 0 0 0 -672.448 -66.1165 2700.92 -615.373 -465.984 2595.31 0 0 0 -587.689 -850.069 2654.72 -508.506 -51.1388 2735.57 -509.63 -465.295 2781.54 0 0 0 -574.328 -872.289 2931.11
10744899 -609.203 602.104 2586.09 -609.31 358.247 2639.8 -592.878 164.12 2664 0 0 0 0 0 0 -753.99 342.39 2610.84 -818.058 131.245 2752.01 0 0 0 -849.332 -78.5494 2888.47 0 0 0 0 0 0 -464.631 374.103 2668.75 -407.294 265.309 2872.48 0 0 0 -472.31 73.8566 3005.92 0 0 0 -649.299 -37.9908 2673.62 -615.47 -454.356 2573.33 0 0 0 -561.253 -835.568 2551.26 -503.593 -22.022 2702.78 -505.381 -444.345 2766.87 0 0 0 -544.219 -816.458 2948.71
10778268 -609.081 627.485 2559.72 -608.092 380.91 2616.52 -591.738 182.771 2643.22 0 0 0 0 0 0 -749.643 365.062 2585.61 -816.058 162.41 2759.17 0 0 0 -856.845 -72.1719 2900.55 0 0 0 0 0 0 -466.541 396.759 2647.42 -428.533 272.237 2877.39 0 0 0 -505.529 256.227 3071.7 0 0 0 -644.768 -23.1378 2654.78 -607.442 -431.558 2538.9 0 0 0 -565.614 -831.354 2525.53 -505.999 -7.60069 2685.07 -500.863 -431.752 2761.33 0 0 0 -541.077 -807.709 2950.02
10811637 -610.714 635.156 2539.15 -603.189 398.909 2597.49 -590.77 194.778 2626.4 0 0 0 0 0 0 -742.031 385.898 2565.27 -811.709 186.02 2750.13 0 0 0 -951.013 60.0858 3100.79 0 0 0 0 0 0 -464.347 411.919 2629.71 -434.121 275.227 2839.71 0 0 0 -445.644 266.118 3241.43 0 0 0 -652.395 -16.291 2638.13 -605.459 -434.218 2535.04 0 0 0 -547.176 -840.245 2482.22 -504.305 -2.41382 2672.5 -494.239 -426.201 2747.03 0 0 0 -530.822 -795.266 2941.51
10845007 -611 637.126 2527.41 -597.628 412.306 2577 -587.464 202.187 2600.64 0 0 0 0 0 0 -738.557 402.84 2553.46 -805.637 198.647 2738.12 0 0 0 -777.062 59.5231 2898 0 0 0 0 0 0 -456.7 421.771 2600.53 -441.847 310.001 2831.09 0 0 0 -510.152 153.239 3222.46 0 0 0 -649.89 -12.8081 2612.16 -593.285 -443.528 2502.68 0 0 0 -536.863 -847.644 2426.03 -504.71 -3.05687 2636.4 -488.922 -431.106 2732.76 0 0 0 -532.087 -793.891 2943.91
10878376 -608.51 629.365 2493.24 -592.527 419.926 2555.46 -582.646 204.22 2570.74 0 0 0 0 0 0 -733.096 411.92 2533.34 -801.107 204.323 2729.15 0 0 0 -771.538 73.67 2879.7 0 0 0 0 0 0 -451.958 427.932 2577.57 -435.222 346.336 2820.21 0 0 0 -556.785 350.695 2915.82 0 0 0 -651.922 -15.9935 2573.57 -594.321 -448.502 2485.74 0 0 0 -540.915 -850.195 2404.03 -493.607 -6.97701 2598.47 -479.181 -419.39 2708.77 0 0 0 -531.458 -749.675 2912.7
10911745 -605.57 624.671 2456.57 -589.688 422.499 2533.38 -579.355 205.818 2549.89 0 0 0 0 0 0 -728.25 414.063 2509.39 -802.875 221.839 2698.63 0 0 0 -774.333 86.783 2880.72 0 0 0 0 0 0 -451.126 430.935 2557.36 -438.442 349.01 2789.85 0 0 0 -551.948 348.718 2926.63 0 0 0 -647.329 -15.6312 2552.85 -596.439 -442.887 2461.59 0 0 0 -550.943 -848.249 2386.63 -490.714 -6.09637 2579.96 -469.664 -417.514 2669.57 0 0 0 -527.763 -759.701 2882.09
10945114 -603.213 618.646 2435.33 -592.691 421.125 2516.8 -576.261 200.834 2527.3 0 0 0 0 0 0 -732.684 409.471 2491.33 -793.834 228.015 2688.01 0 0 0 -779.828 97.227 2881.31 0 0 0 0 0 0 -452.698 432.78 2542.27 -417.99 354.209 2765.87 0 0 0 -553.716 347.068 2932.36 0 0 0 -638.903 -26.0398 2523.41 -588.874 -440.796 2416.77 0 0 0 -551.222 -839.42 2373.4 -480.76 -12.8745 2552.18 -466.294 -430.132 2650.18 0 0 0 -521.075 -783.025 2849.46
10978484 -600.081 603.427 2392.62 -594.532 409.081 2484.68 -579.459 188.663 2499.95 0 0 0 0 0 0 -735.534 398.756 2474.83 -792.275 215.924 2651.02 0 0 0 -786.161 94.1623 2871.09 0 0 0 0 0 0 -453.531 419.406 2494.54 -404.671 361.166 2751.43 0 0 0 -545.798 348.222 2925.23 0 0 0 -642.159 -37.4487 2509.78 -580.605 -447.152 2394.82 0 0 0 -530.351 -859.935 2326.37 -486.612 -26.0585 2520.65 -461.956 -450.279 2611.19 0 0 0 -525.038 -793.408 2830.65
11011853 -592.707 576.821 2357.91 -590.27 375.707 2456.18 -578.005 161.229 2470.23 0 0 0 0 0 0 -732.776 367.082 2448.93 -805.777 197.669 2627.1 0 0 0 -778.891 88.9981 2828.65 0 0 0 0 0 0 -447.765 384.332 2463.43 -319.085 259.715 2640.82 0 0 0 -549.43 362.232 2916.63 0 0 0 -644.945 -58.043 2480.26 -566.192 -442.424 2341.39 0 0 0 -530.397 -860.169 2299.53 -486.534 -48.4558 2488.32 -447.524 -477.136 2581.98 0 0 0 -524.964 -803.804 2802.74
11045222 -588.508 558.06 2313.38 -583.018 358.101 2423.07 -568.359 145.349 2440.15 0 0 0 0 0 0 -726.969 347.166 2410.42 -803.109 175.93 2577.94 0 0 0 -789.313 73.8263 2799.37 0 0 0 0 0 0 -439.066 369.035 2435.72 -319.92 273.484 2641.24 0 0 0 -533.262 359.009 2885.12 0 0 0 -634.968 -73.5748 2450.08 -555.567 -462.892 2302.53 0 0 0 -513.573 -960.773 2248.97 -472.433 -61.2291 2464.37 -432.014 -489.518 2537.43 0 0 0 -523.25 -892.797 2670.74
11078591 -584.308 543.057 2290.14 -585.633 321.301 2387.82 -569.012 117.827 2409.62 0 0 0 0 0 0 -736.643 307.211 2371.44 -834.344 117.392 2503.72 0 0 0 -795.373 69.3386 2779.77 0 0 0 0 0 0 -434.623 335.391 2404.2 -307.001 248.729 2607.21 0 0 0 -516.72 347.378 2863.19 0 0 0 -629.814 -92.87 2423.02 -538.195 -474.136 2253 0 0 0 -492.709 -908.641 2252.19 -474.969 -78.4223 2439.81 -425.746 -500.244 2517.91 0 0 0 -525.43 -888.292 2672.09
11111961 -577.567 513.519 2250.1 -586.531 296.035 2349.53 -568.839 99.0619 2378.35 0 0 0 0 0 0 -734.698 279.08 2324.61 -842.204 104.58 2467.73 0 0 0 -965.738 -45.3896 2519.53 0 0 0 0 0 0 -438.363 312.989 2374.44 -300.42 224.305 2585.68 0 0 0 -489.628 321.475 2833.67 0 0 0 -630.316 -106.97 2393.86 -523.366 -501.91 2206.16 0 0 0 -479.77 -921.625 2247.51 -471.979 -88.8518 2420.48 -418.56 -521.135 2487.05 0 0 0 -523.809 -886.253 2668.45
11145330 -573.786 495.754 2228.3 -588.143 266.091 2319.71 -568.214 68.6862 2353.76 0 0 0 0 0 0 -738.903 246.075 2291.91 -887.618 40.7387 2391.04 0 0 0 -968.501 -104.71 2442.83 0 0 0 0 0 0 -437.383 286.107 2347.52 -296.531 141.711 2483.67 0 0 0 -456.43 303.778 2820.39 0 0 0 -626.116 -139.052 2373.45 -514.3 -505.897 2184.89 0 0 0 -481.557 -917.099 2238.36 -470.454 -118.385 2402.16 -410.152 -549.832 2473.02 0 0 0 -521.411 -899.728 2666.99
11178699 -569.73 471.48 2197.91 -586.894 250.37 2299.21 -568.841 52.28 2334.66 0 0 0 0 0 0 -738.992 231.355 2270.42 -892.179 35.9227 2354.18 0 0 0 -968.441 -153.85 2390.37 0 0 0 0 0 0 -434.795 269.384 2328 -266.459 125.374 2453.97 0 0 0 -423.428 274.681 2780.27 0 0 0 -628.302 -155.5 2355.45 -510.177 -512.324 2171.34 0 0 0 -483.864 -917.199 2234.83 -473.273 -136.119 2384.79 -417.262 -565.533 2446.69 0 0 0 -522.389 -899.034 2667.15
11212068 -565.988 457.274 2180.65 -581.383 230.372 2271.65 -566.847 36.0808 2307.78 0 0 0 0 0 0 -737.099 214.643 2249.71 -893.562 17.8301 2317.29 0 0 0 -937.46 -76.7214 2459.04 0 0 0 0 0 0 -425.667 246.1 2293.58 -233.497 119.785 2411.35 0 0 0 -388.032 246.24 2736.92 0 0 0 -635.303 -166.593 2332.22 -504.462 -522.113 2160.28 0 0 0 -483.372 -919.196 2232.8 -469.319 -149.827 2355.6 -421.482 -571.409 2434.81 0 0 0 -524.752 -897.437 2666.19
11245438 -561.01 435.118 2153.07 -576.458 206.327 2245.15 -564.039 14.7622 2288.86 0 0 0 0 0 0 -731.697 187.777 2207.97 -896.829 -2.26257 2281.48 0 0 0 -986.458 -168.674 2112.82 0 0 0 0 0 0 -421.219 224.876 2282.34 -214.986 97.5842 2388.36 0 0 0 -353.278 215.825 2696.47 0 0 0 -637.662 -187.083 2311.97 -506.775 -521.495 2153.89 0 0 0 -491.518 -905.787 2237 -465.579 -166.521 2353.19 -413.683 -588.643 2423.75 0 0 0 -542.286 -946.306 2603.41
11278807 -559.041 424.563 2137.62 -574.142 190.443 2222.84 -560.105 -0.239088 2266.8 0 0 0 0 0 0 -732.004 168.661 2178.76 -889.13 -46.5528 2181.9 0 0 0 -985.629 -163.832 1991.83 0 0 0 0 0 0 -416.28 212.226 2266.93 -207.508 85.0146 2360.07 0 0 0 -8.541 -9.63345 2261.36 0 0 0 -632.98 -202.914 2286.48 -510.742 -553.493 2133.09 0 0 0 -498.353 -902.188 2242.11 -459.156 -178.929 2335.02 -405.768 -596.085 2408.85 0 0 0 -526.789 -947.952 2595.88
11312176 -557.885 418.257 2126.21 -569.868 178.947 2195.68 -557.932 -10.7526 2246.92 0 0 0 0 0 0 -727.52 157.127 2151.62 -886.733 -39.5947 2153.52 0 0 0 -971.381 -139.804 1909.73 0 0 0 0 0 0 -412.216 200.768 2239.74 -224.123 54.2088 2248.8 0 0 0 -5.72545 -2.6494 2158.27 0 0 0 -626.498 -211.595 2275.66 -504.499 -571.196 2115 0 0 0 -490.757 -911.056 2232.57 -465.493 -189.31 2320.65 -408.197 -595.912 2405.41 0 0 0 -523.604 -946.43 2597.72
11345545 -558.319 407.414 2104.79 -559.786 171.854 2170.47 -551.658 -13.9504 2226.27 0 0 0 0 0 0 -720.67 151.893 2127.44 -883.734 -31.0809 2098.88 0 0 0 -955.867 -100.873 1821.21 0 0 0 0 0 0 -398.901 191.816 2213.5 -169.88 57.3781 2169.52 0 0 0 2.00743 2.24395 2084.77 0 0 0 -622.504 -209.554 2260.95 -505.925 -586.927 2117.04 0 0 0 -495.837 -926.084 2236.29 -464.556 -189.956 2303.2 -407.34 -593.945 2388.56 0 0 0 -515.937 -941.194 2580.97
11378915 -555.73 394.985 2084.61 -551.669 162.451 2154.19 -546.503 -23.2242 2215.07 0 0 0 0 0 0 -714.273 144.22 2112.38 -892.622 1.76205 1987.79 0 0 0 -916.561 -80.9527 1737.58 0 0 0 0 0 0 -389.064 180.683 2196.01 -156.855 55.291 2123.64 0 0 0 2.77588 13.0483 1998.21 0 0 0 -619.228 -217.633 2255.91 -504.342 -587.05 2114.07 0 0 0 -496.731 -931.579 2229.46 -463.445 -200.167 2295.97 -408.239 -606.883 2361.26 0 0 0 -514.613 -943.513 2571.41
11412284 -553.945 388.204 2074.52 -544.746 153.781 2140.46 -543.343 -30.3392 2205.53 0 0 0 0 0 0 -708.324 137.102 2096.79 -883.143 11.8274 1964.73 0 0 0 -875.389 -44.5413 1642.74 0 0 0 0 0 0 -381.168 170.46 2184.12 -163.23 58.9776 2067.09 0 0 0 -5.0946 12.8956 1913.75 0 0 0 -618.621 -222.278 2250.15 -503.663 -589.907 2114.5 0 0 0 -499.07 -942.438 2224.88 -465.259 -206.641 2291.08 -405.062 -608.236 2365.94 0 0 0 -510.336 -946.636 2564.54
11445653 -549.568 377.733 2066.42 -543.286 149.072 2130.57 -543.446 -35.0357 2196.66 0 0 0 0 0 0 -704.225 131.963 2082.52 -861.651 6.09613 1934.2 0 0 0 -870.381 27.5738 1682.69 0 0 0 0 0 0 -382.346 166.18 2178.62 -189.662 64.5153 2037.47 0 0 0 -16.0517 34.894 1811.84 0 0 0 -620.854 -227.355 2239.68 -505.505 -590.809 2119.36 0 0 0 -504.298 -949.75 2224.96 -466.36 -210.931 2285.81 -399.941 -611.104 2364.08 0 0 0 -502.64 -950.351 2556.52
11479022 -548.013 370.914 2061.14 -535.381 139.639 2116.84 -539.252 -41.325 2186.48 0 0 0 0 0 0 -682.148 124.637 2069.7 -826.552 23.9964 1890.27 0 0 0 -824.691 59.6825 1587.89 0 0 0 0 0 0 -388.613 154.641 2163.98 -197.451 68.1936 1999.62 0 0 0 -68.5525 92.6257 1740.12 0 0 0 -620.488 -230.197 2231.28 -509.556 -590.019 2122.68 0 0 0 -514.489 -965.083 2230.73 -465.759 -214.381 2280.98 -395.37 -613.69 2359.63 0 0 0 -494.936 -955.889 2548.68
11512392 -545.32 360.546 2053.71 -524.581 132.255 2095.27 -534.464 -43.8358 2174.64 0 0 0 0 0 0 -671.038 123.088 2056.7 -801.995 34.8016 1846.91 0 0 0 -809.352 111.408 1526.43 0 0 0 0 0 0 -378.123 141.422 2133.85 -182.774 69.4335 1950.91 0 0 0 -85.2718 138.189 1690.72 0 0 0 -621.048 -224.727 2233.81 -509.882 -588.533 2124.91 0 0 0 -511.212 -951.006 2247.36 -467.647 -215.126 2274.21 -392.148 -615.558 2347.7 0 0 0 -490.8 -958.742 2540.52
11545761 -544.455 355.185 2048.2 -521.643 131.164 2089.2 -533.93 -44.4088 2168.99 0 0 0 0 0 0 -664.938 124.283 2051.99 -766.526 37.2471 1822.47 0 0 0 -783.95 123.445 1492.21 0 0 0 0 0 0 -378.349 138.046 2126.41 -191.013 69.7407 1909.45 0 0 0 -98.7144 148.032 1674.4 0 0 0 -620.308 -223.54 2229.54 -511.866 -581.05 2109.05 0 0 0 -521.846 -924.832 2246.17 -472.127 -216.424 2268.02 -390.194 -616.069 2342.89 0 0 0 -487.341 -960.962 2537.09
11579130 -543.917 352.545 2044.27 -516.444 129.112 2071.56 -526.467 -50.1593 2153.23 0 0 0 0 0 0 -655.274 120.727 2036.12 -756.758 36.5722 1819.09 0 0 0 -775.871 121.433 1486.38 0 0 0 0 0 0 -377.614 137.497 2107 -190.968 71.2117 1896.05 0 0 0 -108.189 173.494 1638.05 0 0 0 -612.125 -233.999 2215.59 -506.64 -589.625 2107.06 0 0 0 -487.686 -930.925 2240.66 -460.854 -224.862 2254.21 -395.848 -610.386 2344.28 0 0 0 -477.497 -938.775 2449.4
11612499 -543.405 351.781 2034.5 -513.229 129.644 2060.73 -522.768 -50.7864 2143.9 0 0 0 0 0 0 -651.463 120.529 2025.1 -756.398 37.992 1805.21 0 0 0 -742.558 137.073 1420.49 0 0 0 0 0 0 -374.995 138.76 2096.36 -177.973 73.274 1870.58 0 0 0 -123.381 177.516 1621.8 0 0 0 -609.721 -236.322 2207.12 -505.895 -590.814 2090.94 0 0 0 -492.273 -926.314 2229.2 -454.891 -226.112 2247.03 -398.064 -607.538 2341.48 0 0 0 -519.931 -943.441 2435.75
11645869 -543.07 352.273 2031.08 -512.435 129.364 2054.23 -524.855 -50.3217 2142.84 0 0 0 0 0 0 -649.786 119.225 2014.42 -760.059 41.0149 1783.41 0 0 0 -772.431 165.38 1514.76 0 0 0 0 0 0 -375.084 139.503 2094.05 -175.61 75.1119 1858.43 0 0 0 -133.047 173.559 1630.15 0 0 0 -614.543 -235.711 2209.04 -506.006 -591.43 2086.95 0 0 0 -496.499 -925.105 2219.65 -460.007 -224.304 2253.84 -395.944 -610.4 2344.2 0 0 0 -516.349 -947.94 2429.78
11679238 -543.116 351.67 2023.54 -513.38 130.434 2050.85 -524.772 -50.4771 2138.88 0 0 0 0 0 0 -651.551 119.853 2011.22 -762.103 46.8655 1776.94 0 0 0 -752.674 143.468 1459.56 0 0 0 0 0 0 -375.209 141.015 2090.48 -189.994 78.0538 1867.27 0 0 0 -136.46 177.494 1618.26 0 0 0 -615.283 -237.447 2204.21 -494.702 -589.452 2061.89 0 0 0 -500.155 -928.455 2203.77 -457.044 -225.329 2249.59 -395.314 -611.471 2341.03 0 0 0 -516.296 -949.266 2427.4
11712607 -543.333 352.533 2021.22 -514.331 130.757 2047.89 -524.877 -51.307 2133.49 0 0 0 0 0 0 -651.109 119.264 2006.6 -768.318 53.0443 1768.57 0 0 0 -711.719 147.742 1386.02 0 0 0 0 0 0 -377.554 142.251 2089.19 -186.608 86.8931 1901.66 0 0 0 -135.612 174.757 1618.12 0 0 0 -617.354 -240.256 2194.34 -497.464 -590.928 2069.4 0 0 0 -505.295 -933.098 2195.56 -453.489 -226.487 2243.82 -393.761 -608.998 2333.2 0 0 0 -515.124 -949.949 2423.14
11745976 -543.115 353.475 2019.42 -515.604 131.844 2044.49 -524.024 -48.3678 2128.23 0 0 0 0 0 0 -651.964 117.443 1999.79 -758.826 46.3542 1736.37 0 0 0 -728.182 138.421 1416.23 0 0 0 0 0 0 -379.245 146.245 2089.2 -190.689 87.183 1888.3 0 0 0 -138.567 176.693 1612.5 0 0 0 -612.337 -237.018 2185.77 -499.911 -596.154 2079.07 0 0 0 -510.568 -943.655 2192.45 -452.549 -220.142 2238.16 -391.499 -602.367 2329.45 0 0 0 -511.225 -944.428 2413.62
11779346 -542.226 353.996 2018.14 -516.023 132.624 2042.4 -520.936 -44.5413 2127.72 0 0 0 0 0 0 -653.342 116.603 2001.23 -762.336 49.2887 1737.13 0 0 0 -729.982 152.693 1433.54 0 0 0 0 0 0 -378.705 148.645 2083.57 -190.152 90.5212 1874.27 0 0 0 -137.701 179.807 1613.56 0 0 0 -598.784 -230.216 2191.19 -498.002 -602.423 2082.69 0 0 0 -504.228 -954.744 2189.04 -452.913 -213.197 2234.92 -391.583 -591.324 2327.41 0 0 0 -512.765 -932.514 2407.67
11812715 -541.444 355.32 2017.11 -517.427 134.247 2041.02 -521.27 -43.3657 2126.84 0 0 0 0 0 0 -654.157 116.481 1998.13 -761.137 48.7861 1747 0 0 0 -732.768 123.666 1420.23 0 0 0 0 0 0 -380.697 152.013 2083.91 -210.892 98.858 1887.66 0 0 0 -138.261 179.303 1612.83 0 0 0 -597.549 -230.39 2189.93 -498.358 -602.116 2084.46 0 0 0 -505.694 -957.427 2184.12 -452.677 -211.566 2235.38 -387.956 -589.239 2326.83 0 0 0 -505.932 -931.777 2412.59
11846084 -540.771 355.73 2015.96 -517.64 135.007 2041.55 -515.087 -43.3305 2126.4 0 0 0 0 0 0 -652.226 111.559 1996.32 -758.204 44.1041 1748.8 0 0 0 -723.536 146.162 1424.46 0 0 0 0 0 0 -383.054 158.455 2086.79 -209.169 103.899 1891.02 0 0 0 -145.177 184.635 1626.66 0 0 0 -576.409 -232.796 2189.77 -502.783 -603.658 2087.46 0 0 0 -510.673 -953.885 2188.24 -448.658 -210.539 2232.71 -381.139 -587.546 2323.36 0 0 0 -498.702 -933.9 2412.32
11879453 -540.243 356.474 2013.76 -522.896 141.539 2052.15 -522.354 -41.1627 2133.36 0 0 0 0 0 0 -664.449 124.024 2013.69 -757.516 48.2746 1749.06 0 0 0 -763.299 128.312 1469.86 0 0 0 0 0 0 -381.343 159.055 2090.61 -213.298 100.72 1905.13 0 0 0 -138.634 186.059 1617.06 0 0 0 -591.448 -232.481 2195.65 -500.349 -596.677 2088.42 0 0 0 -503.264 -942.36 2191.47 -452.176 -215.248 2233.49 -382.317 -592.039 2324.26 0 0 0 -497.622 -939.976 2416.67
11912823 -540.333 357.764 2014.96 -520.034 141.654 2050.11 -520.378 -39.201 2132.48 0 0 0 0 0 0 -658.279 122.752 2008.03 -754.302 51.4051 1753.66 0 0 0 -760.068 168.461 1515.25 0 0 0 0 0 0 -381.789 160.556 2092.19 -211.112 96.9585 1902.71 0 0 0 -132.202 183.716 1626.55 0 0 0 -588.453 -229.317 2194.23 -499.105 -598.544 2087.14 0 0 0 -499.097 -945.559 2188.73 -452.991 -210.796 2235.46 -382.477 -586.634 2327.11 0 0 0 -495.695 -936.37 2421.09
11946192 -540.647 358.272 2015.66 -518.413 142.697 2049.82 -520.047 -37.4872 2133.01 0 0 0 0 0 0 -654.379 122.97 2004.42 -749.799 52.2668 1750.41 0 0 0 -737.209 140.578 1457.67 0 0 0 0 0 0 -382.446 162.423 2095.23 -208.987 93.359 1904.17 0 0 0 -137.047 180.354 1631.3 0 0 0 -588.902 -227.423 2193.74 -499.085 -598.639 2088.1 0 0 0 -501.817 -948.694 2190.06 -454.462 -207.919 2238.63 -379.395 -581.669 2333.73 0 0 0 -492.732 -933.759 2424.56
11987745 -540.699 358.171 2017.07 -517.949 144.114 2053.83 -519.928 -35.6351 2135.98 0 0 0 0 0 0 -654.386 126.449 2011.89 -751.692 50.1409 1751.28 0 0 0 -726.132 123.234 1444.76 0 0 0 0 0 0 -381.512 161.78 2095.77 -204.641 91.2929 1912.89 0 0 0 -129.506 181.044 1638.36 0 0 0 -588.816 -224.048 2197.57 -499.682 -597.128 2092.84 0 0 0 -503.495 -947.947 2193.91 -454.997 -206.721 2238.7 -380.934 -581.987 2334.1 0 0 0 -490.535 -931.831 2430.29
12021038 -540.885 360.631 2016.21 -517.688 143.591 2053.71 -520.636 -29.9637 2143.54 0 0 0 0 0 0 -648.826 118.729 2001.37 -744.633 43.0443 1746.1 0 0 0 -726.444 113.42 1448.3 0 0 0 0 0 0 -386.551 168.453 2106.04 -207.068 97.9466 1919.6 0 0 0 -129.89 175.411 1644.95 0 0 0 -598.058 -217.637 2203.66 -510.126 -593.581 2100.17 0 0 0 -516.306 -944.143 2202.02 -449.109 -189.399 2263.1 -367.816 -582.138 2332.77 0 0 0 -478.416 -932.662 2428.3
12054331 -541.122 363.815 2018.23 -517.017 146.885 2058.94 -519.648 -27.8065 2145.24 0 0 0 0 0 0 -647.971 123.262 2007.13 -741.542 35.7318 1761.74 0 0 0 -729.842 113.922 1461.33 0 0 0 0 0 0 -386.063 170.508 2110.74 -205.605 96.4483 1922.2 0 0 0 -115.169 182.082 1658.69 0 0 0 -595.785 -215.758 2202.47 -511.185 -595.168 2103.69 0 0 0 -523.532 -944.395 2213.96 -448.772 -189.238 2260.63 -364.979 -578.373 2334.66 0 0 0 -483.697 -928.112 2428.76
12087624 -542.948 375.971 2038.15 -515.209 152.335 2069.78 -518.574 -27.2651 2158.29 0 0 0 0 0 0 -644.352 124.48 2008.35 -748.976 23.7137 1786.06 0 0 0 -719.428 93.7992 1477.31 0 0 0 0 0 0 -386.065 180.19 2131.21 -205.02 88.5381 1932.79 0 0 0 -113.876 145.434 1665.33 0 0 0 -600.368 -223.781 2209.5 -515.47 -606.225 2119.28 0 0 0 -528.711 -962.92 2232.05 -443.512 -189.949 2284.11 -357.737 -565.69 2331.9 0 0 0 -477.036 -914.328 2425.72
12120917 -541.447 383.86 2057.99 -513.85 155.136 2076.41 -517.278 -23.9831 2164.02 0 0 0 0 0 0 -644.917 126.568 2012.87 -755.817 17.3178 1806.27 0 0 0 -709.439 80.9165 1502.4 0 0 0 0 0 0 -382.783 183.705 2139.94 -200.519 81.0541 1962.81 0 0 0 -113.685 128.888 1689.78 0 0 0 -596.661 -219.659 2214.82 -513.532 -603.088 2124.96 0 0 0 -524.89 -963.309 2239.24 -444.751 -186.547 2288.46 -361.016 -566.447 2342.16 0 0 0 -481.525 -915.172 2430.87
12146407 -539.765 389.019 2071.03 -518.442 154.338 2098.73 -522.34 -24.5389 2183.09 0 0 0 0 0 0 -659.063 132.421 2045.76 -739.966 22.4617 1830.89 0 0 0 -717.442 55.3279 1535.92 0 0 0 0 0 0 -377.822 176.255 2151.7 -193.858 66.7617 1977.56 0 0 0 -109.976 99.0928 1714.03 0 0 0 -597.98 -214.598 2240.41 -505.848 -593.477 2123.79 0 0 0 -517.249 -956.48 2241.89 -454.496 -192.234 2294.47 -371.003 -573.72 2351.69 0 0 0 -493.405 -920.815 2443.89
12187503 -537.786 397.04 2091.29 -523.848 162.089 2120.31 -526.288 -20.3982 2194.76 0 0 0 0 0 0 -672.715 147.919 2080.7 -742.494 21.236 1869.25 0 0 0 -725.975 30.2167 1571.9 0 0 0 0 0 0 -374.98 176.258 2159.91 -173.2 63.154 2000.81 0 0 0 -101.475 69.4073 1734.67 0 0 0 -598.808 -209.555 2250.56 -502.909 -584.19 2132.51 0 0 0 -518.431 -950.512 2270.07 -458.647 -196.215 2287.85 -381.931 -576.531 2366.86 0 0 0 -500.23 -922.665 2453.54
12220796 -538.337 405.633 2110.2 -527.37 170.802 2146.27 -527.042 -17.4843 2209.8 0 0 0 0 0 0 -674.256 158.64 2110.98 -750.004 8.45158 1930.21 0 0 0 -728.605 -5.32673 1618.55 0 0 0 0 0 0 -380.485 182.964 2181.55 -168.846 60.7042 2004.66 0 0 0 -98.2037 27.4466 1774.91 0 0 0 -598.733 -211.734 2256.04 -499.972 -565.984 2150.76 0 0 0 -510.492 -944.28 2269.87 -454.694 -199.808 2290.64 -400.64 -578.503 2384.59 0 0 0 -508.888 -919.37 2455.04
12246515 -540.678 412.372 2129.45 -522.714 173.914 2164.51 -525.008 -14.9144 2222.49 0 0 0 0 0 0 -669.509 164.499 2128.04 -756.834 2.11447 1969.99 0 0 0 -731.466 -50.9042 1674.5 0 0 0 0 0 0 -375.919 183.329 2200.98 -186.536 43.6705 2045.62 0 0 0 -100.799 -19.0017 1827.15 0 0 0 -600.168 -208.416 2262.37 -500.93 -563.705 2154.86 0 0 0 -508.246 -930.959 2269.91 -454.434 -199.069 2298.57 -400.775 -577.724 2393.38 0 0 0 -504.298 -918.156 2449.79
12287382 -542.701 422.126 2165.77 -516.873 176.047 2188.27 -520.553 -10.7347 2241.65 0 0 0 0 0 0 -666.314 165.447 2140.87 -760.131 -6.55931 1995.26 0 0 0 -732.562 -89.6438 1738.51 0 0 0 0 0 0 -367.432 186.647 2235.67 -190.321 43.3181 2090.74 0 0 0 -95.8426 -68.0507 1887.34 0 0 0 -600.385 -202.918 2270.86 -506.378 -565.348 2168.17 0 0 0 -502.086 -923.281 2267.83 -448.082 -192.114 2319.17 -395.91 -567.585 2410.57 0 0 0 -502.58 -911.974 2451.58
12320675 -543.963 430.448 2186.07 -516.975 189.241 2218.7 -519.053 2.21634 2268.88 0 0 0 0 0 0 -671.135 181.028 2181.7 -753.131 -14.5006 2039.18 0 0 0 -732.951 -152.686 1812.3 0 0 0 0 0 0 -362.815 197.454 2255.69 -203.367 42.6703 2129.33 0 0 0 -108.015 -96.4606 1962.51 0 0 0 -597.954 -188.901 2300.62 -514.882 -569.756 2190.74 0 0 0 -499.368 -915.867 2267.65 -444.309 -180.716 2337.49 -396.414 -559.174 2418.63 0 0 0 -503.791 -905.963 2453.6
12353968 -542.803 441.309 2206.69 -520.932 198.523 2246.71 -521.078 10.3078 2291.52 0 0 0 0 0 0 -675.833 188.086 2202.37 -762.342 -36.0819 2073.37 0 0 0 -738.234 -186.909 1887.02 0 0 0 0 0 0 -366.03 208.96 2291.04 -208.265 27.8467 2164.85 0 0 0 -121.431 -155.476 2037.24 0 0 0 -600.579 -183.254 2313.63 -519.637 -565.035 2207.96 0 0 0 -503.476 -919.132 2266.47 -441.869 -172.561 2359.06 -397.618 -557.122 2433.72 0 0 0 -506.89 -905.648 2473.23
12387261 -548.154 451.253 2243.97 -527.766 199.17 2277.53 -524.056 11.4328 2320.92 0 0 0 0 0 0 -684.482 187.948 2242.37 -770.664 -47.0074 2118.44 0 0 0 -736.729 -220.565 1967.79 0 0 0 0 0 0 -371.049 210.392 2312.68 -224.989 4.68381 2207.72 0 0 0 -135.299 -208.056 2124.06 0 0 0 -597.567 -181.834 2346.98 -514.856 -561.035 2222.29 0 0 0 -494.448 -935.229 2266.13 -443.127 -170.775 2381.63 -398.327 -560.662 2459.07 0 0 0 -510.993 -915.356 2481.25
12420554 -544.408 461.484 2278.32 -532.165 198.695 2301.75 -525.721 10.359 2344.47 0 0 0 0 0 0 -688.539 185.782 2268.42 -775.336 -56.7374 2162.81 0 0 0 -739.897 -249.872 2056.47 0 0 0 0 0 0 -375.792 211.607 2335.08 -242.418 -7.86359 2256.49 0 0 0 -157.917 -246.704 2205.23 0 0 0 -599.286 -184.583 2370.14 -511.828 -563.188 2231.85 0 0 0 -493.978 -939.921 2264.35 -439.267 -171.37 2404.25 -392.433 -561.214 2502.29 0 0 0 -511.261 -916.39 2488.12
12446731 -540.941 473.851 2315.03 -536.105 205.043 2343.39 -528.184 14.5887 2377.48 0 0 0 0 0 0 -694.666 193.046 2313.21 -769.791 -68.7739 2219.12 0 0 0 -737.543 -282.301 2146.67 0 0 0 0 0 0 -377.545 217.041 2373.57 -247.084 -16.0921 2292.29 0 0 0 -189.758 -244.556 2285.55 0 0 0 -603.217 -182.143 2395.78 -513.551 -555.125 2245.08 0 0 0 -493.672 -941.425 2260.58 -437.307 -169.589 2427.36 -416.167 -558.701 2531.45 0 0 0 -511.86 -917.611 2505.49
12487140 -543.131 483.333 2351.11 -537.739 217.706 2374.33 -530.975 22.219 2411.7 0 0 0 0 0 0 -697.187 206.293 2343.49 -773.731 -33.8991 2375.14 0 0 0 -750.483 -266.839 2232.09 0 0 0 0 0 0 -378.291 229.119 2405.18 -256.051 -37.649 2340.47 0 0 0 -220.869 -285.133 2361.2 0 0 0 -604.253 -178.997 2433.58 -519.478 -543.704 2271.99 0 0 0 -496.532 -940.862 2254.47 -444.169 -167.538 2464.55 -425.437 -559.76 2548.43 0 0 0 -511.044 -917.801 2528.57
12520433 -545.064 489.028 2374.56 -540.842 223.245 2416.26 -533.541 23.349 2447.02 0 0 0 0 0 0 -695.911 212.632 2384.1 -773.925 -42.5391 2377.45 0 0 0 -742.474 -291.555 2290.29 0 0 0 0 0 0 -385.773 233.858 2448.43 -271.018 -38.0969 2458.44 0 0 0 -256.542 -298.634 2435.65 0 0 0 -610.946 -182.344 2460.21 -528.034 -542.811 2302.33 0 0 0 -501.038 -943.268 2262.44 -441.533 -170.75 2495.35 -427.889 -559.892 2550.91 0 0 0 -510.378 -918.492 2539.68
12580208 -543.785 499.824 2431.18 -543.796 230.636 2467.59 -537.137 31.0199 2495.35 0 0 0 0 0 0 -696.93 220.854 2433.98 -767.924 -45.0433 2486.44 0 0 0 -746.061 -291.701 2425.42 0 0 0 0 0 0 -390.662 240.418 2501.2 -314.305 -32.8428 2560.24 0 0 0 -315.268 -298.395 2559.72 0 0 0 -616.388 -174.084 2504.25 -536.577 -539.141 2351.8 0 0 0 -520.302 -913.298 2294.38 -444.569 -163.109 2541.96 -434.057 -565.676 2594.51 0 0 0 -511.607 -929.281 2563.25
12646946 -544.621 526.894 2529.49 -557.757 256.399 2569.6 -546.792 50.4453 2572.51 0 0 0 0 0 0 -707.826 247.915 2534.56 -770.019 -40.4165 2545.04 0 0 0 -736.623 -294.447 2518.95 0 0 0 0 0 0 -407.687 264.883 2604.64 -329.749 -11.0547 2604.55 0 0 0 -321.223 -261.807 2504.9 0 0 0 -619.79 -160.255 2555.81 -567.264 -544.115 2454.46 0 0 0 -525.168 -928.569 2324.53 -451.865 -150.761 2595.02 -435.981 -550.747 2653.1 0 0 0 -516.412 -877.381 2896.83
12680315 -551.436 543.442 2543.2 -559.752 263.282 2585.91 -547.124 60.2026 2599.69 0 0 0 0 0 0 -710.979 251.742 2554.43 -767.771 -31.5973 2586.46 0 0 0 -729.084 -299.47 2563.09 0 0 0 0 0 0 -408.524 274.823 2617.38 -351.232 33.0883 2699.68 0 0 0 -322.203 -256.058 2500.25 0 0 0 -625.577 -149.827 2594.52 -570.716 -544.196 2470.5 0 0 0 -540.588 -901.945 2437.36 -443.414 -135.926 2632.43 -450.855 -535.477 2682.49 0 0 0 -515.487 -870.737 2888.63
12720191 -553.439 552.224 2559.08 -561.534 273.709 2601.97 -549.933 72.1267 2618.11 0 0 0 0 0 0 -713.89 262.751 2574.62 -770.745 -19.3249 2615.87 0 0 0 -733.901 -264.297 2574.91 0 0 0 0 0 0 -409.178 284.668 2629.32 -356.19 37.303 2723.7 0 0 0 -363.907 -193.291 2603.72 0 0 0 -630.539 -136.088 2617.7 -572.615 -537.424 2503.32 0 0 0 -547.891 -921.717 2443.91 -446.125 -122.824 2650.8 -462.98 -524.472 2710.32 0 0 0 -523.223 -870.889 2892.28
12753484 -557.543 560.241 2582.47 -564.447 282.704 2622.81 -554.988 82.4595 2639.51 0 0 0 0 0 0 -716.046 273.127 2593.84 -776.637 -8.76587 2651.23 0 0 0 -735.751 -261.41 2605.27 0 0 0 0 0 0 -412.848 292.281 2651.78 -360.456 34.915 2744.38 0 0 0 -367.563 -198.289 2609.37 0 0 0 -635.067 -123.441 2639.09 -581.893 -537.86 2522.02 0 0 0 -561.615 -944.082 2475.59 -455.99 -112.128 2673.32 -472.123 -518.729 2727.49 0 0 0 -532.856 -902.218 2880.29
12780423 -562.254 569.193 2604.02 -566.317 292.83 2644.65 -560.946 92.3172 2662.2 0 0 0 0 0 0 -716.871 286.571 2619.22 -782.214 4.85654 2676.98 0 0 0 -735.788 -256.513 2610.67 0 0 0 0 0 0 -415.763 299.088 2670.07 -362.069 28.558 2758.18 0 0 0 -370.111 -204.371 2605.91 0 0 0 -642.519 -111.81 2665.07 -593.646 -533.218 2531.37 0 0 0 -570.848 -942.861 2511.84 -468.633 -104.581 2694.44 -475.795 -515.761 2746.22 0 0 0 -535.5 -901.646 2886.19
12820070 -562.298 575.753 2616.01 -566.907 303.993 2661.71 -558.991 104.961 2681.04 0 0 0 0 0 0 -714.509 295.28 2632.45 -783.612 21.2396 2690.95 0 0 0 -732.945 -261.886 2640.39 0 0 0 0 0 0 -419.305 312.705 2690.98 -366.043 36.7555 2767.57 0 0 0 -372.353 -201.238 2620.25 0 0 0 -640.059 -99.3238 2682.73 -609.77 -508.905 2558.49 0 0 0 -590.841 -918.506 2551.62 -462.089 -88.8188 2718.01 -474.734 -506.361 2761.53 0 0 0 -547.358 -844.252 2922.2
12853363 -561.886 583.179 2629.71 -568.8 314.021 2678.82 -560.509 116.194 2695.48 0 0 0 0 0 0 -714.792 305.623 2651.77 -773.737 21.6097 2724.4 0 0 0 -733.216 -245.795 2635.57 0 0 0 0 0 0 -422.808 322.419 2705.86 -369.536 59.9017 2796.47 0 0 0 -366.267 -196.201 2628.03 0 0 0 -639.665 -86.6629 2695.95 -622.925 -498.309 2588.86 0 0 0 -598.577 -911.77 2600.47 -464.77 -76.6025 2728.35 -478.273 -488.682 2768.95 0 0 0 -546.508 -838.493 2931.69
12880531 -565.337 588.839 2647.68 -573.502 320.698 2698.34 -570.786 126.991 2709.73 0 0 0 0 0 0 -720.27 317.239 2674.53 -776.819 13.5884 2750.27 0 0 0 -740.753 -224.571 2651.79 0 0 0 0 0 0 -426.735 324.156 2722.14 -372.618 62.2123 2807.53 0 0 0 -360.787 -203.771 2639.83 0 0 0 -646.135 -68.5555 2708.46 -626.422 -481.596 2621.96 0 0 0 -602.782 -905.118 2626.06 -490.004 -64.8763 2733.79 -481.229 -484.607 2781.87 0 0 0 -547.645 -832.788 2948.56
12919949 -567.928 591.949 2660.22 -576.097 321.345 2714.45 -575.815 131.613 2729.57 0 0 0 0 0 0 -721.652 318.94 2686.99 -776.431 22.834 2757.34 0 0 0 -746.64 -255.052 2608.42 0 0 0 0 0 0 -430.542 323.749 2741.9 -374.641 62.5139 2817.87 0 0 0 -363.094 -206.116 2654.82 0 0 0 -653.683 -59.4107 2729.95 -631.981 -473.646 2644.62 0 0 0 -605.061 -902.776 2667.87 -497.382 -56.8283 2759.43 -483.052 -471.059 2797.19 0 0 0 -549.783 -824.662 2952.06
12947269 -571.889 595.596 2672.64 -578.443 324.13 2727.12 -577.602 134.322 2741.72 0 0 0 0 0 0 -723.897 321.499 2701.28 -776.775 28.3285 2757.81 0 0 0 -748.097 -223.572 2706.28 0 0 0 0 0 0 -432.988 326.762 2752.97 -375.695 66.2386 2827.97 0 0 0 -394.729 -191.203 2707.08 0 0 0 -655.031 -56.9022 2742.42 -638.904 -478.888 2684.09 0 0 0 -657.455 -878.277 2779.82 -498.493 -54.0699 2770.23 -485.27 -466.327 2796.6 0 0 0 -548.818 -818.83 2948.52
12986535 -575.826 603.539 2684.8 -581.997 327.861 2738.26 -578.715 136.349 2754.25 0 0 0 0 0 0 -730.288 323.393 2715.18 -778.927 34.2077 2764.58 0 0 0 -751.345 -226.73 2716.2 0 0 0 0 0 0 -433.705 332.329 2761.34 -374.87 68.7033 2843.73 0 0 0 -401.34 -151.246 2747.94 0 0 0 -658.019 -57.6509 2757.4 -643.169 -481.693 2705.01 0 0 0 -661.239 -859.292 2813.75 -492.849 -52.674 2783.1 -487.461 -453.566 2802.08 0 0 0 -547.069 -805.114 2938.75
13014008 -578.797 611.141 2696.87 -584.643 331.368 2745.15 -581.395 144.141 2769.05 0 0 0 0 0 0 -734.017 326.007 2723.46 -782.361 38.8055 2771.68 0 0 0 -762.636 -213.712 2725.49 0 0 0 0 0 0 -435.269 336.728 2766.85 -378.668 87.5881 2870.54 0 0 0 -382.6 -139.746 2889.8 0 0 0 -664.614 -46.1878 2780.38 -653.516 -463.923 2733.57 0 0 0 -657.296 -843.887 2835.57 -491.681 -39.9821 2805.5 -492.153 -446.337 2815.08 0 0 0 -546.511 -811.058 2936.98
13053121 -581.241 619.691 2709.79 -588.325 337.854 2752.56 -584.701 153.635 2780.47 0 0 0 0 0 0 -738.055 331.693 2731.34 -789.598 50.2122 2793.75 0 0 0 -768.769 -197.861 2729.99 0 0 0 0 0 0 -438.595 344.014 2773.79 -379.911 94.4597 2878.01 0 0 0 -383.088 -132.619 2887.6 0 0 0 -670.15 -34.249 2795.76 -658.07 -454.145 2747.14 0 0 0 -653.248 -836.617 2853.55 -492.005 -26.9192 2821.01 -495.141 -443.114 2829.41 0 0 0 -546.566 -816.898 2941.93
13080746 -582.422 622.962 2716.74 -590.872 341.171 2759.46 -589.816 159.049 2787.44 0 0 0 0 0 0 -741.612 337.101 2738.66 -790.227 53.4294 2800.01 0 0 0 -774.51 -196.17 2738.89 0 0 0 0 0 0 -440.132 345.24 2780.26 -378.266 90.8443 2884.26 0 0 0 -383.105 -135.268 2886.09 0 0 0 -684.079 -25.6452 2802.26 -664.646 -446.111 2765.09 0 0 0 -656.315 -823.356 2888.22 -493.439 -20.4989 2828.56 -500.968 -444.63 2849.03 0 0 0 -547.266 -817.473 2943.89
13119707 -584.056 626.032 2724.77 -593.605 347.081 2765.66 -594.288 163.378 2791.72 0 0 0 0 0 0 -742.709 344.746 2745.3 -790.494 62.3442 2803.72 0 0 0 -782.854 -183.591 2748.01 0 0 0 0 0 0 -444.502 349.415 2786.02 -380.871 90.7827 2888.63 0 0 0 -389.446 -127.998 2878 0 0 0 -692.46 -21.8514 2804.47 -674.06 -443.436 2782.59 0 0 0 -659.414 -821.622 2906.98 -497.483 -18.799 2831.1 -505.588 -440.094 2853.1 0 0 0 -547.141 -813.085 2946.41
13147485 -586.96 629.152 2732.47 -594.92 348.16 2767.88 -597.955 164.138 2794.66 0 0 0 0 0 0 -743.314 347.361 2745.58 -793.364 67.0743 2806.58 0 0 0 -786.959 -179.826 2751.55 0 0 0 0 0 0 -446.526 348.958 2790.18 -382.685 87.7033 2890.28 0 0 0 -383.005 -139.004 2885.4 0 0 0 -702.041 -20.4268 2806.25 -680.587 -441.246 2792.76 0 0 0 -657.573 -818.32 2916.35 -499.938 -19.3395 2836.63 -508.124 -435.604 2855.88 0 0 0 -547.522 -808.473 2947.09
13186293 -588.614 628.614 2734.66 -596.861 349.017 2769.68 -600.617 164.749 2797.32 0 0 0 0 0 0 -746.533 348.757 2747.61 -796.527 66.221 2807.57 0 0 0 -791.465 -191.133 2771.86 0 0 0 0 0 0 -447.189 349.277 2791.74 -384.674 88.5598 2894.23 0 0 0 -383.063 -130.232 2875.4 0 0 0 -707.368 -19.6975 2809.79 -691.756 -451.416 2819.32 0 0 0 -657.864 -821.887 2928.85 -501.378 -19.3394 2840.16 -515.062 -426.342 2859.21 0 0 0 -548.148 -804.233 2947.72
13214223 -592.175 629.248 2738.03 -599.757 350.84 2773.51 -603.55 165.794 2801.2 0 0 0 0 0 0 -749.696 350.449 2750.35 -799.108 67.4737 2810.47 0 0 0 -808.675 -186.723 2788.41 0 0 0 0 0 0 -449.817 351.231 2796.67 -386.014 90.3607 2896.52 0 0 0 -412.629 -126.897 2767.53 0 0 0 -709.717 -19.5201 2813.07 -695.246 -454.699 2829.88 0 0 0 -659.458 -834.212 2942.47 -504.97 -18.9859 2844.69 -517.32 -426.43 2864.38 0 0 0 -549.329 -796.481 2955.58
13252879 -594.973 628.634 2739.83 -602.635 352.802 2778.43 -605.857 164.817 2809.43 0 0 0 0 0 0 -753.229 352.274 2759.58 -801.484 67.9929 2817.21 0 0 0 -799.508 -185.749 2772.95 0 0 0 0 0 0 -452.042 353.33 2797.28 -389.494 95.4704 2899.93 0 0 0 -400.385 -152.649 2818.31 0 0 0 -710.51 -23.523 2827.74 -696.071 -447.625 2828.99 0 0 0 -659.872 -826.407 2936.41 -507.647 -22.8117 2853.13 -517.721 -425.003 2871.08 0 0 0 -549.144 -794.171 2966.02
