4962922 -644.741 617.348 2756.14 -660.141 352.95 2801.95 -657.06 152.828 2827 0 0 0 0 0 0 -806.061 349.26 2790.42 -826.039 75.2978 2793.9 0 0 0 -796.89 -177.763 2722.88 0 0 0 0 0 0 -514.221 356.64 2813.48 -455.054 107.63 2909.74 0 0 0 -455.13 -113.828 2822.31 0 0 0 -747.261 -49.6534 2844.68 -735.862 -449.662 2861.41 0 0 0 -706.278 -803.554 2952.12 -560.695 -44.9357 2859.42 -555.877 -431.92 2868.1 0 0 0 -584.015 -785.561 2965.39
4996215 -649.449 617.319 2760.24 -662.799 354.247 2804.46 -658.901 153.952 2827.49 0 0 0 0 0 0 -808.473 350.218 2794.08 -835.771 95.3405 2801.94 0 0 0 -802.63 -186.325 2732.27 0 0 0 0 0 0 -517.125 358.276 2814.85 -463.421 108.379 2916.19 0 0 0 -464.807 -82.8837 2814.05 0 0 0 -749.148 -48.9477 2843.81 -735.682 -451.625 2861.25 0 0 0 -706.218 -805.975 2950.48 -560.859 -43.7401 2857.24 -556.566 -429.13 2869.43 0 0 0 -584.048 -785.332 2966.99
5029508 -653.506 617.617 2762.62 -666.914 356.608 2806.3 -662.285 158.223 2828.73 0 0 0 0 0 0 -813.901 351.89 2794.91 -844.054 90.7488 2808.04 0 0 0 -812.379 -172.979 2720.78 0 0 0 0 0 0 -519.927 361.326 2817.7 -468.356 108.332 2920.39 0 0 0 -482.262 -127.04 2804.7 0 0 0 -751.196 -43.1638 2843.91 -736.449 -447.447 2863.17 0 0 0 -706.569 -801.714 2953.76 -564.115 -37.1591 2858.41 -559.184 -423.388 2869.9 0 0 0 -584.154 -788.153 2965.06
5062801 -657.747 616.752 2766.99 -670.719 358.705 2808.72 -665.242 161.742 2829.44 0 0 0 0 0 0 -816.163 353.535 2798.01 -849.39 95.6756 2815.09 0 0 0 -828.697 -173.22 2742.47 0 0 0 0 0 0 -525.275 363.875 2819.42 -470.637 107.118 2921.21 0 0 0 -493.576 -155.417 2788.7 0 0 0 -752.998 -38.5355 2843.3 -737.534 -442.184 2863.67 0 0 0 -707.439 -796.461 2955.4 -566.533 -31.9073 2857.02 -561.005 -421.761 2870.01 0 0 0 -584.43 -791.259 2964.53
5096094 -664.005 614.491 2769.91 -673.304 360.195 2810.91 -668.061 164.594 2830.76 0 0 0 0 0 0 -817.706 355.352 2801.33 -851.701 93.4175 2818.23 0 0 0 -843.608 -166.834 2748.21 0 0 0 0 0 0 -528.902 365.037 2820.49 -472.862 105.338 2919.68 0 0 0 -490.619 -147.031 2792.84 0 0 0 -756.869 -34.1614 2844.36 -738.298 -439.994 2864.01 0 0 0 -709.097 -794.016 2956.32 -568.767 -27.853 2856.85 -563.015 -417.221 2869.04 0 0 0 -584.868 -791.183 2964.96
5129387 -671.474 614.779 2774.32 -676.595 361.889 2813.47 -670.723 165.115 2831.76 0 0 0 0 0 0 -818.885 356.745 2803.81 -857.857 92.5198 2825.77 0 0 0 -839.528 -182.859 2742.89 0 0 0 0 0 0 -534.305 367.034 2823.12 -475.691 104.299 2919.67 0 0 0 -502.124 -134.726 2758.4 0 0 0 -760.747 -35.1268 2843.55 -738.725 -443.124 2864.69 0 0 0 -709.648 -798.611 2957.13 -568.954 -28.1924 2856.57 -562.508 -419.035 2867.5 0 0 0 -585.439 -787.031 2964.89
5162680 -672.569 614.421 2774.59 -680.401 364.022 2818.02 -673.103 165.918 2834.2 0 0 0 0 0 0 -822.803 358.109 2809.85 -863.579 93.6617 2828.7 0 0 0 -845.549 -174.209 2736.9 0 0 0 0 0 0 -537.999 369.935 2826.18 -481.669 102.574 2918.9 0 0 0 -502.797 -130.321 2759.82 0 0 0 -762.366 -36.195 2844.85 -740.648 -443.983 2867.73 0 0 0 -710.514 -799.085 2960.5 -569.244 -28.1758 2855.92 -562.717 -419.55 2866.08 0 0 0 -586.432 -786.132 2964.72
5195973 -673.692 614.388 2774.71 -683.236 364.127 2819.82 -674.875 166.242 2835.92 0 0 0 0 0 0 -824.558 357.424 2810.83 -866.74 92.3302 2829.98 0 0 0 -848.873 -184.248 2741.55 0 0 0 0 0 0 -541.915 370.83 2828.81 -484.844 104.313 2920.05 0 0 0 -494.434 -105.982 2766.72 0 0 0 -763.525 -36.2444 2845.84 -741.222 -443.488 2867.49 0 0 0 -710.936 -797.017 2961.44 -569.503 -27.0422 2858.19 -563.196 -420.566 2866.19 0 0 0 -586.472 -787.871 2965.73
5229266 -677.118 614.316 2776.8 -684.778 363.425 2819.58 -676.186 166.001 2836.81 0 0 0 0 0 0 -825.224 356.434 2809.5 -870.286 87.379 2834.74 0 0 0 -851.586 -182.751 2742.5 0 0 0 0 0 0 -544.333 370.417 2829.66 -487.289 105.745 2920.76 0 0 0 -489.132 -147.771 2786.15 0 0 0 -765.044 -36.274 2847.04 -741.73 -443.93 2865.18 0 0 0 -710.476 -796.868 2962.26 -570.145 -26.5712 2861.03 -564.879 -420.452 2867.67 0 0 0 -586.685 -788.444 2967.14
5262559 -679.284 613.871 2778.06 -686.133 362.708 2819.21 -678.017 163.87 2839.72 0 0 0 0 0 0 -828.502 355.568 2806.33 -870.607 85.4511 2832.65 0 0 0 -854.775 -186.467 2750.35 0 0 0 0 0 0 -543.764 369.847 2832.08 -489.567 107.355 2926.02 0 0 0 -487.406 -150.991 2782.02 0 0 0 -766.852 -39.8289 2851.46 -743.211 -447.199 2868.59 0 0 0 -712.713 -799.349 2969.72 -572.948 -30.1049 2868.99 -565.011 -419.243 2864.56 0 0 0 -586.56 -788.124 2965.2
5295852 -681.756 614.678 2779.4 -688.723 362.115 2820.06 -679.904 163.173 2841.37 0 0 0 0 0 0 -830.868 354.353 2806.42 -870.846 84.7304 2831.81 0 0 0 -856.414 -184.652 2754.75 0 0 0 0 0 0 -546.578 369.877 2833.7 -493.783 111.363 2925.87 0 0 0 -494.255 -135.22 2820.29 0 0 0 -769.886 -41.1647 2853.2 -743.864 -450.344 2869.88 0 0 0 -714.839 -806.624 2975.53 -572.284 -30.3741 2872.16 -567.97 -427.705 2867.88 0 0 0 -592.967 -822.493 2975.43
5329145 -683.374 615.858 2780.39 -690.05 361.391 2820.53 -680.655 162.052 2842.95 0 0 0 0 0 0 -832.766 353.097 2806.59 -871.309 84.4393 2830.99 0 0 0 -854.708 -183.296 2748.59 0 0 0 0 0 0 -547.333 369.685 2834.47 -491.649 111.459 2926.77 0 0 0 -484.726 -133.859 2812.21 0 0 0 -770.182 -43.0352 2855.7 -744.32 -452.295 2871.45 0 0 0 -721.169 -832.683 2982.79 -572.338 -31.5374 2875.03 -569.103 -423.631 2867.12 0 0 0 -590.574 -816.162 2973.73
5362438 -684.296 616.28 2782.2 -692.985 359.766 2821.24 -682.293 160.615 2845.04 0 0 0 0 0 0 -836.778 350.4 2807.47 -874.446 79.0659 2835.99 0 0 0 -860.375 -186.558 2758.35 0 0 0 0 0 0 -549.192 369.132 2835.02 -496.943 113.65 2930.69 0 0 0 -480.11 -124.334 2828.08 0 0 0 -770.254 -44.9613 2859.39 -745.052 -454.139 2873.49 0 0 0 -719.727 -828.396 2984.68 -572.949 -32.1099 2878.29 -569.756 -422.153 2866.47 0 0 0 -589.422 -811.841 2973.19
5395731 -685.687 616.363 2783.1 -693.776 359.537 2821.21 -682.831 161.504 2844.63 0 0 0 0 0 0 -837.572 350.249 2809.87 -874.681 80.9742 2837.66 0 0 0 -858.198 -183.235 2752.8 0 0 0 0 0 0 -549.98 368.826 2832.55 -493.841 113.675 2927.88 0 0 0 -477.647 -125.34 2842.68 0 0 0 -770.921 -42.927 2860.25 -744.001 -453.413 2871.58 0 0 0 -719.901 -829.048 2987.38 -572.853 -30.1327 2875.87 -570.801 -422.872 2870.47 0 0 0 -590.258 -809.389 2977.51
5429024 -686.453 617.135 2784.4 -697.341 358.639 2822.17 -684.812 160.815 2846.07 0 0 0 0 0 0 -842.396 347.975 2809.95 -877.03 79.2206 2838.86 0 0 0 -856.382 -183.224 2746.96 0 0 0 0 0 0 -552.285 369.302 2834.4 -494.657 116.991 2930.97 0 0 0 -477.821 -125.05 2843.57 0 0 0 -769.88 -44.1835 2861.75 -744.384 -454.328 2872.89 0 0 0 -717.292 -823.88 2984.17 -574.688 -29.8345 2878.2 -570.174 -421.508 2869.9 0 0 0 -590.571 -803.401 2974.74
5462317 -687.462 618.526 2785.29 -697.788 358.056 2822.55 -685.256 160.183 2846.45 0 0 0 0 0 0 -843.672 347.332 2810.25 -877.547 77.4922 2838.66 0 0 0 -855.55 -181.854 2735.47 0 0 0 0 0 0 -551.904 368.78 2834.84 -492.096 116.075 2929.54 0 0 0 -469.833 -141.619 2845.03 0 0 0 -769.111 -44.7757 2862.23 -744.838 -455.607 2874.58 0 0 0 -718.665 -833.348 2990.61 -576.339 -30.6046 2878.48 -571.052 -421.647 2870.76 0 0 0 -590.952 -803.513 2976.26
5495610 -688.431 619.803 2786.2 -698.466 357.656 2823.6 -686.435 159.191 2847.21 0 0 0 0 0 0 -845.442 347.269 2811.18 -876.597 75.8947 2836.7 0 0 0 -847.34 -184.726 2727.71 0 0 0 0 0 0 -551.491 368.043 2836.02 -490.214 117.711 2926.53 0 0 0 -473.917 -150.602 2831.7 0 0 0 -769.291 -45.9805 2862.8 -745.476 -457.451 2876.46 0 0 0 -718.9 -839.949 2994.98 -579.517 -32.5684 2878.84 -572.145 -425.023 2872.86 0 0 0 -590.749 -804.217 2978.13
5528903 -689.891 621.041 2786.88 -697.024 356.956 2823.51 -685.632 159.41 2845.99 0 0 0 0 0 0 -843.871 347.249 2812.63 -871.509 67.2386 2821.91 0 0 0 -837.388 -191.117 2711.79 0 0 0 0 0 0 -550.176 366.662 2834.39 -485.254 108.2 2913.14 0 0 0 -506.099 -191.444 2775.12 0 0 0 -769.621 -44.4402 2861.4 -746.037 -454.363 2875.09 0 0 0 -717.448 -831.914 2990.32 -578.858 -31.8307 2875.54 -571.542 -425.236 2874.1 0 0 0 -590.859 -804.245 2978.62
5562196 -692.11 622.157 2788.13 -696.537 356.828 2822.49 -686.34 156.999 2844.52 0 0 0 0 0 0 -843.203 348.261 2812.68 -872.323 66.5975 2814.18 0 0 0 -833.574 -189.232 2700.13 0 0 0 0 0 0 -549.871 365.394 2832.31 -480.787 101.923 2905.67 0 0 0 -450.169 -132.929 2794.25 0 0 0 -769.723 -48.2955 2860.28 -746.956 -457.043 2873.27 0 0 0 -715.831 -834.016 2990.59 -582.562 -37.3639 2872.81 -572.742 -427.272 2877.82 0 0 0 -590.676 -803.838 2980.3
5595489 -693.497 623.751 2789.15 -696.534 356.888 2822.79 -686.092 156.806 2845.16 0 0 0 0 0 0 -844.03 348.034 2812.44 -871.813 70.9661 2804.3 0 0 0 -829.262 -189.17 2686.48 0 0 0 0 0 0 -549.037 365.742 2833.14 -477.171 100.294 2902.38 0 0 0 -443.861 -124.715 2785.05 0 0 0 -769.99 -48.9402 2860.91 -748.253 -456.919 2873.88 0 0 0 -714.974 -832.453 2992.49 -581.311 -37.6136 2874.15 -572.483 -432.931 2879.66 0 0 0 -589.908 -808.46 2982.81
5628782 -693.497 624.009 2788.98 -695.96 357.148 2822.72 -685.624 157.317 2844.75 0 0 0 0 0 0 -843.156 348.424 2812.64 -873.002 75.9862 2800.7 0 0 0 -833.444 -173.541 2669.67 0 0 0 0 0 0 -548.764 365.873 2832.79 -474.361 103.849 2905.16 0 0 0 -432.722 -121.842 2772.72 0 0 0 -770.129 -48.1362 2860.29 -749.939 -455.993 2872.81 0 0 0 -714.112 -830.016 2991.68 -580.446 -36.8933 2873.27 -572.592 -434.488 2879.24 0 0 0 -588.303 -809.779 2983.09
5662075 -694.861 624.978 2790.08 -695.735 357.445 2822.97 -685.208 157.464 2844.62 0 0 0 0 0 0 -842.988 348.599 2812.87 -874.355 75.5973 2811.54 0 0 0 -826.918 -167.856 2648.33 0 0 0 0 0 0 -548.481 366.29 2833.07 -462.361 108.284 2898.4 0 0 0 -427.689 -101.042 2768.37 0 0 0 -769.471 -48.2094 2859.77 -750.964 -455.778 2872.38 0 0 0 -714.652 -829.584 2991.96 -579.892 -36.8219 2872.78 -572.672 -439.039 2881.24 0 0 0 -584.319 -821.861 2990.95
5695368 -694.966 624.947 2790.24 -695.963 357.528 2822.67 -685.225 156.646 2844.2 0 0 0 0 0 0 -843.546 348.453 2811.62 -874.757 73.3542 2808.72 0 0 0 -824.691 -157.601 2642.36 0 0 0 0 0 0 -548.38 366.602 2833.73 -448.307 97.853 2875.51 0 0 0 -411.748 -99.7019 2740.19 0 0 0 -768.6 -50.0213 2858.68 -751.701 -458.62 2873.05 0 0 0 -715.209 -831.095 2992.71 -580.373 -38.4483 2872.78 -568.831 -450.621 2884.84 0 0 0 -585.345 -822.546 2991.42
5728661 -695.116 625.053 2790.45 -694.357 361.364 2820.76 -684.14 158.578 2843.13 0 0 0 0 0 0 -843.213 352.66 2809.85 -875.493 76.208 2803.55 0 0 0 -823.602 -144.977 2614.28 0 0 0 0 0 0 -545.502 370.067 2831.67 -442.856 100.151 2869.63 0 0 0 -400.355 -86.6509 2716.07 0 0 0 -768.316 -49.7265 2858.58 -752.489 -459.74 2874.07 0 0 0 -715.413 -834.079 2993.85 -579.53 -38.6881 2872.42 -567.35 -456.395 2885.69 0 0 0 -590.962 -838.864 3001.11
5761954 -694.958 624.401 2789.98 -685.392 353.591 2817.91 -678.476 153.658 2840.02 0 0 0 0 0 0 -842.636 346.875 2806.36 -876.144 62.4875 2771.33 0 0 0 -823.271 -123.761 2594.78 0 0 0 0 0 0 -528.148 360.308 2829.46 -421.995 97.4454 2856.67 0 0 0 -394.912 -65.8341 2696.12 0 0 0 -764.437 -50.2423 2855.31 -752.65 -460.011 2877.57 0 0 0 -717.126 -848.693 2992.71 -578.683 -42.3077 2868.96 -563.832 -463.862 2885.48 0 0 0 -592.031 -850.164 3005.06
5795247 -695.046 623.561 2789.42 -682.348 349.165 2816.15 -676.995 150.99 2839.32 0 0 0 0 0 0 -842.319 343.678 2806.18 -883.691 59.6657 2759.49 0 0 0 -819.919 -118.879 2586 0 0 0 0 0 0 -522.378 354.653 2826.13 -404.083 95.759 2826.99 0 0 0 -381.467 -44.9915 2677.82 0 0 0 -764.829 -50.3828 2856.68 -752.992 -461.906 2877.58 0 0 0 -717.592 -855.036 2987.25 -578.456 -43.9898 2868.3 -560.309 -465.447 2884.78 0 0 0 -595.085 -833.534 2979.65
5828540 -692.533 618.411 2785.3 -680.198 346.63 2814.84 -675.008 148.361 2837.54 0 0 0 0 0 0 -840.328 341.501 2806.66 -884.602 61.5971 2755.54 0 0 0 -817.949 -106.929 2559.54 0 0 0 0 0 0 -520.069 351.758 2823.02 -397.192 92.3911 2806.34 0 0 0 -376.451 -36.8104 2665.81 0 0 0 -762.894 -52.8888 2855.49 -747.717 -475.58 2874.13 0 0 0 -716.299 -867.455 2973.62 -576.741 -46.9268 2864.99 -559.442 -461.138 2884.05 0 0 0 -590.923 -825.901 2966.17
5861833 -693.384 618.615 2785.71 -679.044 344.426 2813.06 -673.414 146.636 2836.05 0 0 0 0 0 0 -839.051 339.024 2805.78 -884.042 61.8314 2750.64 0 0 0 -801.619 -106.595 2538.03 0 0 0 0 0 0 -519.038 349.827 2820.35 -390.82 91.8366 2797.3 0 0 0 -366.62 -24.5195 2639.96 0 0 0 -759.692 -54.2555 2854.85 -748.943 -473.703 2873.69 0 0 0 -714.015 -871.588 2971.24 -575.876 -48.0506 2863.21 -556.089 -462.792 2881.72 0 0 0 -586.859 -817.917 2949.96
5895126 -690.143 609.746 2777.93 -675.831 342.4 2811.29 -670.449 145.045 2834.6 0 0 0 0 0 0 -836.557 337.246 2804.76 -882.869 61.9116 2745.15 0 0 0 -803.198 -93.6034 2526.75 0 0 0 0 0 0 -515.104 347.555 2817.82 -382.165 89.184 2789.97 0 0 0 -364.594 -24.89 2624.67 0 0 0 -756.777 -55.2523 2854.18 -739.279 -481.629 2863.35 0 0 0 -712.027 -871.006 2972.42 -573.357 -49.37 2861.64 -549.205 -444.244 2853.97 0 0 0 -587.362 -803.237 2938.87
5928419 -685.768 600.65 2769.22 -672.821 322.226 2802.63 -666.279 133.661 2829.39 0 0 0 0 0 0 -833.442 314.944 2790.58 -881.522 71.0063 2725.56 0 0 0 -796.286 -80.1412 2509.41 0 0 0 0 0 0 -512.199 329.508 2814.67 -380.18 73.6341 2786.55 0 0 0 -353.45 -37.4115 2614.36 0 0 0 -750.239 -59.0065 2849.37 -734.213 -489.135 2853.47 0 0 0 -709.502 -872.473 2969.36 -569.238 -50.8007 2862.94 -543.618 -448.809 2859.1 0 0 0 -592.699 -798.523 2934.17
5961712 -676.82 590.634 2757.43 -666.272 320.879 2799.1 -661.692 132.405 2827.35 0 0 0 0 0 0 -830.204 315.554 2790.15 -884.574 67.5763 2726.23 0 0 0 -802.739 -80.3199 2500.5 0 0 0 0 0 0 -502.34 326.205 2808.05 -372.148 76.4432 2786.34 0 0 0 -350.483 -39.5678 2620.22 0 0 0 -746.639 -58.9783 2850.71 -728.364 -490.345 2843.28 0 0 0 -711.756 -853.777 2957.01 -567.584 -53.1614 2860.49 -534.967 -461.443 2845.52 0 0 0 -594.441 -805.902 2936.17
5995005 -663.354 576.328 2743.6 -662.837 313.692 2792.53 -652.286 125.467 2816.27 0 0 0 0 0 0 -828.906 303.979 2789.33 -884.907 58.6574 2730.21 0 0 0 -804.878 -90.9602 2496.23 0 0 0 0 0 0 -496.769 323.405 2795.73 -364.026 59.6301 2764.77 0 0 0 -347.398 -47.4655 2608.18 0 0 0 -734.722 -68.1966 2838.22 -717.151 -495.924 2815.87 0 0 0 -702.757 -847.626 2940.5 -548.746 -57.3192 2841.8 -532.726 -461.247 2837.58 0 0 0 -594.117 -807.384 2944.75
6028298 -657.182 559.826 2731.74 -653.232 296.119 2775.42 -645.03 114.979 2805.52 0 0 0 0 0 0 -815.797 286.196 2759.99 -887.888 51.151 2719.6 0 0 0 -806.018 -99.4063 2491.81 0 0 0 0 0 0 -490.666 306.043 2790.84 -359.006 43.2617 2761.28 0 0 0 -337.448 -66.4335 2605.02 0 0 0 -722.134 -71.3688 2827.53 -702.73 -497.477 2782.57 0 0 0 -689.725 -840.524 2936.24 -551.523 -60.9538 2843.72 -528.761 -463.55 2826.78 0 0 0 -594.948 -807.498 2934.73
6061591 -651.164 548.12 2726.3 -645.985 278.077 2766.16 -642.762 96.9429 2795.62 0 0 0 0 0 0 -808.745 272.094 2747.19 -887.66 44.3807 2717.82 0 0 0 -818.507 -120.396 2497.46 0 0 0 0 0 0 -483.226 284.059 2785.13 -350.089 27.3287 2762.77 0 0 0 -325.23 -90.1515 2620.08 0 0 0 -726.545 -87.3891 2814.95 -695.408 -493.056 2767.1 0 0 0 -682.807 -834.362 2928.35 -552.531 -80.993 2835.23 -530.001 -470.484 2823.33 0 0 0 -597.569 -811.465 2927.37
6094884 -642.225 529.889 2719.61 -639.167 265.304 2756.58 -639.374 78.2589 2791.35 0 0 0 0 0 0 -798.254 262.745 2741.87 -878.839 16.4223 2741.11 0 0 0 -833.988 -144.399 2517 0 0 0 0 0 0 -480.08 267.863 2771.29 -368.016 14.6625 2764.4 0 0 0 -322.757 -130.735 2627.57 0 0 0 -727.492 -110.2 2817.98 -678.509 -493.252 2713.64 0 0 0 -677.75 -828.494 2913.11 -551.667 -107.372 2834.24 -545.733 -507.514 2828.23 0 0 0 -617.585 -819.351 2938.47
6128177 -636.372 519.213 2714.74 -630.748 256.854 2747.13 -632.882 68.9986 2779.54 0 0 0 0 0 0 -785.141 254.898 2725.62 -870.748 1.54842 2743.75 0 0 0 -851.524 -170.084 2548.96 0 0 0 0 0 0 -476.355 258.81 2768.64 -378.114 -10.0932 2790.6 0 0 0 -310.135 -159.469 2677.53 0 0 0 -722.115 -119.96 2799.82 -663.462 -499.842 2699.4 0 0 0 -684.736 -830.199 2881.29 -547.918 -117.753 2824.09 -548.666 -518.916 2822.52 0 0 0 -610.658 -821.094 2932.7
6161470 -631.582 511.757 2706.46 -628.43 253.57 2741.97 -629.408 52.8048 2771.11 0 0 0 0 0 0 -780.212 251.171 2720.35 -868.277 -5.33612 2752.92 0 0 0 -863.62 -193.831 2604.85 0 0 0 0 0 0 -476.647 255.969 2763.6 -386.604 -5.12393 2812.76 0 0 0 -322.426 -196.672 2717.89 0 0 0 -718.477 -149.353 2787.69 -626.279 -510.255 2677.49 0 0 0 -690.202 -844.167 2846.82 -542.296 -146.568 2812.79 -537.819 -551.812 2817.14 0 0 0 -604.934 -836.735 2951.3
6194763 -626.741 509.675 2695.9 -626.527 250.811 2734.41 -620.31 51.6821 2757.13 0 0 0 0 0 0 -776.468 242.948 2706.53 -860.046 -16.6075 2752.39 0 0 0 -873.82 -209.754 2671.95 0 0 0 0 0 0 -476.586 258.674 2762.29 -389.985 1.7525 2831.57 0 0 0 -341.329 -202.706 2798.16 0 0 0 -691.299 -151.496 2765.5 -615.429 -529.07 2669.96 0 0 0 -691.146 -869.363 2838.49 -536.886 -143.398 2794.21 -527.451 -554.23 2810.21 0 0 0 -601.388 -852.485 2977.31
6228056 -625.83 515.664 2678.08 -624.469 255.03 2715.16 -616.481 59.8618 2741.4 0 0 0 0 0 0 -774.902 245.989 2693.71 -858.141 -13.5582 2747.37 0 0 0 -877.946 -189.671 2752.41 0 0 0 0 0 0 -474.035 264.071 2736.61 -396.675 2.42682 2841.74 0 0 0 -359.935 -173.763 2886.57 0 0 0 -689.641 -140.183 2756.07 -605.973 -513.811 2638.67 0 0 0 -626.481 -872.229 2756.78 -527.345 -130.43 2779.21 -507.72 -552.392 2801.09 0 0 0 -608.694 -892.56 2957.57
6261349 -624.537 535.573 2644.68 -622.574 261.293 2700.92 -612.512 66.7859 2732.87 0 0 0 0 0 0 -774.007 249.246 2675.27 -860.791 -3.71515 2774.74 0 0 0 -889.691 -149.825 2889.84 0 0 0 0 0 0 -471.14 273.339 2726.57 -410.115 34.3324 2872.87 0 0 0 -393.891 -128.89 2992.36 0 0 0 -686.193 -134.383 2750.63 -605.524 -485.676 2538.75 0 0 0 -614.532 -848.574 2725.82 -518.709 -121.059 2779 -496.841 -546.695 2791.51 0 0 0 -606.081 -901.346 2955.3
6294642 -620.686 552.821 2628.82 -620.503 279.247 2689.54 -609.547 78.1252 2725.92 0 0 0 0 0 0 -771.518 265.503 2659.04 -846.021 23.6528 2783.04 0 0 0 -917.118 -77.9671 2919.68 0 0 0 0 0 0 -469.487 292.992 2720.04 -411.631 43.3179 2888.3 0 0 0 -432.421 -60.3219 3058.31 0 0 0 -680.978 -130.495 2745.66 -604.708 -483.299 2527.59 0 0 0 -575.587 -869.344 2573.06 -516.203 -115.499 2778.95 -494.511 -533.227 2787.16 0 0 0 -599.64 -908.159 2967.73
6327935 -611.114 563.839 2614.08 -614.219 303.136 2667.6 -606.328 93.3044 2700.6 0 0 0 0 0 0 -762.21 293.479 2641.58 -827.206 44.1615 2772.51 0 0 0 -796.853 -96.3963 2970.57 0 0 0 0 0 0 -466.229 312.793 2693.61 -411.567 66.4312 2896.01 0 0 0 -493.519 -36.4784 2970.17 0 0 0 -687.551 -122.342 2717.93 -598.81 -492.982 2519.85 0 0 0 -565.05 -872.195 2548.81 -509.324 -110.712 2749.26 -494.263 -510.386 2753.98 0 0 0 -588.214 -899.563 2919.37
6361228 -599.788 581.53 2586.98 -604.612 331.293 2638.65 -593.725 117.696 2673.18 0 0 0 0 0 0 -751.561 320.966 2621.09 -806.949 71.9685 2775.59 0 0 0 -792.06 -104.105 2962.46 0 0 0 0 0 0 -457.664 341.621 2656.2 -423.307 143.115 2807.89 0 0 0 -490.865 -42.6139 2984.06 0 0 0 -670.145 -102.038 2697.28 -595.228 -501.801 2515.05 0 0 0 -553.44 -875.432 2511.76 -495.531 -89.7656 2718.14 -491.039 -491.373 2740.05 0 0 0 -563.529 -898.473 2882.59
6394521 -597.587 602.305 2555.6 -601.498 344.607 2621.81 -590.29 133.926 2646.81 0 0 0 0 0 0 -747.607 334.52 2602.31 -799.479 94.457 2765.01 0 0 0 -786.212 -101.938 2932.42 0 0 0 0 0 0 -455.39 354.693 2641.31 -427.118 144.706 2815.26 0 0 0 -485.926 -34.476 2979.77 0 0 0 -657.773 -82.1875 2661.3 -589.743 -481.94 2510.31 0 0 0 -557.201 -868.682 2472.32 -500.389 -71.3223 2682.31 -487.002 -489.146 2732.58 0 0 0 -558.281 -903.068 2867.69
6427814 -595.051 607.192 2537.16 -601.563 357.755 2604.73 -588.172 144.921 2619.46 0 0 0 0 0 0 -748.455 346.664 2578.01 -796.039 112.878 2740.09 0 0 0 -770.453 -91.1113 2920.52 0 0 0 0 0 0 -454.671 368.846 2631.46 -442.94 173.505 2840.61 0 0 0 -513.096 242.987 2640.68 0 0 0 -656.167 -74.0591 2619.37 -589.269 -480.463 2504.87 0 0 0 -546.581 -856.879 2419.68 -493.394 -61.769 2648.99 -488.033 -475.251 2727.7 0 0 0 -556.41 -905.979 2860.65
6461107 -594.32 608.252 2516.41 -587.885 370.774 2576.3 -575.516 159.368 2586.02 0 0 0 0 0 0 -728.444 361.173 2546.38 -778.059 129.469 2706.95 0 0 0 -768.952 -61.9298 2904.51 0 0 0 0 0 0 -447.327 380.374 2606.21 -445.263 167.314 2831 0 0 0 -536.147 237.726 2677.59 0 0 0 -641.801 -57.4105 2579 -586.72 -476.432 2495.69 0 0 0 -537.553 -852.323 2399.22 -484.492 -46.6661 2612.49 -477.268 -459.346 2703.5 0 0 0 -545.456 -870.632 2845.26
6494400 -585.012 607.008 2482.67 -582.047 379.909 2549.53 -569.641 170.942 2562.32 0 0 0 0 0 0 -721.232 370.293 2527.42 -777.431 132.554 2700.68 0 0 0 -768.642 -52.2852 2882.33 0 0 0 0 0 0 -442.861 389.526 2571.64 -440.803 172.379 2818.63 0 0 0 -550.362 233.279 2705.95 0 0 0 -641.526 -43.8491 2561.73 -583.401 -455.849 2476.66 0 0 0 -530.662 -841.873 2388.16 -472.945 -32.2015 2588.51 -460.943 -444.518 2665.84 0 0 0 -536.021 -764.549 2792.63
6527693 -579.797 607.395 2464.2 -579.63 389.187 2515.05 -569.955 176.292 2532.53 0 0 0 0 0 0 -713.302 381.819 2499.29 -775.943 151.112 2672.13 0 0 0 -766.049 -59.4108 2867.41 0 0 0 0 0 0 -445.958 396.556 2530.81 -445.52 239.126 2708.31 0 0 0 -549.374 194.993 2734.63 0 0 0 -641.993 -41.1078 2540.38 -574.658 -449.018 2431.38 0 0 0 -520.955 -843.687 2349.33 -478.567 -32.0987 2559.65 -456.143 -441.01 2650.12 0 0 0 -535.92 -774.064 2797.58
6560986 -576.245 595.592 2431.02 -578.762 372.137 2477.32 -567.968 158.304 2499.08 0 0 0 0 0 0 -714.603 364.004 2464.78 -771.896 172.869 2654.31 0 0 0 -768.778 -46.4521 2837.21 0 0 0 0 0 0 -442.92 380.27 2489.85 -449.364 245.571 2698.62 0 0 0 -535.623 162.725 2749.05 0 0 0 -638.147 -60.3767 2513.38 -558.799 -456.907 2395.48 0 0 0 -515.496 -856.464 2331.33 -476.201 -50.6809 2528.32 -457.443 -438.328 2640.81 0 0 0 -515.1 -793.085 2793.89
6594279 -567.747 584.716 2390.09 -573.981 361.924 2448.88 -564.162 147.49 2470.58 0 0 0 0 0 0 -711.575 354.858 2441.32 -770.633 176.854 2657.78 0 0 0 -772.388 -31.973 2819.38 0 0 0 0 0 0 -436.387 368.989 2456.44 -442.059 241.075 2682.13 0 0 0 -530.452 162.529 2748.92 0 0 0 -633.3 -70.9974 2487.94 -540.54 -462.049 2341.21 0 0 0 -516.077 -862.023 2313.81 -475.386 -62.8887 2496.61 -464.952 -451.367 2626.28 0 0 0 -518.526 -816.629 2791.92
6627572 -565.511 574.278 2365.57 -570.015 345.767 2420.02 -555.642 132.095 2441.63 0 0 0 0 0 0 -710.658 334.24 2399.6 -797.953 129.816 2567.14 0 0 0 -777.23 -26.752 2796.35 0 0 0 0 0 0 -429.373 357.293 2440.45 -349.151 261.497 2646.9 0 0 0 -541.44 167.647 2774.17 0 0 0 -612.602 -87.4219 2452.88 -526.748 -471.586 2301.85 0 0 0 -477.172 -932.968 2259.67 -469.936 -75.7299 2473.6 -441.671 -473.842 2582.63 0 0 0 -509.478 -814.028 2768.13
6660865 -564.183 554.433 2318.03 -568.48 328.116 2380.74 -554.007 114.391 2404.03 0 0 0 0 0 0 -714.768 315.693 2357.63 -822.005 130.681 2535.83 0 0 0 -783.48 -27.4553 2761.63 0 0 0 0 0 0 -422.192 340.54 2403.85 -344.052 243.506 2652.77 0 0 0 -539.923 153.163 2828.71 0 0 0 -613.294 -105.599 2415.66 -520.7 -484.419 2257.46 0 0 0 -473.545 -907.993 2234.04 -465.774 -93.0706 2438.96 -430.356 -492.384 2557.77 0 0 0 -505.588 -819.952 2758.02
6694158 -561.196 544.447 2289.71 -562.125 320.51 2352.51 -545.762 103.319 2375.92 0 0 0 0 0 0 -709.021 306.962 2329.5 -841.432 116.163 2482.94 0 0 0 -800.911 -21.7542 2721.31 0 0 0 0 0 0 -415.23 334.058 2375.51 -282.348 190.146 2523.99 0 0 0 -283.519 170.567 2788.22 0 0 0 -606.743 -121.005 2387.22 -503.641 -501.239 2213.34 0 0 0 -443.69 -932.728 2224.47 -452.052 -106.739 2411.45 -420.566 -521.471 2521.08 0 0 0 -504.024 -839.457 2736.08
6727451 -556.064 518.901 2258.27 -558.033 301.466 2329.52 -543.957 86.3722 2351.4 0 0 0 0 0 0 -709.669 288.508 2299.69 -845.091 120.453 2425.95 0 0 0 -803.386 -19.6375 2711.11 0 0 0 0 0 0 -406.398 314.424 2359.35 -278.735 179.619 2525.16 0 0 0 -363.444 224.421 2709.63 0 0 0 -615.515 -136.039 2356.45 -485.576 -524.964 2193.38 0 0 0 -460.001 -906.604 2339.31 -444.248 -121.404 2390.13 -409.162 -538.053 2469.55 0 0 0 -502.048 -840.486 2731.08
6760744 -547.265 496.653 2220.56 -556.285 271.957 2304.35 -542.023 64.6047 2328.67 0 0 0 0 0 0 -710.839 258.083 2276.69 -863.797 78.5374 2392.96 0 0 0 -817.085 -18.3903 2675.95 0 0 0 0 0 0 -401.73 285.832 2332.01 -270.985 153.967 2500.38 0 0 0 -340.086 212.78 2692.04 0 0 0 -614.689 -150.552 2337.44 -479.435 -532.447 2162.6 0 0 0 -456.351 -906.375 2330.27 -440.833 -134.944 2368.55 -410.201 -545.94 2441.33 0 0 0 -497.433 -838.648 2719.25
6794037 -544.87 483.031 2199.66 -557.617 253.075 2272.32 -543.865 49.7409 2295.1 0 0 0 0 0 0 -715.607 239.627 2247.66 -927.193 46.1936 2281.32 0 0 0 -825.844 -14.0378 2645.66 0 0 0 0 0 0 -399.627 266.523 2296.97 -249.282 135.756 2448.14 0 0 0 -313.888 192.263 2674.29 0 0 0 -614.295 -160.759 2304.75 -477.716 -541.149 2147.82 0 0 0 -454.869 -899.963 2280.48 -445.93 -146.427 2331.02 -412.648 -545.812 2417.91 0 0 0 -492.226 -836.188 2694.5
6827330 -543.34 473.684 2180.53 -557.316 242.997 2238.62 -541.641 40.1604 2271.03 0 0 0 0 0 0 -719.227 225.191 2205.49 -918.479 45.1734 2249.1 0 0 0 -847.004 -15.8574 2596.34 0 0 0 0 0 0 -395.405 260.802 2271.74 -178.104 119.505 2325.26 0 0 0 -287.613 174.395 2650.81 0 0 0 -607.851 -171.681 2286.68 -471.887 -547.576 2135.46 0 0 0 -458.713 -900.743 2258.57 -444.082 -153.671 2320.19 -394.724 -555.25 2415.01 0 0 0 -486.338 -835.034 2680.44
6860623 -541.659 467.848 2161.35 -552.299 228.065 2209.14 -537.226 29.87 2252.14 0 0 0 0 0 0 -714.608 209.357 2179.8 -909.219 17.1282 2197.42 0 0 0 -975.28 -65.6468 2047.69 0 0 0 0 0 0 -389.989 246.773 2238.47 -155.728 119.879 2295.41 0 0 0 -256.889 165.221 2607.02 0 0 0 -604.69 -177.839 2280.23 -466.978 -556.141 2123.21 0 0 0 -446.891 -876.604 2235.18 -439.616 -158.812 2310.06 -397.841 -554.276 2403.32 0 0 0 -482.558 -841.499 2658.84
6893916 -538.708 445.333 2130.65 -550.493 216.566 2177.83 -535.993 20.714 2227.53 0 0 0 0 0 0 -718.763 195.99 2145.84 -910.408 10.6504 2154.11 0 0 0 -968.947 -35.4324 1941.01 0 0 0 0 0 0 -382.223 237.142 2209.82 -132.657 115.03 2238.12 0 0 0 43.0086 50.1402 2174.03 0 0 0 -597.428 -184.423 2262.79 -467.298 -558.987 2117.58 0 0 0 -456.006 -900.381 2214.71 -445.557 -165.853 2291.66 -396.67 -551.969 2403.2 0 0 0 -481.15 -845.944 2647.22
6927209 -537.175 437.525 2114.71 -546.39 207.411 2158.94 -534.404 13.201 2211.28 0 0 0 0 0 0 -715.189 187.46 2123.57 -887.684 58.7095 2001.67 0 0 0 -959.548 -70.4554 1850.92 0 0 0 0 0 0 -377.591 227.363 2194.32 -125.061 106.947 2136.33 0 0 0 31.8172 70.1916 2079.31 0 0 0 -595.091 -189.599 2248.39 -464.572 -560.153 2117.04 0 0 0 -456.68 -896.79 2224.79 -449.746 -172.42 2278.85 -396.22 -553.877 2398.97 0 0 0 -478.051 -855.7 2629.85
6960502 -534.251 434.463 2106.11 -536.234 198.187 2138 -529.977 4.57541 2196.65 0 0 0 0 0 0 -703.198 182.655 2104.54 -885.95 89.7693 1972.85 0 0 0 -923.119 -22.8294 1760.3 0 0 0 0 0 0 -369.271 213.718 2171.46 -111.48 103.876 2117.28 0 0 0 46.6794 80.3972 1984.98 0 0 0 -599.82 -196.115 2240.05 -464.832 -559.564 2119.95 0 0 0 -474.803 -923.451 2220.8 -447.62 -181.957 2270.55 -391.879 -560.393 2390.89 0 0 0 -477.399 -867.464 2613.31
6993795 -531.78 431.381 2099.84 -528.901 196.303 2122.59 -520.47 1.6285 2183.59 0 0 0 0 0 0 -689.978 176.655 2082.15 -855.115 67.2035 1924.05 0 0 0 -886.608 15.4208 1670.23 0 0 0 0 0 0 -367.825 215.95 2163.02 -126.866 139.29 2028.35 0 0 0 40.1794 98.5495 1874.47 0 0 0 -587.172 -202.21 2225.73 -470.106 -570.486 2129.44 0 0 0 -482.92 -925.222 2227.47 -436.904 -183.881 2263.46 -386.128 -562.966 2378.49 0 0 0 -470.905 -873.892 2592.01
7027088 -530.046 420.629 2083.53 -523.445 188.021 2097.71 -515.44 -1.72413 2169.93 0 0 0 0 0 0 -675.428 163.964 2051.35 -841.247 63.5045 1884.1 0 0 0 -853.303 91.171 1662.14 0 0 0 0 0 0 -371.462 212.079 2144.08 -156.074 149.739 2000.22 0 0 0 8.8105 159.936 1793.15 0 0 0 -583.721 -203.545 2218.88 -473.718 -571.767 2131.46 0 0 0 -488.654 -929.842 2225.16 -431.151 -179.394 2265.42 -384.345 -562.508 2373.9 0 0 0 -469.012 -876.945 2578.96
7060381 -526.414 405.663 2067.99 -518.587 181.342 2077.69 -514.88 -5.05472 2159.8 0 0 0 0 0 0 -667.067 158.965 2033.6 -836.225 76.8935 1854.08 0 0 0 -819.106 99.8444 1656.39 0 0 0 0 0 0 -370.108 203.719 2121.79 -152.327 141.017 1965.57 0 0 0 -32.1452 190.106 1717.68 0 0 0 -586.666 -202.829 2219.48 -473.796 -579.49 2126.63 0 0 0 -488.256 -931.022 2219.96 -435.679 -180.074 2264.32 -393.703 -567.36 2364.87 0 0 0 -484.057 -914.624 2488.61
7093674 -522.467 398.528 2059.24 -509.726 176.822 2057.06 -511.845 -6.96693 2140.72 0 0 0 0 0 0 -651.695 154.471 2004.36 -808.871 86.7764 1814.25 0 0 0 -786.948 178.442 1516.86 0 0 0 0 0 0 -367.758 199.174 2109.76 -161.363 139.506 1937.02 0 0 0 -60.59 236.03 1684.3 0 0 0 -597.629 -203.929 2193.33 -482.369 -583.296 2127.39 0 0 0 -465.725 -805.122 2314.56 -430.297 -177.584 2255.44 -391.017 -565.553 2351.47 0 0 0 -478.019 -913.032 2482.03
7126967 -518.216 391.36 2047.62 -503.26 175.483 2042.96 -507.12 -8.13803 2130.27 0 0 0 0 0 0 -641.354 153.745 1991.14 -775.621 85.4348 1782.33 0 0 0 -761.849 178.65 1518.03 0 0 0 0 0 0 -365.166 197.221 2094.78 -190.727 139.056 1878.65 0 0 0 -80.9073 252.855 1646.96 0 0 0 -595.559 -205.074 2185.83 -490.088 -583.893 2128.87 0 0 0 -495.691 -858.15 2243.68 -426.4 -178.445 2249.32 -388.792 -567.635 2341.81 0 0 0 -474.198 -915.356 2476.73
7160260 -516.339 388.433 2039.36 -499.876 173.301 2033.03 -504.592 -8.76096 2127.04 0 0 0 0 0 0 -637.796 153.241 1987.26 -765.669 96.7525 1746.26 0 0 0 -744.633 201.514 1436.74 0 0 0 0 0 0 -361.955 193.361 2078.8 -181.71 138.505 1874.13 0 0 0 -97.6297 263.669 1611.97 0 0 0 -588.483 -202.339 2194.77 -490.383 -585.177 2126.52 0 0 0 -495.927 -864.043 2239.33 -430.133 -179.307 2247.32 -391.714 -569.341 2339.76 0 0 0 -521.45 -931.268 2455.38
7360018 -517.518 384.119 2024.89 -494.578 170.578 2028.38 -500.746 -11.5753 2122.9 0 0 0 0 0 0 -629.614 151.118 1982.07 -742.328 101.85 1745.15 0 0 0 -729.599 211.428 1426.82 0 0 0 0 0 0 -359.542 190.039 2074.69 -173 147.492 1868.63 0 0 0 -105.072 269.258 1602.29 0 0 0 -582.91 -204.681 2191.36 -492.241 -582.49 2123.84 0 0 0 -500.667 -867.772 2236.13 -430.918 -182.777 2243.49 -388.392 -574.243 2331.82 0 0 0 -513.024 -931.876 2449.35
7393311 -517.52 380.168 2015.13 -492.305 168.119 2025.2 -499.048 -12.5174 2120.14 0 0 0 0 0 0 -625.951 148.643 1978.65 -739.543 100.47 1736.54 0 0 0 -708.946 213.882 1435.39 0 0 0 0 0 0 -358.66 187.596 2071.74 -166.309 155.097 1865.61 0 0 0 -124.731 238.509 1601.07 0 0 0 -578.465 -203.745 2189.76 -495.16 -581.618 2114.16 0 0 0 -503.822 -875.344 2232.7 -433.117 -182.563 2240.39 -374.628 -575.559 2301.41 0 0 0 -508.941 -933.749 2441.74
7441343 -517.944 376.783 2009.69 -492.072 167.557 2022.85 -506.379 -5.00957 2122.07 0 0 0 0 0 0 -620.77 145.807 1966.46 -733.4 96.3802 1722.14 0 0 0 -708.635 207.069 1423.64 0 0 0 0 0 0 -363.373 189.307 2079.23 -176.092 153.947 1874.16 0 0 0 -131.409 250.716 1602.14 0 0 0 -589.934 -189.279 2190.96 -504.875 -565.854 2113.29 0 0 0 -511.89 -874.948 2231.85 -451.437 -165.873 2251.63 -364.723 -580.95 2294.7 0 0 0 -495.714 -944.144 2434.87
7508082 -518.95 374.131 2007.81 -492.195 167.072 2021.72 -511.568 1.06074 2119.28 0 0 0 0 0 0 -623.892 152.416 1970.63 -730.976 99.8937 1721.18 0 0 0 -710.836 211.799 1424.84 0 0 0 0 0 0 -360.499 181.727 2072.8 -174.082 142.823 1868.81 0 0 0 -127.284 251.89 1601.13 0 0 0 -599.583 -172.589 2190.23 -493.106 -570.493 2114.82 0 0 0 -481.606 -865.029 2219.17 -462.3 -157.312 2243.48 -376.983 -575.773 2300.96 0 0 0 -504.812 -935.117 2429.1
7541451 -519.153 374.315 2006.77 -493.711 167.809 2022.96 -511.673 -0.322096 2118.1 0 0 0 0 0 0 -626.944 154.805 1974.83 -728.617 100.577 1726.91 0 0 0 -718.29 219.947 1427.53 0 0 0 0 0 0 -360.478 180.813 2071.1 -174.986 139.908 1868.94 0 0 0 -118.026 244.077 1604.73 0 0 0 -600.954 -175.414 2187.48 -491.734 -574.177 2111 0 0 0 -471.549 -867.505 2211.03 -458.315 -161.492 2239.01 -383.856 -570.724 2312.01 0 0 0 -504.356 -929.987 2431.81
7574820 -519.931 373.867 2007.43 -494.825 167.236 2024.6 -511.226 -3.71481 2117.7 0 0 0 0 0 0 -626.863 152.729 1974.7 -725.846 98.2609 1728.36 0 0 0 -715.038 216.993 1440.37 0 0 0 0 0 0 -362.786 181.742 2074.5 -177.419 142.189 1874.79 0 0 0 -118.538 235.059 1611.64 0 0 0 -595.59 -182.132 2185.11 -497.461 -582.316 2112.79 0 0 0 -489.455 -834.764 2211.55 -459.663 -167.198 2236.48 -382.519 -576.088 2318.96 0 0 0 -499.124 -934.23 2440.17
7608189 -520.477 374.991 2012.13 -494.722 166.163 2024.73 -509.422 -5.896 2118.25 0 0 0 0 0 0 -627.423 151.57 1977.03 -727.904 98.1293 1729.28 0 0 0 -719.962 217.947 1445.56 0 0 0 0 0 0 -362.021 180.756 2072.44 -176.862 143.592 1874.88 0 0 0 -125.756 247.984 1612.27 0 0 0 -591.561 -185.371 2187.53 -495.419 -576.95 2115.03 0 0 0 -496.813 -830.499 2218.64 -456.682 -170.539 2236.02 -383.219 -576.717 2322.77 0 0 0 -496.162 -934.166 2443.92
7641559 -521.591 375.844 2014.8 -494.642 165.661 2027.9 -510.156 -5.02493 2120.77 0 0 0 0 0 0 -625.516 150.575 1978.32 -728.042 98.9754 1728.39 0 0 0 -697.461 216.321 1407.93 0 0 0 0 0 0 -363.768 180.746 2077.49 -179.494 139.73 1882.31 0 0 0 -132.078 241.609 1631 0 0 0 -591.74 -183.326 2188.6 -495.506 -571.444 2114.77 0 0 0 -509.692 -855.013 2213.89 -459.598 -168.095 2238.67 -382.866 -577.731 2323.08 0 0 0 -493.134 -936.557 2448.01
7674928 -522.811 377.468 2018.07 -497.254 165.406 2035.71 -510.133 -10.8896 2128.17 0 0 0 0 0 0 -628.893 149.381 1986.82 -729.411 100.306 1726.84 0 0 0 -717.54 209.176 1449.94 0 0 0 0 0 0 -365.616 181.431 2084.6 -180.489 137.747 1883.63 0 0 0 -125.218 229.079 1652.41 0 0 0 -588.246 -195.127 2196.39 -482.517 -561.893 2132.71 0 0 0 -513.293 -862.897 2211.72 -457.776 -179.244 2244.85 -381.471 -588.419 2335.74 0 0 0 -490.25 -946.688 2456.4
7708297 -527.332 381.334 2028.3 -499.749 166.125 2041.76 -510.719 -8.63925 2134.82 0 0 0 0 0 0 -629.738 148.442 1993.23 -730.251 97.2783 1728.27 0 0 0 -709.829 191.376 1459.08 0 0 0 0 0 0 -369.761 183.809 2090.3 -183.851 138.721 1889.2 0 0 0 -137.06 233.829 1649.42 0 0 0 -594.496 -193.309 2200.69 -489.075 -564.474 2126.55 0 0 0 -517.16 -874.606 2219.98 -448.881 -173.499 2255.06 -384.101 -580.871 2337.28 0 0 0 -490.017 -938.027 2457.67
7741666 -528.887 386.455 2040.91 -506.198 165.543 2058.61 -516.292 -11.2254 2144.96 0 0 0 0 0 0 -632.589 147.694 2007.3 -753.724 81.6745 1767.95 0 0 0 -720.958 162.245 1493.89 0 0 0 0 0 0 -379.808 183.392 2109.92 -181.678 143.517 1918.61 0 0 0 -117.634 210.318 1652.69 0 0 0 -598.19 -198.134 2202.16 -488.97 -560.076 2122.68 0 0 0 -516.509 -877.437 2218.34 -454.58 -177.854 2260.46 -386.899 -582.16 2346.2 0 0 0 -490.286 -939.708 2464.8
7775036 -529.994 392.725 2053.1 -514.348 169.757 2078.45 -520.49 -9.37511 2155.36 0 0 0 0 0 0 -650.528 154.772 2032.68 -759.02 74.4946 1809.03 0 0 0 -710.595 134.148 1509.73 0 0 0 0 0 0 -378.168 184.741 2124.22 -180.542 115.924 1944.84 0 0 0 -151.373 193.264 1725.28 0 0 0 -601.284 -196.721 2207.19 -491.665 -561.558 2130.41 0 0 0 -516.837 -910.047 2211.66 -451.981 -180.293 2257.37 -386.178 -579.83 2359.54 0 0 0 -487.955 -936.987 2459.93
7808405 -531.207 401.433 2073.3 -516.529 176.45 2095.25 -524.186 -6.42069 2176.37 0 0 0 0 0 0 -658.327 166.961 2060.47 -760.354 70.3342 1846.08 0 0 0 -708.59 99.1441 1538.65 0 0 0 0 0 0 -374.73 185.939 2130.03 -175 102.391 1954.58 0 0 0 -124.546 126.061 1698.79 0 0 0 -608.589 -194.427 2238.67 -481.575 -566.68 2133.99 0 0 0 -507.291 -904.695 2215.07 -455.097 -184.156 2276.31 -396.846 -571.591 2373.19 0 0 0 -500.799 -930.382 2470.32
7841774 -536.257 412.093 2094.01 -523.535 182.865 2109.59 -523.179 -4.31352 2190.67 0 0 0 0 0 0 -665.547 169.627 2079.65 -751.147 58.343 1877.27 0 0 0 -712.158 48.4962 1585.03 0 0 0 0 0 0 -381.522 196.103 2139.53 -194.677 71.1643 2046.96 0 0 0 -134.857 85.2605 1733.19 0 0 0 -592.899 -198.025 2256.97 -480.215 -568.293 2134.68 0 0 0 -502.591 -905.321 2216.09 -452.749 -184.96 2286.52 -395.779 -563.074 2386.6 0 0 0 -497.637 -925.105 2481.4
7875143 -540.988 416.784 2106.46 -528.451 186.424 2126.89 -525.588 -3.0902 2201.72 0 0 0 0 0 0 -671.356 172.62 2097.4 -768.539 -8.73871 1962.77 0 0 0 -713.668 -16.3837 1636.44 0 0 0 0 0 0 -385.545 200.229 2156.39 -193.524 64.228 2047.04 0 0 0 -151.108 17.5664 1774.48 0 0 0 -593.697 -199.46 2261.9 -484.599 -561.586 2141.49 0 0 0 -498.862 -902.878 2215.03 -451.755 -185.749 2291.2 -397.301 -556.515 2397.03 0 0 0 -500.707 -918.342 2493.36
7908513 -546.523 423.776 2126.7 -533.645 183.454 2148.76 -527.953 -3.58691 2217.22 0 0 0 0 0 0 -683.148 169.245 2122.37 -772.001 -16.0578 1972.26 0 0 0 -712.039 -85.521 1705.79 0 0 0 0 0 0 -384.143 197.663 2175.15 -189.376 27.8379 2077.94 0 0 0 -156.979 -44.0152 1840.88 0 0 0 -596.43 -197.677 2272.59 -485.362 -561.336 2148.74 0 0 0 -499.878 -932.505 2260.28 -448.091 -183.579 2298.77 -402.375 -553.797 2405.36 0 0 0 -503.614 -914.76 2504.43
7941882 -551.51 432.576 2148.78 -539.658 179.561 2169.76 -531.225 -5.43124 2230.37 0 0 0 0 0 0 -694.515 163.742 2143.02 -774.466 -39.9068 1994.07 0 0 0 -717.27 -150.619 1790.73 0 0 0 0 0 0 -384.8 195.381 2196.5 -195.366 3.66141 2117.38 0 0 0 -175.767 -115.17 1920.72 0 0 0 -601.483 -198.463 2277.39 -487.887 -561.092 2154.53 0 0 0 -498.638 -934.551 2258.08 -444.102 -182.385 2304.56 -409.914 -553.429 2419.7 0 0 0 -506.853 -913.836 2517.51
7975251 -555.15 439.804 2167.46 -540.601 180.563 2203.55 -532.055 -4.65474 2251.26 0 0 0 0 0 0 -700.643 166.448 2177.42 -784.514 -69.4339 2107.1 0 0 0 -715.564 -227.688 1881.2 0 0 0 0 0 0 -380.559 194.678 2229.68 -216.034 -21.4843 2159.6 0 0 0 -199.061 -169.195 2008.45 0 0 0 -603.727 -196.947 2285.87 -491.767 -559.861 2155.27 0 0 0 -493.23 -937.543 2255.97 -443.291 -182.797 2312.07 -409.792 -566.849 2436.58 0 0 0 -513.599 -911.007 2536.6
8008620 -553.979 444.484 2185.49 -539.351 182.517 2232.54 -528.627 -10.2906 2275.44 0 0 0 0 0 0 -701.146 167.147 2203.91 -763.604 -72.6891 2157.55 0 0 0 -726.715 -279.23 1998.37 0 0 0 0 0 0 -377.556 197.887 2261.18 -229.162 -42.9753 2191.3 0 0 0 -213.71 -244.175 2109.57 0 0 0 -600.403 -210.936 2303.74 -499.967 -574.722 2163.88 0 0 0 -491.608 -954.421 2260.13 -435.403 -195.261 2332.94 -409.742 -552.241 2473.65 0 0 0 -515.69 -895.349 2554.43
8041990 -563.801 452.705 2221.78 -542.221 189.926 2266.04 -529.788 -5.49596 2297.28 0 0 0 0 0 0 -706.753 176.7 2248.78 -755.871 -83.0145 2210.36 0 0 0 -730.717 -324.924 2096.6 0 0 0 0 0 0 -377.688 203.153 2283.29 -248.018 -67.0457 2302.24 0 0 0 -238.719 -295.568 2217.95 0 0 0 -599.763 -207.543 2319.88 -509.21 -567.215 2184.45 0 0 0 -500.668 -947.321 2268.35 -434.948 -194.293 2337.17 -410.99 -556.235 2479.98 0 0 0 -517.155 -896.771 2561.28
8075359 -565.789 456.615 2239.31 -548.568 199.194 2289.81 -533.798 1.43945 2321.46 0 0 0 0 0 0 -704.802 183.889 2267.09 -765.126 -76.9435 2255.73 0 0 0 -728.075 -350.875 2204.43 0 0 0 0 0 0 -392.334 214.498 2312.52 -265.503 -45.2675 2326.66 0 0 0 -263.015 -299.626 2333.37 0 0 0 -599.214 -204.17 2341.45 -513.058 -565.62 2195.24 0 0 0 -500.522 -950.003 2265.26 -438.842 -188.46 2364.77 -413.151 -559.931 2486.83 0 0 0 -518.792 -897.967 2569.09
8108728 -566.502 468.017 2274.53 -551.354 200.565 2305.48 -537.018 0.550198 2343.9 0 0 0 0 0 0 -703.037 185.699 2284.68 -762.539 -85.4258 2315.15 0 0 0 -728.711 -358.732 2311.15 0 0 0 0 0 0 -399.67 215.432 2326.28 -323.129 -36.7927 2413.74 0 0 0 -282.134 -310.154 2421.41 0 0 0 -602.57 -207.295 2371.36 -513.723 -556.681 2194.28 0 0 0 -498.568 -941.515 2253.74 -442.795 -191.635 2393.27 -420.569 -565.502 2521.47 0 0 0 -521.621 -907.263 2583.04
8142097 -566.757 472.113 2296.58 -552.282 196.699 2335.05 -541.966 -2.38768 2374.07 0 0 0 0 0 0 -700.904 186.038 2319.95 -763.842 -103.379 2413.72 0 0 0 -747.492 -337.109 2269.34 0 0 0 0 0 0 -403.66 207.361 2350.16 -329.395 -48.9256 2450.17 0 0 0 -313.303 -299.135 2524.53 0 0 0 -617.851 -207.658 2404.33 -516.206 -543.529 2201.7 0 0 0 -493.367 -919.311 2232.41 -445.449 -195.291 2421.86 -425.828 -572.069 2545.8 0 0 0 -515.859 -919.591 2593.73
8175467 -572.282 471.284 2332.31 -554.125 201.672 2365.98 -544.98 4.50268 2405.14 0 0 0 0 0 0 -700.42 189.121 2336.95 -767.222 -82.8441 2428.47 0 0 0 -750.914 -331.406 2288.79 0 0 0 0 0 0 -407.831 214.224 2395 -338.778 -36.7375 2493.42 0 0 0 -286.889 -274.478 2454.31 0 0 0 -624.718 -200.293 2426.67 -518.467 -528.014 2238.03 0 0 0 -494.065 -910.269 2232.55 -446.951 -185.041 2461.94 -429.258 -566.568 2564.13 0 0 0 -510.387 -921.166 2595.63
8208836 -570.295 483.421 2366.76 -564.456 210.073 2395.46 -549.642 18.7857 2434.84 0 0 0 0 0 0 -714.974 194.347 2375.69 -773.188 -77.0147 2448.79 0 0 0 -756.127 -286.829 2562.44 0 0 0 0 0 0 -413.938 225.8 2415.22 -348.512 -11.0361 2528.16 0 0 0 -340.268 -213.689 2670.12 0 0 0 -615.293 -180.909 2463.67 -529.616 -534.562 2287.58 0 0 0 -494.711 -926.9 2238.87 -454.361 -164.095 2484.8 -436.053 -546.049 2583.24 0 0 0 -510.637 -912.073 2606.41
8242205 -571.31 490.703 2388.84 -572.648 221.957 2423.34 -555.024 30.8896 2459.39 0 0 0 0 0 0 -719.097 203.847 2398.95 -789.727 -58.3894 2498.74 0 0 0 -762.244 -265.816 2644.38 0 0 0 0 0 0 -426.2 240.068 2447.72 -363.812 -1.1994 2568.05 0 0 0 -361.599 -209.948 2687.35 0 0 0 -612.493 -169.465 2482.94 -531.541 -533.698 2313.36 0 0 0 -502.129 -928.722 2271.54 -462.304 -150.892 2507.95 -438.687 -537.564 2597.49 0 0 0 -511.847 -908.584 2626.17
8275574 -571.958 501.235 2412.64 -570.288 238.536 2471.93 -558.854 44.0109 2504.43 0 0 0 0 0 0 -720.141 225.727 2447.98 -772.302 -13.925 2591.67 0 0 0 -773.738 -233.765 2680.94 0 0 0 0 0 0 -420.435 251.344 2495.87 -362.894 3.9639 2628.9 0 0 0 -380.793 -220.06 2746.84 0 0 0 -629.237 -157.507 2523.86 -544.858 -524.294 2365.1 0 0 0 -506.391 -923.155 2297.88 -465.604 -143.521 2550 -447.797 -532.407 2624.56 0 0 0 -516.337 -905.908 2648.14
8308944 -572.13 512.504 2453.54 -571.389 249.798 2507.68 -565.511 54.093 2535.93 0 0 0 0 0 0 -721.499 240.826 2476.76 -773.969 -7.42058 2593.64 0 0 0 -766.61 -222.513 2721.3 0 0 0 0 0 0 -421.279 258.769 2538.6 -362.535 9.65553 2658.66 0 0 0 -381.388 -192.558 2827.47 0 0 0 -636.623 -146.213 2548.33 -549.984 -515.143 2396.18 0 0 0 -512.531 -909.337 2322.02 -482.644 -137.01 2580.04 -451 -522.378 2667.36 0 0 0 -519.154 -910.826 2670
8342313 -575.277 523.653 2491.96 -573.599 260.609 2550.22 -569.357 62.9084 2567.78 0 0 0 0 0 0 -724.377 255.004 2523.53 -775.4 -3.40262 2624.98 0 0 0 -780.527 -225.624 2563.62 0 0 0 0 0 0 -422.821 266.215 2576.92 -362.496 18.1172 2699.56 0 0 0 -406.768 -210.22 2848.78 0 0 0 -635.334 -137.403 2572.9 -561.585 -500.938 2436.9 0 0 0 -520.596 -898.124 2340.77 -494.897 -132.182 2597.77 -473.551 -513.395 2694.12 0 0 0 -522.293 -912.981 2691.74
8375682 -576.064 536.172 2511.57 -575.508 267.456 2577.31 -572.763 73.0331 2602.46 0 0 0 0 0 0 -727.276 261.765 2549.88 -781.786 7.4967 2659.91 0 0 0 -781.695 -222.663 2574.21 0 0 0 0 0 0 -423.739 273.148 2604.75 -364.186 23.047 2727.95 0 0 0 -399.743 -197.683 2889.86 0 0 0 -635.859 -123.86 2615.71 -569.161 -496.411 2483.32 0 0 0 -518.456 -882.359 2370.24 -504.178 -118.921 2639.52 -473.494 -505.166 2726.16 0 0 0 -544.911 -876.337 2867.04
8409051 -574.088 545.137 2544.01 -576.488 275.098 2602.17 -576.697 80.8264 2629.59 0 0 0 0 0 0 -730.029 272.207 2580.52 -785.371 10.6226 2687.45 0 0 0 -787.268 -212.798 2597.63 0 0 0 0 0 0 -422.947 277.988 2623.82 -362.244 22.0721 2749.68 0 0 0 -406.469 -194.487 2874.61 0 0 0 -650.726 -114.835 2646.6 -575.428 -497.339 2504.82 0 0 0 -521.103 -877.432 2399.62 -503.087 -112.055 2667.42 -480.297 -500.918 2736.3 0 0 0 -545.968 -882.14 2857.21
8442421 -574.69 549.171 2565.48 -577.314 281.997 2620.04 -577.506 86.6913 2647.93 0 0 0 0 0 0 -730.325 279.611 2602.28 -789.171 13.2401 2698.81 0 0 0 -834.281 -158.616 2826.69 0 0 0 0 0 0 -424.303 284.382 2637.8 -360.823 30.4901 2773.49 0 0 0 -384.303 -201.872 2894.85 0 0 0 -658.56 -109.875 2666.42 -586.066 -496.336 2532.29 0 0 0 -533.122 -858.388 2424.65 -496.836 -107.354 2685.2 -483.235 -497.273 2747.03 0 0 0 -545.721 -881.865 2854.58
8475790 -576.301 565.007 2599.51 -582.272 300.705 2646.76 -579.99 99.4398 2670.87 0 0 0 0 0 0 -738.346 297.338 2633.43 -797.618 32.4581 2721.06 0 0 0 -842.444 -176.974 2831.84 0 0 0 0 0 0 -426.198 304.071 2660.09 -362.243 55.4642 2796.81 0 0 0 -350.991 -154.834 2883.92 0 0 0 -663.896 -103.684 2687.61 -594.353 -487.708 2554.75 0 0 0 -545.536 -855.887 2464.58 -491.519 -99.9659 2702.34 -490.449 -482.321 2783.52 0 0 0 -556.783 -879.425 2889.11
8509159 -578.032 570.89 2620.21 -583.82 307.254 2669.93 -584.598 106.983 2695.56 0 0 0 0 0 0 -741.486 305.511 2651.53 -803.941 31.9571 2747.44 0 0 0 -847.071 -185.415 2834.8 0 0 0 0 0 0 -426.155 308.997 2688.34 -366.72 63.8825 2824.97 0 0 0 -348.687 -161.578 2888.95 0 0 0 -662.96 -94.1465 2712.13 -597.037 -480.081 2570.86 0 0 0 -573.353 -909.211 2546.92 -507.792 -92.431 2730.25 -491.195 -486.579 2794.31 0 0 0 -555.916 -887.53 2903.2
8542528 -578.746 576.201 2631.6 -584.462 313.341 2691.28 -584.31 118.316 2712.97 0 0 0 0 0 0 -742.027 310.781 2669.36 -803.092 37.5725 2750.96 0 0 0 -852.86 -182.194 2807.55 0 0 0 0 0 0 -426.896 315.901 2713.2 -370.888 66.4011 2847.64 0 0 0 -332.707 -163.867 2898.1 0 0 0 -657.717 -77.9041 2724.42 -600.231 -487.738 2594.92 0 0 0 -582.904 -916.616 2578.4 -510.6 -75.514 2744.88 -493.867 -476.053 2798.79 0 0 0 -578.574 -846.252 2924.61
8575898 -583.637 577.882 2644.28 -585.765 317.26 2703.13 -583.103 122.088 2725.3 0 0 0 0 0 0 -743.141 312.31 2678.46 -806.479 35.3929 2758.78 0 0 0 -851.103 -190.73 2771.85 0 0 0 0 0 0 -428.389 322.209 2727.81 -372.171 72.2825 2861.39 0 0 0 -331.099 -167.967 2880.81 0 0 0 -657.723 -75.5132 2735.35 -616.995 -487.925 2631.26 0 0 0 -577.97 -912.443 2613.8 -503.159 -70.6524 2759.59 -493.05 -476.742 2805.35 0 0 0 -571.328 -863.668 2919.98
8609267 -589.246 582.216 2662.96 -590.753 314.767 2721.42 -584.236 122.383 2740.85 0 0 0 0 0 0 -750.309 306.819 2696.23 -825.977 40.4307 2780.83 0 0 0 -850.262 -176.49 2741.57 0 0 0 0 0 0 -431.197 322.715 2746.61 -371.134 74.3385 2876.04 0 0 0 -321.024 -157.199 2859.11 0 0 0 -658.767 -74.0391 2747.48 -629.98 -490.447 2650.81 0 0 0 -596.54 -906.823 2669.21 -496.672 -65.9646 2773.07 -493.808 -467.1 2807.01 0 0 0 -572.329 -851.425 2928.01
8642636 -591.749 593.269 2685.22 -595.027 320.154 2739.5 -587.6 128.021 2756.1 0 0 0 0 0 0 -752.056 311.91 2714.33 -828.947 46.0602 2788.84 0 0 0 -850.469 -174.619 2727.43 0 0 0 0 0 0 -437.997 328.399 2764.67 -372.312 85.5592 2889.62 0 0 0 -317.816 -146.941 2848.96 0 0 0 -662.179 -68.4184 2759.56 -643.338 -486.309 2662.51 0 0 0 -627.87 -882.175 2773.13 -498.169 -59.8074 2785.84 -497.94 -459.374 2812.35 0 0 0 -568.594 -831.294 2946.03
8676005 -592.713 597.41 2697.72 -598.978 324.397 2753.11 -591.057 132.869 2768.3 0 0 0 0 0 0 -753.65 315.766 2724.94 -833.811 54.0254 2795.48 0 0 0 -843.446 -176.646 2711 0 0 0 0 0 0 -444.306 333.028 2781.28 -372.404 86.5541 2893.33 0 0 0 -315.02 -143.354 2826.49 0 0 0 -665.662 -63.2639 2768.46 -652.967 -476.91 2680.49 0 0 0 -648.689 -858.519 2807.9 -500.609 -54.0536 2798.52 -503.327 -459.533 2820.52 0 0 0 -568.531 -827.836 2954.58
8709375 -598.188 601.92 2711.26 -602.336 330.142 2762.84 -594.218 136.56 2779.63 0 0 0 0 0 0 -757.113 321.595 2739.14 -834.039 55.7979 2798.4 0 0 0 -838.188 -169.173 2680.6 0 0 0 0 0 0 -447.56 338.688 2786.54 -372.791 88.391 2892.62 0 0 0 -314.516 -120.327 2817.53 0 0 0 -669.883 -61.6476 2783.59 -656.657 -475.964 2712.06 0 0 0 -659.298 -852.287 2831.21 -502.317 -52.3951 2809.25 -510.685 -459.313 2831.9 0 0 0 -572.111 -824.865 2968.21
8742744 -602.932 610.812 2728.53 -604.651 333.619 2769.88 -597.411 138.518 2790.17 0 0 0 0 0 0 -759.598 325.764 2749.64 -834.827 57.9717 2801.79 0 0 0 -834.728 -163.138 2670.1 0 0 0 0 0 0 -449.705 341.475 2790.13 -371.963 89.7168 2893.19 0 0 0 -319.376 -139.827 2793.44 0 0 0 -676.642 -60.9674 2799.16 -662.965 -470.297 2730.17 0 0 0 -666.323 -833.301 2868.29 -503.7 -52.1994 2821.76 -507.58 -478.743 2862.11 0 0 0 -593.69 -841.879 2993.7
8776113 -608.476 602.55 2753.44 -606.659 339.789 2782.44 -601.164 140.646 2800.58 0 0 0 0 0 0 -760.213 333.667 2761.75 -837.634 63.3 2812.14 0 0 0 -828.892 -152.196 2658.04 0 0 0 0 0 0 -453.105 345.91 2803.12 -369.564 83.6904 2883.11 0 0 0 -322.733 -129.506 2791.44 0 0 0 -685.584 -62.0806 2806.6 -670.374 -452.312 2761.13 0 0 0 -671.783 -820.023 2879.09 -505.753 -54.9113 2830.83 -512.474 -474.067 2875.78 0 0 0 -587.28 -843.018 3000.74
8809482 -610.937 607.229 2758.72 -611.753 343.632 2804.54 -606.377 149.727 2812.6 0 0 0 0 0 0 -767.976 338.5 2785.27 -837.48 70.1944 2811.26 0 0 0 -826.007 -148.167 2649.22 0 0 0 0 0 0 -455.53 348.764 2823.82 -369.361 80.9018 2882.26 0 0 0 -333.184 -129.046 2784.8 0 0 0 -693.311 -47.211 2809.27 -675.983 -453.503 2781.6 0 0 0 -677.06 -824.273 2892.89 -508.691 -41.1458 2832.05 -517.062 -455.114 2874.75 0 0 0 -582.965 -826.608 2995.58
8842852 -612.933 610.829 2756.75 -613.622 349.638 2813.02 -610.614 157.098 2820.74 0 0 0 0 0 0 -769.65 346.413 2793.39 -834.844 89.5964 2816.56 0 0 0 -825.509 -134.821 2645.78 0 0 0 0 0 0 -457.593 352.864 2832.65 -370.246 84.9352 2886.11 0 0 0 -334.94 -124.093 2789.38 0 0 0 -700.32 -37.3578 2816.8 -683.52 -451.39 2791.19 0 0 0 -685.168 -820.451 2912.59 -514.891 -33.5249 2840.14 -520.998 -447.768 2875.37 0 0 0 -580.439 -819.795 2991.6
8876221 -614.655 614.435 2761.17 -617.322 352.781 2816.04 -616.784 162.011 2828.19 0 0 0 0 0 0 -772.04 350.761 2791.16 -836.16 87.1974 2810.57 0 0 0 -812.086 -139.589 2632.22 0 0 0 0 0 0 -462.605 354.802 2840.92 -370.952 85.0711 2888.06 0 0 0 -355.12 -129.12 2780.56 0 0 0 -705.354 -29.9236 2826.01 -692.276 -443.343 2803.83 0 0 0 -688.207 -812.192 2937.66 -527.138 -27.5958 2854.67 -528.014 -438.803 2875.53 0 0 0 -578.755 -816.232 2985.51
8909590 -621.642 620.765 2765.78 -624.305 355.382 2819.95 -623.675 164.684 2833.76 0 0 0 0 0 0 -776.846 353.032 2794.45 -837.516 85.743 2811.4 0 0 0 -809.483 -132.988 2633.62 0 0 0 0 0 0 -471.765 357.733 2845.46 -392.487 99.297 2878.61 0 0 0 -370.02 -124.41 2786.7 0 0 0 -710.088 -27.3547 2833.01 -701.552 -446.149 2834.49 0 0 0 -687.443 -831.785 2965.95 -536.001 -24.6723 2862.11 -536.296 -436.826 2881.42 0 0 0 -578.714 -818.46 2987.52
8942959 -626.946 622.866 2769.38 -631.177 357.078 2822.7 -628.331 162.536 2837.93 0 0 0 0 0 0 -780.329 353.159 2800.51 -838.115 86.1121 2813.39 0 0 0 -803.526 -133.036 2647.26 0 0 0 0 0 0 -482.025 360.998 2844.89 -393.822 101.042 2879.63 0 0 0 -381.089 -137.99 2780.95 0 0 0 -713.615 -34.322 2840.05 -704.784 -447.24 2847.02 0 0 0 -685.817 -836.423 2976.32 -537.356 -29.6905 2866.28 -542.387 -439.002 2895.06 0 0 0 -577.754 -821.803 2990.75
8976329 -633.2 625.527 2777.01 -635.822 357.689 2825.25 -631.987 161.39 2841.74 0 0 0 0 0 0 -782.695 352.908 2802.49 -838.518 85.6824 2815.12 0 0 0 -797.313 -138.055 2653.32 0 0 0 0 0 0 -488.949 362.47 2848.01 -407.882 103.074 2892.98 0 0 0 -404.16 -132.053 2782.38 0 0 0 -716.078 -37.7715 2844.61 -707.898 -446.954 2858.52 0 0 0 -688.008 -835.635 2984.02 -540.227 -32.0473 2871.85 -543.502 -441.706 2899.08 0 0 0 -576.96 -821.009 2992.12
9009698 -633.984 624.12 2777.8 -641.956 358.181 2829.04 -637.197 161.381 2846.03 0 0 0 0 0 0 -789.694 352.703 2806.97 -839.484 84.3018 2815.36 0 0 0 -795.167 -143.552 2666.69 0 0 0 0 0 0 -494.218 363.659 2851.11 -424.181 105.781 2904.17 0 0 0 -426.937 -154.861 2787.06 0 0 0 -720.755 -38.6946 2849.83 -710.424 -444.514 2866.33 0 0 0 -688.651 -830.797 2989.34 -544.123 -32.1453 2876.22 -544.532 -439.924 2901.75 0 0 0 -575.012 -814.398 2992.22
9043067 -637.853 624.443 2782 -650.506 360.701 2832.76 -643.125 163.249 2849.79 0 0 0 0 0 0 -794.765 353.455 2811.27 -839.644 84.4099 2816.56 0 0 0 -782.123 -156.386 2663.22 0 0 0 0 0 0 -506.248 367.947 2854.25 -440.904 117.4 2910.82 0 0 0 -439.715 -150.346 2803.08 0 0 0 -724.292 -38.6501 2853.62 -712.357 -445.076 2873.2 0 0 0 -687.849 -831.497 2991.34 -547.194 -29.7549 2880 -545.326 -435.507 2904.97 0 0 0 -576.402 -813.982 2996.35
9076436 -645.428 622.94 2786.08 -655.486 361.836 2833.42 -648.364 164.489 2853.68 0 0 0 0 0 0 -797.206 354.747 2814.18 -841.274 88.9274 2820.39 0 0 0 -785.314 -167.144 2728.54 0 0 0 0 0 0 -513.765 368.926 2852.65 -461.141 106.4 2915.81 0 0 0 -459.084 -120.301 2791.51 0 0 0 -732.125 -37.4049 2861.61 -713.019 -446.041 2872.08 0 0 0 -688.315 -831.384 2988.97 -550.359 -28.3121 2886.28 -547.741 -430.641 2907.15 0 0 0 -578.037 -811.287 3000.91
9109806 -650.648 622.212 2789.81 -659.324 360.849 2835.41 -651.112 164.26 2854.22 0 0 0 0 0 0 -800.531 353.01 2815.12 -842.369 85.7991 2818.54 0 0 0 -785.584 -172.628 2732.49 0 0 0 0 0 0 -518.116 368.689 2855.7 -471.508 106.623 2948.21 0 0 0 -473.419 -113.658 2791.07 0 0 0 -732.196 -37.2863 2860.21 -716.993 -443.137 2878.12 0 0 0 -691.435 -826.788 2993.57 -553.604 -27.3708 2885.87 -549.742 -426.314 2904.7 0 0 0 -578.856 -805.117 3000.33
9143175 -654.663 622.101 2792.2 -669.509 353.789 2842.99 -658.534 163.16 2858.46 0 0 0 0 0 0 -817.219 343.985 2826.98 -843.519 87.3954 2816.03 0 0 0 -793.701 -147.766 2741.14 0 0 0 0 0 0 -521.799 363.592 2859 -476.654 106.28 2960.14 0 0 0 -485.521 -116.358 2796.27 0 0 0 -737.117 -33.4129 2864.22 -718.606 -443.051 2881.4 0 0 0 -692.885 -826.756 2995.73 -557.999 -21.5246 2883.63 -552.378 -420.178 2901.59 0 0 0 -579.46 -798 2998.01
9176544 -659.093 621.663 2794.44 -672.563 355.328 2843.51 -661.493 165.027 2858.85 0 0 0 0 0 0 -816.522 345.657 2827.42 -843.293 81.0616 2816.59 0 0 0 -793.763 -137.719 2749.66 0 0 0 0 0 0 -528.603 365 2859.61 -479.265 108.06 2951.6 0 0 0 -487.286 -109.017 2798.81 0 0 0 -739.557 -31.2615 2864.23 -719.412 -442.942 2878.04 0 0 0 -692.661 -828.692 2993.56 -561.291 -19.2854 2884.16 -555.693 -417.726 2900.54 0 0 0 -580.531 -796.005 2997.81
