6811256 41.8794 406.374 2547.19 48.5615 176.664 2506.03 49.5716 -3.86225 2505.15 0 0 0 0 0 0 -90.7953 175.759 2531.97 -139.849 -49.5266 2561.94 0 0 0 -191.961 -289.863 2410.08 0 0 0 0 0 0 187.918 177.57 2480.08 267.648 -50.4775 2532.2 0 0 0 311.506 -260.703 2412.78 0 0 0 -30.1125 -184.913 2519.3 -18.8045 -610.01 2512.03 0 0 0 -1.64034 -976.31 2589.77 131.276 -183.865 2489.25 121.454 -586.619 2499.35 0 0 0 95.2828 -951.941 2579.19
6844549 41.5526 406.811 2546.19 48.2466 177.372 2506.57 49.4303 -2.48316 2505.29 0 0 0 0 0 0 -90.7504 176.275 2532.16 -140.531 -49.1754 2561.55 0 0 0 -190.108 -288.084 2406.15 0 0 0 0 0 0 187.243 178.469 2480.98 266.178 -36.1037 2534.92 0 0 0 310.043 -260.697 2425.22 0 0 0 -30.2145 -182.976 2518.9 -18.842 -605.403 2504.43 0 0 0 -1.41301 -976.601 2588.29 131.443 -181.701 2489.13 122.029 -584.22 2499.69 0 0 0 109.336 -927.911 2584.39
6911135 41.4495 407.853 2544.96 47.6148 179.132 2506.57 48.9851 -0.998943 2505.03 0 0 0 0 0 0 -91.3063 177.86 2531.58 -140.206 -49.446 2559.44 0 0 0 -188.722 -287.375 2418.32 0 0 0 0 0 0 186.536 180.403 2481.56 262.748 -30.1322 2535.38 0 0 0 313.031 -254.576 2426.42 0 0 0 -30.2379 -181.867 2517.99 -19.8112 -602.48 2499.7 0 0 0 -1.5044 -976.702 2586.93 130.949 -180.392 2488.97 122.443 -576.029 2499.56 0 0 0 107.766 -912.882 2582.17
6944428 41.2647 408.543 2544.39 46.9381 180.419 2506.34 48.5834 -1.96958 2505.02 0 0 0 0 0 0 -91.7181 178.986 2531.53 -140.442 -49.6799 2560.2 0 0 0 -186.694 -290.628 2415.09 0 0 0 0 0 0 185.594 181.853 2481.16 262.567 -32.4625 2534.38 0 0 0 308.853 -254.825 2421.3 0 0 0 -30.1547 -185.19 2518.29 -20.0293 -599.367 2494.02 0 0 0 -1.56192 -974.354 2587.12 130.612 -183.527 2489.1 122.08 -582.003 2498.5 0 0 0 105.576 -924.186 2578.48
7011014 41.2532 408.655 2544.94 46.8089 180.415 2506.01 48.3153 -2.84953 2505.05 0 0 0 0 0 0 -91.4206 179.146 2531.26 -140.225 -48.5412 2561.4 0 0 0 -190.845 -295.446 2418.63 0 0 0 0 0 0 185.038 181.684 2480.76 262.792 -36.53 2533.01 0 0 0 310.831 -259.848 2431.83 0 0 0 -30.6587 -186.853 2518.79 -20.0203 -600.406 2498.02 0 0 0 -1.68045 -973.974 2586.56 130.302 -185.375 2489.38 122.272 -585.005 2499.65 0 0 0 103.544 -933.689 2579.01
7044307 41.1501 409.105 2544.85 46.4956 182.03 2505.86 48.0599 -2.49736 2505 0 0 0 0 0 0 -91.6663 180.742 2530.8 -139.947 -48.5262 2561.49 0 0 0 -193.9 -296.487 2433.87 0 0 0 0 0 0 184.658 183.318 2480.93 259.751 -30.917 2534.71 0 0 0 312.51 -257.916 2434.05 0 0 0 -30.9015 -187.775 2518.68 -20.3368 -600.948 2499.11 0 0 0 0.208883 -972.642 2582.73 130.15 -186.274 2489.61 123.998 -592.91 2512.87 0 0 0 106.506 -973.06 2605.65
7110893 40.9018 409.163 2544.87 46.5731 182.308 2506.16 47.9514 -2.45851 2505.22 0 0 0 0 0 0 -91.2774 181.153 2530.89 -140.188 -47.7702 2563.18 0 0 0 -198.69 -296.7 2435.92 0 0 0 0 0 0 184.423 183.462 2481.43 259.138 -33.5142 2534.55 0 0 0 315.307 -265.665 2435.36 0 0 0 -31.7081 -187.903 2518.81 -21.1359 -599.593 2498.08 0 0 0 1.14675 -971.348 2582.6 130.367 -186.546 2489.73 123.511 -591.184 2508.15 0 0 0 104.657 -960.464 2593.93
7144186 40.3235 408.573 2544.55 46.5863 182.103 2505.17 47.8905 -4.26384 2505.41 0 0 0 0 0 0 -91.0942 181.171 2530.52 -140.147 -48.1499 2563.79 0 0 0 -196.358 -303.059 2445.3 0 0 0 0 0 0 184.267 183.035 2479.83 257.479 -31.1837 2535.11 0 0 0 312.069 -262.023 2431.35 0 0 0 -32.3143 -191.182 2520.64 -22.4493 -595.742 2490.14 0 0 0 -4.75617 -964.012 2557.72 130.704 -190.079 2490.63 125.163 -590.945 2510.46 0 0 0 102.543 -966.721 2596.9
7210772 39.8393 408.552 2544.39 46.075 181.818 2505.01 47.7499 -5.50521 2506.22 0 0 0 0 0 0 -91.4789 180.75 2530.11 -140.233 -48.8391 2563.81 0 0 0 -201.908 -297.66 2450.59 0 0 0 0 0 0 183.629 182.887 2479.92 258.094 -33.9721 2535.06 0 0 0 319.105 -267.768 2454.01 0 0 0 -32.5708 -193.466 2522.38 -23.9959 -597.901 2490.36 0 0 0 -2.39799 -965.469 2564.91 131.42 -192.192 2492.46 125.19 -593.615 2508.88 0 0 0 102.651 -961.691 2591.94
7244065 39.5363 408.071 2545.12 45.99 181.399 2504.56 47.4656 -6.75285 2506.45 0 0 0 0 0 0 -91.4683 180.571 2529.6 -139.988 -47.5085 2564.51 0 0 0 -202.616 -288.387 2460.09 0 0 0 0 0 0 183.448 182.226 2479.53 257.096 -31.097 2536.44 0 0 0 320.695 -270.253 2456.62 0 0 0 -33.7865 -195.402 2523.4 -24.8007 -614.836 2507.72 0 0 0 -2.10421 -969.716 2567.38 131.669 -194.406 2493.27 124.602 -595.8 2508.22 0 0 0 99.1772 -966.815 2592.13
7310651 39.2487 407.879 2545.38 46.0141 180.906 2504.05 47.3961 -6.38263 2505.97 0 0 0 0 0 0 -91.577 180.138 2528.14 -139.968 -47.2172 2564.62 0 0 0 -199.673 -297.507 2462.71 0 0 0 0 0 0 183.605 181.673 2479.96 257.894 -34.071 2536.67 0 0 0 323.488 -275.106 2461.8 0 0 0 -33.4364 -194.13 2522.29 -24.3673 -613.359 2506 0 0 0 -2.45305 -977.051 2570.65 130.993 -193.212 2493.5 123.763 -595.015 2507.32 0 0 0 96.508 -967.223 2589.17
7343944 39.0829 407.665 2545.94 45.8351 180.656 2503.96 47.0836 -6.66926 2506.54 0 0 0 0 0 0 -92.0207 180.061 2527.43 -141.222 -47.0398 2567.81 0 0 0 -201.436 -290.63 2454.47 0 0 0 0 0 0 183.691 181.252 2480.49 258.181 -35.419 2536.85 0 0 0 323.554 -277.039 2458.83 0 0 0 -33.52 -194.349 2523.05 -22.3734 -620.782 2524.93 0 0 0 -2.26013 -983.096 2571.02 130.184 -193.641 2495.18 112.505 -597.841 2504.93 0 0 0 97.2452 -961.618 2584.58
7410530 39.1305 406.937 2545.74 45.6887 180.141 2504.05 47.2199 -8.05164 2506.78 0 0 0 0 0 0 -92.0161 179.365 2527.77 -141.099 -45.2956 2567.48 0 0 0 -203.116 -290.189 2459.92 0 0 0 0 0 0 183.394 180.917 2480.32 258.022 -36.2235 2536.6 0 0 0 323.503 -275.934 2461.93 0 0 0 -33.4216 -196.707 2523.67 -21.0107 -621.797 2528.44 0 0 0 -1.49153 -985.698 2571.63 130.924 -195.782 2495.36 115.002 -596.866 2506.2 0 0 0 90.5197 -967.974 2587.06
7443823 38.2722 406.613 2544.86 45.4589 178.984 2504.1 46.8373 -9.53826 2506.76 0 0 0 0 0 0 -92.2441 178.305 2527.42 -141.109 -43.9625 2567.23 0 0 0 -199.199 -296.393 2453.88 0 0 0 0 0 0 183.162 179.662 2480.78 257.559 -37.4917 2535.91 0 0 0 324.999 -278.007 2458.07 0 0 0 -34.3247 -198.467 2523.39 -19.5822 -621.15 2530.19 0 0 0 -1.09934 -996.865 2578.11 130.756 -197.654 2495.44 114.175 -600.152 2508.08 0 0 0 80.9184 -999.495 2601.49
7510409 36.9501 405.777 2544.16 45.7841 178.028 2504.45 46.9799 -9.49934 2506.34 0 0 0 0 0 0 -91.9456 177.387 2528.01 -141.4 -43.982 2568.58 0 0 0 -200.05 -298.557 2462.26 0 0 0 0 0 0 183.514 178.67 2480.9 257.575 -42.9971 2530.84 0 0 0 322.573 -274.459 2454.24 0 0 0 -33.7401 -197.409 2522.23 -19.2009 -617.951 2523.81 0 0 0 -1.37585 -992.814 2578.25 130.091 -196.645 2494.21 115.813 -596.892 2508.08 0 0 0 83.5863 -982.211 2597.14
7576995 36.1418 406.176 2544.72 45.6965 177.72 2504.79 46.6896 -9.16541 2506.08 0 0 0 0 0 0 -92.0706 177.152 2528.65 -141.235 -43.7249 2571.41 0 0 0 -207.832 -298.878 2446.74 0 0 0 0 0 0 183.464 178.287 2480.93 257.589 -44.0663 2530.13 0 0 0 322.981 -264.974 2452.74 0 0 0 -33.6742 -196.386 2521.46 -19.1183 -615.449 2521.91 0 0 0 -3.83249 -986.606 2582.55 129.04 -195.715 2493.28 116.401 -594.398 2508.51 0 0 0 86.004 -972.888 2600.21
7610288 35.9855 406.165 2544.51 45.6857 177.066 2504.85 46.399 -9.9085 2505.78 0 0 0 0 0 0 -92.0153 176.663 2529.4 -141.459 -43.7318 2572.42 0 0 0 -198.404 -296.88 2440.1 0 0 0 0 0 0 183.387 177.468 2480.3 262.883 -58.2045 2526.18 0 0 0 320.78 -261.636 2442 0 0 0 -33.6316 -197.119 2521.11 -19.3272 -616.315 2521.11 0 0 0 -2.17281 -988.856 2581.17 127.856 -196.647 2492.32 112.678 -595.311 2506.73 0 0 0 88.4583 -966.562 2596.97
7643581 36.524 406.997 2544.32 45.2146 177.056 2505.19 45.9127 -9.74592 2505.56 0 0 0 0 0 0 -92.6258 176.591 2530.66 -141.602 -43.5824 2571.99 0 0 0 -196.655 -294.34 2439.52 0 0 0 0 0 0 183.055 177.521 2479.73 261.178 -51.078 2528.56 0 0 0 321.481 -260.071 2437.74 0 0 0 -33.8536 -196.819 2520.79 -19.72 -614.016 2517.2 0 0 0 -3.1176 -992.526 2581.21 127.075 -196.276 2491.06 114.352 -595.972 2505.91 0 0 0 89.1567 -964.266 2595.22
7710167 37.0813 406.698 2543.94 45.6715 177.446 2505.33 46.3422 -9.47317 2505.44 0 0 0 0 0 0 -92.3367 176.966 2531.13 -142.072 -43.1343 2572.19 0 0 0 -197.697 -300.654 2439.47 0 0 0 0 0 0 183.68 177.926 2479.54 262.578 -50.4154 2527.54 0 0 0 310.38 -266.487 2436.08 0 0 0 -33.27 -196.672 2520.56 -20.4242 -614.481 2518.15 0 0 0 -2.79545 -992.311 2578.76 127.296 -196.113 2490.55 115.563 -594.547 2505.1 0 0 0 87.5615 -952.115 2596.59
7776753 36.6755 405.075 2541.25 45.7697 177.787 2505.07 46.6397 -9.01718 2505.3 0 0 0 0 0 0 -92.4036 177.176 2530.64 -142.706 -43.7518 2571.88 0 0 0 -198.011 -295.422 2440.05 0 0 0 0 0 0 183.943 178.399 2479.5 263.127 -50.1713 2526.86 0 0 0 312.978 -244.273 2442.96 0 0 0 -32.5981 -196.176 2520.37 -19.6071 -614.05 2517.44 0 0 0 -2.08585 -990.211 2578.07 127.618 -195.467 2490.71 116.42 -593.592 2504.69 0 0 0 88.2515 -953.703 2594.5
7810046 37.4128 404.881 2540.1 45.8893 177.693 2504.74 46.9556 -9.24637 2505.09 0 0 0 0 0 0 -92.4399 176.952 2529.87 -143.155 -44.8011 2572.72 0 0 0 -189.479 -286.776 2431.11 0 0 0 0 0 0 184.219 178.434 2479.61 263.32 -48.2089 2528.04 0 0 0 309.764 -261.945 2425.18 0 0 0 -32.3827 -196.617 2520.06 -18.8849 -614.192 2516.41 0 0 0 -1.51472 -992.121 2578.84 128.427 -195.755 2490.84 117.362 -593.169 2504.96 0 0 0 88.028 -946.85 2589.65
7843339 38.5324 404.978 2535.67 45.4079 177.514 2504.52 46.8022 -9.27233 2504.96 0 0 0 0 0 0 -93.3367 176.537 2529.25 -146.657 -48.9779 2570.58 0 0 0 -196.689 -296.877 2428.25 0 0 0 0 0 0 184.153 178.491 2479.8 263.098 -48.0428 2528.87 0 0 0 319.136 -261.946 2435.05 0 0 0 -32.295 -196.626 2519.75 -18.8769 -614.756 2516.89 0 0 0 0.0829678 -990.826 2583.15 128.688 -195.492 2491.06 121.611 -594.799 2504.32 0 0 0 88.4143 -949.207 2589.74
7909925 39.3979 404.418 2534.67 45.2534 177.692 2504.64 46.7934 -9.15448 2505.02 0 0 0 0 0 0 -93.5182 176.597 2529.22 -145.114 -48.5543 2570.93 0 0 0 -197.446 -298.313 2435.81 0 0 0 0 0 0 184.025 178.786 2480.06 263.64 -50.4731 2527.79 0 0 0 318.739 -260.607 2430.43 0 0 0 -31.6045 -196.631 2519.55 -19.8074 -614.059 2517.44 0 0 0 1.1817 -989.85 2582.39 128.271 -195.37 2491.24 125.818 -595.207 2503.75 0 0 0 89.5742 -948.812 2591.09
7943218 40.5406 405.009 2534.37 44.896 177.587 2504.79 46.8709 -9.38307 2504.85 0 0 0 0 0 0 -94.0137 176.127 2529.46 -143.753 -49.0455 2570.59 0 0 0 -193.5 -301.399 2434.05 0 0 0 0 0 0 183.806 179.046 2480.11 265.161 -54.6246 2525.64 0 0 0 321.928 -259.417 2436.57 0 0 0 -30.797 -197.189 2519.06 -19.2077 -612.236 2517.33 0 0 0 5.15363 -985.199 2582.44 128.488 -195.516 2490.76 125.451 -594.718 2502.19 0 0 0 93.9683 -944.27 2589.16
8009804 42.0748 405.748 2534.24 45.0637 177.492 2504.83 47.1819 -9.50032 2504.63 0 0 0 0 0 0 -94.0858 175.889 2529.67 -143.284 -50.1136 2570.19 0 0 0 -195.58 -304.882 2442.46 0 0 0 0 0 0 184.213 179.096 2479.99 266.107 -55.1258 2525.99 0 0 0 322.492 -268.398 2444.79 0 0 0 -30.307 -197.41 2518.63 -18.3368 -611.006 2511.53 0 0 0 4.38703 -964.739 2581.64 128.907 -195.576 2490.21 124.235 -593.548 2501.04 0 0 0 93.8503 -943.265 2586.73
8043097 43.4641 406.471 2534.46 45.4651 177.394 2504.77 47.492 -9.55786 2504.68 0 0 0 0 0 0 -94.0618 175.87 2529.59 -142.656 -49.9365 2569.78 0 0 0 -193.399 -300.065 2441.07 0 0 0 0 0 0 184.992 178.919 2479.94 266.764 -53.9949 2527.36 0 0 0 320.821 -266.081 2441.55 0 0 0 -30.3669 -197.383 2518.81 -16.8059 -611.064 2508.35 0 0 0 0.518177 -960.565 2577.06 129.405 -195.637 2490.38 124.206 -593.14 2500.43 0 0 0 91.942 -943.597 2584.27
8109683 47.8402 406.52 2533.54 46.447 176.309 2505.33 48.6238 -10.8083 2505 0 0 0 0 0 0 -93.0167 174.643 2530.12 -142.353 -49.9221 2569.77 0 0 0 -190.984 -295.862 2441.35 0 0 0 0 0 0 185.911 177.975 2480.54 267.328 -53.474 2528.62 0 0 0 325.213 -269.205 2442.82 0 0 0 -29.6604 -198.887 2518.97 -16.8241 -613.223 2510.1 0 0 0 0.914976 -971.145 2577.85 131.262 -196.964 2490.36 128.109 -596.214 2497.25 0 0 0 84.2798 -955.028 2577.62
8142976 50.6458 406.862 2533.32 48.2742 174.376 2505.83 51.4216 -13.8787 2506.95 0 0 0 0 0 0 -91.3106 172.175 2528.09 -149.981 -68.3092 2575.33 0 0 0 -192.773 -302.279 2440.18 0 0 0 0 0 0 187.859 176.577 2483.57 269.212 -55.176 2532.13 0 0 0 329.584 -270.764 2448.78 0 0 0 -28.5481 -203.444 2521.33 -16.2749 -617.184 2514.32 0 0 0 2.10792 -977.294 2581.67 137.686 -200.822 2494.82 126.075 -594.12 2494.6 0 0 0 78.2886 -959.919 2571.04
8209562 50.4326 407.04 2534.87 49.3054 173.909 2506.32 51.5342 -13.5038 2507.1 0 0 0 0 0 0 -90.5914 172.341 2529.58 -146.165 -62.5569 2571.65 0 0 0 -188.924 -298.401 2441.72 0 0 0 0 0 0 189.202 175.476 2483.07 269.207 -55.8604 2532.33 0 0 0 334.336 -267.793 2452.11 0 0 0 -27.8905 -201.831 2521.45 -15.3308 -615.482 2514.94 0 0 0 2.45513 -975.794 2581.91 135.417 -200.002 2494.3 124.118 -596.664 2495.95 0 0 0 72.8671 -974.649 2597.36
8276148 52.1779 408.617 2535.3 50.2812 173.124 2506.32 52.018 -13.8988 2506.97 0 0 0 0 0 0 -89.5705 171.906 2529.7 -144.246 -57.2173 2571.86 0 0 0 -187.779 -298.33 2443.25 0 0 0 0 0 0 190.133 174.341 2482.95 270.053 -57.4411 2532.13 0 0 0 333.35 -259.577 2450.91 0 0 0 -27.5472 -201.629 2521.21 -14.1887 -613.211 2513.42 0 0 0 3.54709 -966.737 2580.92 135.057 -200.213 2494.03 123.201 -597.582 2496.55 0 0 0 75.9545 -983.017 2586.02
8309441 52.0246 409.282 2535.36 51.3476 172.372 2506.34 52.6067 -14.3176 2506.94 0 0 0 0 0 0 -88.2207 171.504 2529.15 -142.951 -53.814 2571.96 0 0 0 -187.429 -296.994 2440.69 0 0 0 0 0 0 190.916 173.239 2483.53 270.021 -57.8049 2533.2 0 0 0 333.94 -263.301 2445.35 0 0 0 -27.3193 -201.511 2520.82 -13.3312 -611.642 2512.27 0 0 0 3.33945 -972.569 2582.31 135.051 -200.502 2494.28 123.297 -598.556 2496.75 0 0 0 78.9944 -986.083 2590.68
8376027 55.8488 410.026 2533.56 52.0077 171.732 2506.08 53.2908 -14.2721 2506.39 0 0 0 0 0 0 -87.497 170.807 2528.38 -141.771 -52.6819 2572.31 0 0 0 -184.35 -295.793 2435.4 0 0 0 0 0 0 191.512 172.658 2483.78 270.937 -56.5936 2538.94 0 0 0 329.977 -266.538 2442.41 0 0 0 -25.896 -200.81 2519.56 -11.6974 -607.711 2508.19 0 0 0 3.27913 -971.998 2582.27 135.044 -199.742 2493.83 124.2 -598.831 2496.81 0 0 0 86.1461 -975.057 2603.78
8409320 57.801 409.2 2532.51 52.9216 171.154 2505.76 54.331 -15.1461 2506.21 0 0 0 0 0 0 -86.1524 170.157 2528.71 -140.555 -51.8907 2573.78 0 0 0 -186.297 -290.742 2432.19 0 0 0 0 0 0 191.996 172.15 2482.81 270.897 -57.1238 2537.95 0 0 0 324.867 -264.005 2435.22 0 0 0 -25.5884 -202.029 2520.08 -12.5336 -608.311 2506.06 0 0 0 3.08508 -972.693 2582.82 137.069 -200.863 2493.24 124.079 -598.986 2496.79 0 0 0 84.4535 -975.504 2594.94
8442613 57.0155 408.934 2531.82 53.1148 171.695 2505.66 54.1478 -14.7483 2505.99 0 0 0 0 0 0 -85.925 170.967 2529.77 -140.011 -51.7359 2574.63 0 0 0 -188.824 -300.754 2436.74 0 0 0 0 0 0 192.155 172.423 2481.55 271.833 -56.9367 2538.06 0 0 0 322.461 -261.919 2431.47 0 0 0 -25.9512 -201.617 2520.38 -13.8748 -607.834 2505.87 0 0 0 1.93881 -969.318 2586.79 136.313 -200.767 2492.24 124.826 -601.041 2496.78 0 0 0 88.5886 -961.628 2582.1
8509199 57.8575 408.737 2530.13 53.3816 171.2 2505.3 54.6013 -15.889 2505.83 0 0 0 0 0 0 -85.5711 170.366 2530.14 -139.562 -52.2103 2575.21 0 0 0 -173.542 -298.802 2423.09 0 0 0 0 0 0 192.334 172.035 2480.46 272.665 -57.5596 2536.47 0 0 0 309.025 -263.314 2426.63 0 0 0 -24.6455 -203.462 2520.75 -14.5995 -605.358 2504.22 0 0 0 0.170796 -966.025 2586.3 136.288 -202.495 2491.98 125.143 -604.274 2496.25 0 0 0 89.3628 -966.018 2590.11
8542528 58.0995 408.725 2528.57 53.9152 171.642 2504.89 54.827 -15.3285 2505.62 0 0 0 0 0 0 -84.9537 171.065 2530.38 -137.126 -51.3454 2576.35 0 0 0 -179.193 -297.515 2429.1 0 0 0 0 0 0 192.784 172.22 2479.39 272.305 -58.751 2521.47 0 0 0 310.524 -259.57 2425.47 0 0 0 -24.6792 -202.634 2521.12 -14.7612 -604.433 2499.21 0 0 0 -0.412838 -967.494 2585.71 136.157 -201.965 2491.59 124.778 -604.651 2493.92 0 0 0 89.0153 -960.02 2582.53
8609266 58.8233 408.37 2526.3 54.6694 171.459 2504.73 55.2698 -15.6579 2505.71 0 0 0 0 0 0 -84.2265 171.148 2530.53 -135.991 -50.1781 2577.51 0 0 0 -176.286 -293.302 2434.2 0 0 0 0 0 0 193.565 171.769 2478.93 272.237 -59.7404 2526.75 0 0 0 304.631 -263.195 2420.6 0 0 0 -24.3255 -202.954 2521.59 -14.4625 -605.082 2495.7 0 0 0 -0.599276 -969.139 2585.98 136.066 -202.595 2491.8 124.77 -604.757 2493.39 0 0 0 89.9416 -965.202 2579.42
8642635 59.0462 406.665 2518.94 54.8525 171.195 2503.78 55.4158 -17.056 2504.52 0 0 0 0 0 0 -84.0778 170.887 2531.22 -134.988 -50.5935 2579.49 0 0 0 -176.182 -296.934 2437.19 0 0 0 0 0 0 193.783 171.503 2476.34 272.289 -67.2862 2516.78 0 0 0 294.949 -272.599 2406.58 0 0 0 -24.0125 -205.484 2521.06 -14.7779 -607.628 2495.14 0 0 0 0.883358 -990.808 2585.93 135.971 -205.13 2489.46 124.32 -606.602 2493.98 0 0 0 89.634 -968.936 2578.91
8709374 57.0164 406.748 2520.29 55.0694 170.954 2502.14 53.8912 -15.5153 2499.81 0 0 0 0 0 0 -84.9144 171.556 2524.75 -135.28 -49.9355 2574.41 0 0 0 -169.432 -294.278 2425.69 0 0 0 0 0 0 195.053 170.352 2479.52 274.613 -73.5974 2517.46 0 0 0 287.98 -274.573 2415.32 0 0 0 -29.1114 -201.633 2510.7 -14.6924 -613.274 2500.3 0 0 0 1.29269 -990.74 2590.53 134.537 -202.337 2484.26 120.595 -605.318 2485.66 0 0 0 87.2345 -968.306 2572.65
8742743 53.5033 406.396 2513.28 55.0802 171.061 2501.44 53.6975 -13.3587 2498.88 0 0 0 0 0 0 -85.4439 171.811 2523.29 -134.945 -49.4065 2572.74 0 0 0 -179.772 -304.242 2435.12 0 0 0 0 0 0 195.604 170.311 2479.58 275.348 -75.9332 2516.51 0 0 0 285.525 -278.559 2415.26 0 0 0 -29.6698 -197.341 2509.06 -15.9548 -616.627 2501.9 0 0 0 1.88638 -990.216 2591.86 134.299 -198.216 2483.56 121.56 -600.799 2485.57 0 0 0 87.5238 -966.086 2570.89
8809482 51.0249 406.963 2506.04 55.2548 171.675 2499.58 53.7513 -12.1244 2497.94 0 0 0 0 0 0 -85.4816 172.619 2522.7 -131.601 -40.9278 2573.89 0 0 0 -160.442 -295.722 2441.6 0 0 0 0 0 0 195.991 170.73 2476.47 275.294 -70.72 2523.35 0 0 0 267.693 -271.093 2425.73 0 0 0 -29.5191 -195.375 2509.72 -17.6352 -618.805 2502.73 0 0 0 1.96796 -993.67 2595.86 134.015 -196.472 2482.86 122.531 -598.554 2484.7 0 0 0 87.8503 -963.93 2570.43
8842851 50.2423 407.527 2503.75 54.5901 172.516 2499.08 53.7963 -13.5297 2499.44 0 0 0 0 0 0 -85.8431 173.165 2524.83 -132.781 -42.0896 2575.84 0 0 0 -165.625 -291.892 2445.47 0 0 0 0 0 0 195.023 171.866 2473.33 279.227 -57.1806 2520.86 0 0 0 261.692 -263.886 2423 0 0 0 -27.4893 -199.203 2514.57 -19.4404 -615.741 2500.39 0 0 0 2.52177 -990.174 2595.18 133.494 -199.947 2485.05 122.242 -602.269 2484.96 0 0 0 88.3667 -965.723 2575.46
8909589 47.7867 409.595 2496.32 50.4302 177.363 2492.4 51.7097 -10.8485 2496.9 0 0 0 0 0 0 -86.8647 177.152 2522.65 -153.171 -44.2529 2582.33 0 0 0 -151.961 -285.062 2449.91 0 0 0 0 0 0 187.725 177.573 2462.15 287.826 -25.7985 2521.64 0 0 0 253.034 -261.22 2442.26 0 0 0 -25.6536 -199.18 2518.72 -20.3723 -612.208 2502.31 0 0 0 3.10731 -987.526 2597.64 131.632 -198.939 2484.07 121.227 -605.097 2483.3 0 0 0 88.4031 -969.702 2573.74
8942959 46.8936 410.433 2491.02 47.197 179.708 2487.99 50.0469 -12.7728 2495.24 0 0 0 0 0 0 -89.3851 178.857 2519.11 -158.667 -42.4521 2593.88 0 0 0 -147.961 -270.759 2453.13 0 0 0 0 0 0 183.779 180.559 2456.87 290.878 -21.5985 2525.21 0 0 0 257.907 -254.293 2456.35 0 0 0 -26.7314 -205.75 2520.62 -20.8577 -607.075 2503.26 0 0 0 2.64475 -982.115 2598.73 132.525 -204.758 2484.34 120.885 -609.616 2483.07 0 0 0 87.2962 -978.158 2570.32
9009697 46.5431 409.653 2469.28 48.066 179.084 2487.1 51.3724 -13.5424 2496.1 0 0 0 0 0 0 -88.9797 178.267 2519.96 -159.474 -34.8175 2608.74 0 0 0 -140.306 -265.319 2472.56 0 0 0 0 0 0 185.112 179.902 2454.24 293.442 -13.9949 2531.46 0 0 0 268.439 -251.241 2470.09 0 0 0 -23.9418 -206.638 2523.95 -22.9566 -608.183 2501.34 0 0 0 2.12512 -981.156 2597.21 133.299 -205.7 2486.25 120.757 -611.019 2484.44 0 0 0 88.7983 -979.123 2571.27
9043066 46.6693 409.995 2461.25 50.1059 177.436 2487.92 52.4886 -13.2636 2496.49 0 0 0 0 0 0 -87.8095 177.131 2519.45 -160.841 -30.8478 2616.99 0 0 0 -143.23 -269.398 2512.11 0 0 0 0 0 0 188.021 177.741 2456.38 294.582 -11.7565 2543.15 0 0 0 270.866 -251.668 2484.02 0 0 0 -24.1358 -204.138 2523.13 -22.5401 -609.89 2500.47 0 0 0 1.88842 -982.755 2597.3 133.878 -203.788 2487 121.096 -610.195 2484.78 0 0 0 90.202 -977.241 2571.48
9109805 48.2777 403.911 2448.41 49.3417 178.159 2484.32 52.9034 -11.3013 2496.7 0 0 0 0 0 0 -87.4971 177.742 2517.29 -157.927 -27.5784 2621.43 0 0 0 -137.333 -266.909 2540.24 0 0 0 0 0 0 186.181 178.576 2451.34 291.559 -7.93683 2556.08 0 0 0 284.288 -260.461 2538.91 0 0 0 -22.9158 -201.003 2528.21 -22.5358 -605.714 2499.89 0 0 0 1.64999 -982.675 2600.09 135.846 -200.52 2489.96 121.446 -614.608 2483.15 0 0 0 91.6106 -980.869 2570.75
9143174 48.567 398.934 2439.57 49.2258 176.269 2478.69 54.1848 -11.2151 2495.25 0 0 0 0 0 0 -87.4089 175.357 2509.27 -151.421 -20.5434 2628.64 0 0 0 -142.074 -249.847 2583.79 0 0 0 0 0 0 185.861 177.181 2448.11 290.689 -0.927307 2566.67 0 0 0 293.974 -244.709 2558.54 0 0 0 -20.6287 -199.231 2529.67 -23.1758 -604.907 2497.55 0 0 0 0.496197 -982.964 2600.85 138.916 -198.166 2493.96 122.769 -615.443 2480.58 0 0 0 93.8135 -980.399 2571.25
9209913 52.8856 381.24 2408.68 50.4552 170.287 2472.07 57.3504 -12.8666 2494.83 0 0 0 0 0 0 -89.2627 168.856 2502.88 -148.64 -25.8699 2627.78 0 0 0 -128.549 -262.372 2612.07 0 0 0 0 0 0 190.173 171.718 2441.26 291.496 8.83095 2579.96 0 0 0 281.636 -247.707 2632.86 0 0 0 -16.9266 -196.852 2535.49 -19.0986 -607.125 2496.27 0 0 0 0.225765 -980.78 2606.17 145.418 -195.189 2499.7 126.109 -597.254 2468.97 0 0 0 93.4013 -978.98 2566.38
9243282 54.816 374.375 2388.57 52.8022 160.78 2462.46 65.2125 -15.0253 2499.33 0 0 0 0 0 0 -88.8304 158.308 2498.35 -150.03 -35.5449 2626.8 0 0 0 -129.31 -245.562 2650.93 0 0 0 0 0 0 194.435 163.252 2426.58 293.384 25.3237 2590.79 0 0 0 281.668 -209.402 2637.73 0 0 0 -1.20996 -192.206 2556.18 -8.51738 -577.058 2469.98 0 0 0 6.50835 -948.711 2579.66 156.455 -189.455 2516.23 128.027 -580.075 2462.33 0 0 0 90.5641 -957.453 2569.71
9310020 64.2283 349.132 2356.64 62.231 149.489 2449.45 70.6228 -26.3036 2494.26 0 0 0 0 0 0 -77.8662 150.542 2479.82 -152.766 -35.0023 2619.84 0 0 0 -111.548 -228.178 2681.42 0 0 0 0 0 0 202.328 148.436 2419.08 302.658 39.0495 2608.16 0 0 0 273.69 -168.566 2682.98 0 0 0 -1.99401 -201.488 2556.62 -2.44749 -572.518 2466.4 0 0 0 3.05018 -942.17 2570 160.023 -202.705 2521.5 126.223 -582.202 2457.53 0 0 0 90.7712 -954.038 2562.76
9343390 65.5171 340.751 2338.46 69.6383 143.926 2436.9 75.5191 -32.4229 2487.96 0 0 0 0 0 0 -63.3973 146.83 2462.24 -129.733 -16.625 2611.05 0 0 0 -116.391 -198.884 2690.69 0 0 0 0 0 0 202.674 141.021 2411.55 313.351 46.2995 2608.57 0 0 0 276.276 -160.374 2709.46 0 0 0 3.24068 -207.065 2553.93 -1.13755 -575.393 2464.62 0 0 0 2.3197 -942.88 2565.76 159.559 -210.478 2524.14 128.692 -580.221 2451.73 0 0 0 92.5207 -952.899 2559.96
9410128 64.7382 336.134 2320.54 74.9977 143.45 2413.56 75.4465 -35.7647 2470.58 0 0 0 0 0 0 -50.1973 149.431 2433.34 -113.686 21.9474 2616.92 0 0 0 -101.995 -174.456 2729.97 0 0 0 0 0 0 200.193 137.469 2393.77 312.67 72.2656 2592.66 0 0 0 273.289 -141.021 2697.31 0 0 0 7.14867 -211.696 2538.46 -1.08152 -591.397 2445.95 0 0 0 -0.967788 -957.418 2555.03 144.642 -218.264 2516.74 127.575 -583.001 2465.61 0 0 0 96.4712 -938.638 2574.16
9474696 66.6947 323.799 2300.88 73.8223 137.744 2404.82 79.8709 -40.488 2461.89 0 0 0 0 0 0 -51.9355 140.837 2427.8 -111.288 20.7241 2643.51 0 0 0 -93.696 -176.348 2735.98 0 0 0 0 0 0 199.58 134.65 2381.83 311.836 70.7987 2587.7 0 0 0 270.587 -136.662 2677.66 0 0 0 5.71937 -216.747 2533.63 -0.229265 -604.704 2441.54 0 0 0 8.62759 -988.134 2561.42 166.12 -220.693 2504.31 117.84 -600.663 2471.3 0 0 0 90.3461 -945.358 2632.81
9510236 68.9401 309.674 2284.29 75.98 125.927 2396.47 81.1419 -46.5144 2456.03 0 0 0 0 0 0 -51.5994 131.031 2422.3 -114.05 43.7421 2649.04 0 0 0 -93.3687 -171.414 2706.77 0 0 0 0 0 0 203.559 120.823 2370.63 315.969 85.3658 2585.23 0 0 0 209.021 -126.171 2637.09 0 0 0 8.92676 -215.86 2531.26 4.27774 -607.71 2437.24 0 0 0 7.82826 -987.386 2563.03 163.681 -222.052 2499.92 121.349 -600.98 2462.56 0 0 0 69.1791 -938.734 2661.95
9574575 70.0046 294.608 2254.28 79.9862 114.662 2388.22 83.3448 -51.8108 2450.64 0 0 0 0 0 0 -47.6292 121.055 2412.13 -131.749 67.7872 2631.21 0 0 0 -91.0341 -167.93 2705.3 0 0 0 0 0 0 207.602 108.27 2364.3 319.65 81.0485 2582.35 0 0 0 207.167 -127.377 2644.78 0 0 0 10.4503 -214.464 2527.35 11.3573 -598.472 2419.95 0 0 0 6.12085 -986.154 2558.91 162.957 -222.104 2498.77 126.542 -592.889 2458.96 0 0 0 69.7929 -937.557 2651.66
9610344 71.0399 283.954 2232.7 83.2217 108.158 2364.98 88.3824 -60.0623 2431.38 0 0 0 0 0 0 -45.753 112.875 2386.95 -127.005 59.8606 2621.54 0 0 0 -94.2784 -191.614 2663.5 0 0 0 0 0 0 212.197 103.441 2343 322.824 76.1062 2560.44 0 0 0 237.305 -134.424 2682.46 0 0 0 19.5099 -225.575 2510.39 19.162 -588.399 2394.93 0 0 0 8.1826 -980.811 2539.94 167.576 -230.99 2485.16 130.75 -602.977 2442.86 0 0 0 94.4415 -927.446 2539.59
9674454 72.0241 273.726 2207.54 84.2225 101.52 2350.48 90.687 -69.933 2420.07 0 0 0 0 0 0 -44.9937 105.939 2373.38 -124.422 53.6444 2622.37 0 0 0 -94.9494 -203.953 2667.61 0 0 0 0 0 0 213.439 97.1001 2327.59 329.01 43.8813 2559.45 0 0 0 231.419 -143.505 2660.78 0 0 0 22.9605 -238.848 2502.8 20.3935 -608.273 2355.61 0 0 0 21.7981 -952.756 2299.62 171.343 -243.923 2476.51 142.108 -614.038 2428.64 0 0 0 94.5722 -929.147 2538.65
9710451 72.1564 262.934 2198.18 84.343 93.13 2337.45 86.4596 -84.4576 2407.49 0 0 0 0 0 0 -42.2147 105.289 2372.1 -124.255 52.0541 2617.73 0 0 0 -104.172 -209.652 2634.18 0 0 0 0 0 0 210.901 80.9709 2302.8 330.656 15.7738 2535.27 0 0 0 218.108 -195.929 2606.43 0 0 0 15.9691 -255.069 2497.42 20.2923 -604.745 2331.56 0 0 0 29.4858 -957.963 2263.57 161.183 -269.021 2457.66 144.954 -624.515 2432.75 0 0 0 88.191 -954.681 2549.76
9774333 70.2347 249.625 2167.08 85.4787 80.32 2323.49 85.9242 -94.8274 2394.81 0 0 0 0 0 0 -40.4085 95.4592 2361.46 -122.823 46.1228 2599.12 0 0 0 -110.543 -216.133 2634.93 0 0 0 0 0 0 211.366 65.1808 2285.52 327.546 -1.4157 2517.16 0 0 0 201.92 -218.294 2608.36 0 0 0 9.99335 -260.79 2489.16 15.7056 -610.254 2316.03 0 0 0 24.3356 -963.611 2254.31 162.746 -279.16 2443.09 148.827 -630.363 2416.11 0 0 0 92.8065 -918.351 2515.7
9810559 70.477 238.906 2151.31 87.1336 67.6309 2308.56 85.2612 -107.311 2373.3 0 0 0 0 0 0 -43.4398 78.2125 2333.38 -132.859 10.2851 2559.07 0 0 0 -113.386 -238.169 2576.67 0 0 0 0 0 0 217.707 57.0492 2283.74 326.712 -13.5021 2519.88 0 0 0 205.419 -207.267 2615.05 0 0 0 7.69017 -276.118 2452.43 18.8833 -627.653 2281.86 0 0 0 27.5329 -966.44 2251.13 159.088 -288.387 2423.65 150.61 -634.244 2395.38 0 0 0 91.6006 -929.376 2506.98
9874212 72.3976 231.987 2140.24 87.9334 56.157 2290.82 84.9964 -118.606 2356.22 0 0 0 0 0 0 -42.5025 65.6227 2310.25 -146.318 -35.1955 2534.77 0 0 0 -111.011 -262.206 2544.96 0 0 0 0 0 0 218.369 46.6914 2271.38 323.466 -6.57029 2498.95 0 0 0 206.545 -214.143 2607.24 0 0 0 6.05646 -287.854 2432.94 14.0305 -632.032 2245.23 0 0 0 25.9738 -965.176 2236.42 158.062 -298.884 2410.29 153.535 -641.452 2376.22 0 0 0 90.1307 -939.185 2517.15
9910667 70.6972 220.947 2120.02 76.7495 37.4792 2257.79 76.1401 -131.426 2334.24 0 0 0 0 0 0 -59.2149 48.0095 2279.97 -142.874 -26.7108 2513.27 0 0 0 -125.647 -269.108 2510.18 0 0 0 0 0 0 212.714 26.949 2235.61 315.477 -24.5202 2464 0 0 0 255.186 -265.666 2468.08 0 0 0 -1.77489 -294.343 2423.3 20.2004 -626.831 2216.93 0 0 0 49.807 -871.421 2144.12 152.836 -306.318 2398.07 148.885 -649.686 2356.4 0 0 0 90.0099 -942.984 2527.53
9974091 65.8642 206.431 2098.62 74.8649 25.9751 2240.75 75.6332 -137.576 2321.98 0 0 0 0 0 0 -58.2303 37.7878 2265.8 -155.182 -24.3989 2488.26 0 0 0 -131.892 -261.885 2483 0 0 0 0 0 0 207.96 14.1623 2215.71 316.438 -63.8106 2439.98 0 0 0 267.707 -281.834 2454.91 0 0 0 -1.00524 -294.257 2417.76 22.6785 -611.281 2168.16 0 0 0 50.2219 -877.07 2142.11 153.808 -307.998 2388.63 149.129 -653.771 2344.35 0 0 0 108.963 -912.068 2638.3
10010775 61.9036 196.67 2061.24 74.1496 20.4783 2208.02 76.168 -147.073 2279.22 0 0 0 0 0 0 -51.7827 39.9376 2257.39 -153.838 -20.7607 2489.95 0 0 0 -132.775 -265.799 2423.77 0 0 0 0 0 0 200.082 1.01904 2158.66 299.17 -74.2292 2380.49 0 0 0 261.397 -297.436 2373.04 0 0 0 -14.9622 -300.23 2386.93 5.82947 -607.866 2092.91 0 0 0 25.8461 -872.489 2072.44 171.335 -329.017 2313.9 160.5 -664.938 2326.84 0 0 0 120.563 -912.213 2661.11
10073970 58.9411 193.176 2036.98 69.1236 18.0679 2180.64 69.428 -147.636 2251.99 0 0 0 0 0 0 -55.2346 34.7377 2219.88 -163.501 -43.0598 2434.4 0 0 0 -151.754 -269.021 2380.21 0 0 0 0 0 0 193.482 1.39824 2141.4 308.873 -50.226 2359.95 0 0 0 262.303 -280.375 2336.24 0 0 0 -17.5658 -301.637 2350.89 13.7803 -615.184 2063.7 0 0 0 52.4285 -906.529 2313.38 157.031 -325.041 2295.79 154.655 -670.668 2286.99 0 0 0 109.875 -910.906 2644.45
10110882 51.9463 189.222 1997.92 64.7805 15.044 2147.27 62.3573 -149.587 2200.52 0 0 0 0 0 0 -65.6305 22.0979 2163.14 -188.802 -67.4546 2371.69 0 0 0 -169.64 -274.066 2272.64 0 0 0 0 0 0 195.192 7.99014 2131.39 326.279 -48.5481 2328.01 0 0 0 235.361 -267.374 2267.14 0 0 0 -28.7567 -309.421 2264.56 15.4466 -627.069 2058.38 0 0 0 50.7996 -909.634 2339.22 148.625 -319.015 2242.97 157.5 -675.211 2246.39 0 0 0 107.173 -873.571 2479.67
10173849 48.3211 187.603 1973.85 59.8622 11.5424 2115.26 57.1792 -150.128 2178.28 0 0 0 0 0 0 -74.0637 20.3878 2132.25 -224.388 -108.852 2295.83 0 0 0 -165.756 -273.894 2232.45 0 0 0 0 0 0 193.788 2.69705 2098.27 336.206 -63.1824 2277.29 0 0 0 230.907 -279.37 2219.51 0 0 0 -28.0897 -306.344 2251.78 13.6309 -614.425 2008.36 0 0 0 42.6975 -907.041 2341.15 137.082 -317.253 2230.83 148.886 -670.028 2223.97 0 0 0 102.879 -851.704 2502.15
10210990 40.2155 182.706 1927.1 48.4163 13.5623 2070.23 52.534 -148.415 2138.75 0 0 0 0 0 0 -82.4395 18.2579 2089.2 -232.544 -108.012 2263.57 0 0 0 -159.127 -293.09 2128.31 0 0 0 0 0 0 179.272 8.8667 2051.27 329.955 -91.023 2167.05 0 0 0 198.516 -285.697 2122.79 0 0 0 -22.8255 -307.54 2218.79 24.0353 -611.128 1968.37 0 0 0 50.656 -882.013 2317.69 136.129 -313.244 2195.75 136.224 -661.934 2204.47 0 0 0 101.245 -872.751 2506.67
10273728 36.3714 177.28 1909.59 42.145 10.0414 2044.95 48.207 -147.606 2118.91 0 0 0 0 0 0 -89.7918 13.8499 2063.89 -249.275 -144.072 2168.92 0 0 0 -165.626 -292.74 2077.4 0 0 0 0 0 0 174.082 6.23297 2026.02 330.418 -108.239 2148.16 0 0 0 198.196 -294.011 2072.19 0 0 0 -22.3071 -303.043 2203.86 19.1967 -614.723 1952.26 0 0 0 153.549 -827.183 2207.33 130.845 -307.463 2181.88 142.259 -676.486 2207.61 0 0 0 114.248 -858.834 2247.75
10311098 24.8603 174.545 1869.67 39.3096 -14.0165 1967.93 44.0861 -156.832 2071.73 0 0 0 0 0 0 -89.972 -16.0419 1971.09 -247.729 -174.602 2081.94 0 0 0 -134.73 -303.464 1984.32 0 0 0 0 0 0 168.591 -11.9912 1964.76 329.354 -123.683 2081.56 0 0 0 176.416 -309.243 1962.07 0 0 0 -29.2618 -300.871 2177.44 16.3411 -615.225 1924.85 0 0 0 149.073 -821.292 2195.03 126.987 -298.423 2173.62 155.388 -679.88 2194.7 0 0 0 111.579 -837.895 2250.2
10373607 16.6449 176.404 1853.37 37.7606 -13.5884 1950.68 34.1254 -155.28 2041.16 0 0 0 0 0 0 -87.5763 -9.70543 1951.72 -247.356 -169.723 2026.79 0 0 0 -137.952 -302.775 1923.53 0 0 0 0 0 0 163.097 -17.4714 1949.63 315.223 -147.253 2054.36 0 0 0 174.947 -309.789 1926.82 0 0 0 -49.3567 -294.498 2132.31 20.4846 -606.273 1924.51 0 0 0 48.8105 -781.17 2106.3 110.337 -299.445 2130.98 138.897 -683.694 2152.52 0 0 0 104.287 -840.16 2233.52
10411206 12.3352 176.389 1821.05 27.8825 -14.5442 1915.75 21.5819 -153.618 2009.37 0 0 0 0 0 0 -102.746 -6.70804 1918.6 -245.784 -207.959 1902.44 0 0 0 -107.156 -305.688 1804.59 0 0 0 0 0 0 158.511 -22.3803 1912.9 298.097 -178.27 1965.39 0 0 0 162.381 -312.809 1838.7 0 0 0 -68.7648 -287.65 2104.83 30.5805 -612.496 1917.95 0 0 0 51.4339 -779.869 2115.68 99.3272 -297.734 2101.16 130.605 -674.43 2131.88 0 0 0 88.8859 -858.811 2262.22
10473486 9.59213 175.284 1803.75 24.5101 -15.0548 1896.86 19.2259 -153.807 1986.92 0 0 0 0 0 0 -107.42 -8.93698 1898.54 -247.146 -206.071 1867.79 0 0 0 -108.271 -303.226 1741.4 0 0 0 0 0 0 156.44 -21.1727 1895.17 296.428 -174.602 1936.08 0 0 0 149.814 -309.459 1789.09 0 0 0 -64.8335 -288.907 2077.99 33.8856 -620.217 1913.27 0 0 0 51.9829 -780.267 2119.5 92.7167 -296.213 2075.98 135.001 -649.923 2107.32 0 0 0 96.2349 -892.547 2368.94
10511313 6.60957 175.915 1783.04 25.6221 -15.4318 1863.83 21.923 -154.852 1960.72 0 0 0 0 0 0 -99.6912 -14.0598 1861.02 -234.775 -201.917 1833.32 0 0 0 -56.5622 -297.67 1657.51 0 0 0 0 0 0 150.935 -16.8038 1866.64 282.025 -167.244 1814.69 0 0 0 136.342 -284.681 1662.42 0 0 0 -53.7503 -293.484 2055.99 14.0642 -641.673 1890.53 0 0 0 60.0781 -774.263 2130.17 90.1981 -295.06 2059.22 147.761 -656.958 2094.22 0 0 0 97.9118 -881.415 2413.06
10573365 3.79399 173.582 1762.63 14.9117 -20.1802 1848.54 13.7059 -154.927 1940.25 0 0 0 0 0 0 -116.917 -18.6425 1849.06 -227.194 -189.162 1816.17 0 0 0 -81.3916 -268.622 1599.3 0 0 0 0 0 0 146.74 -21.7178 1848.01 288.421 -188.845 1777.27 0 0 0 119.436 -283.586 1603.19 0 0 0 -55.3451 -288.883 2032.24 14.5756 -640.159 1835.37 0 0 0 67.5111 -743.355 2133.14 80.3456 -290.466 2031.7 152.063 -664.354 2094.9 0 0 0 127.052 -858.067 2453.99
10611421 1.56373 172.415 1748.22 15.1306 -16.679 1830.11 15.7846 -150.133 1880.86 0 0 0 0 0 0 -102.594 0.153656 1875.89 -214.844 -157.053 1802.37 0 0 0 -94.8418 -206.373 1539.72 0 0 0 0 0 0 132.855 -33.5117 1784.33 276.715 -200.262 1687.63 0 0 0 121.039 -259.292 1467.32 0 0 0 -96.1337 -267.491 1975.39 -28.397 -609.381 1803.95 0 0 0 15.4688 -715.382 2097.99 129.011 -299.683 1887.83 166.192 -623.148 2149.85 0 0 0 144.963 -878.508 2446.8
10673244 -0.179981 174.628 1725.97 14.7892 -12.3192 1807 17.1135 -154.129 1868.35 0 0 0 0 0 0 -107.947 -0.854599 1838.15 -217.167 -159.091 1734.56 0 0 0 -96.4049 -190.06 1480.02 0 0 0 0 0 0 137.526 -23.7838 1775.85 278.328 -182.519 1653.31 0 0 0 120.487 -231.743 1439.97 0 0 0 -73.0992 -287.295 1953.19 -11.0846 -615.92 1817.75 0 0 0 34.6827 -732.187 2116.63 111.975 -304.583 1906.22 153.495 -622.574 2134.3 0 0 0 121.302 -879.37 2414.78
10711529 -1.68372 182.496 1708.34 10.1262 3.25781 1765.91 10.0126 -137.174 1852.22 0 0 0 0 0 0 -114.828 10.8292 1778.07 -197.386 -109.519 1580.63 0 0 0 -68.0221 -150.263 1377.18 0 0 0 0 0 0 135.08 -4.3136 1753.76 272.551 -163.374 1619.48 0 0 0 105.292 -182.015 1388.86 0 0 0 -68.8317 -272.836 1946.18 0.402596 -606.08 1831.83 0 0 0 41.8098 -720.815 2126.22 88.6297 -282.377 1930.86 148.822 -628.746 2113.8 0 0 0 108.973 -897.038 2389.83
10778267 -3.29084 188.754 1697.52 6.47343 18.0655 1738.05 11.2379 -121.7 1850.03 0 0 0 0 0 0 -121.633 14.6667 1739.26 -199.867 -110.191 1538.45 0 0 0 -81.5585 -99.7538 1298.36 0 0 0 0 0 0 134.58 21.4643 1736.84 257.89 -138.001 1603.66 0 0 0 115.936 -124.998 1352.76 0 0 0 -66.1544 -263.646 1962.79 4.85961 -596.415 1844.98 0 0 0 45.4016 -725.326 2191.06 98.1591 -259.286 1961.24 141.088 -620.592 2109.96 0 0 0 68.103 -845.153 2276.42
10811637 -7.18235 196.348 1689.72 3.63513 27.6485 1721.2 12.3432 -107.762 1842.36 0 0 0 0 0 0 -126.069 18.5644 1720.37 -200.451 -117.351 1531.74 0 0 0 -84.537 -80.9876 1268.94 0 0 0 0 0 0 133.339 36.7327 1722.03 248.822 -118.428 1592.18 0 0 0 115.551 -91.5789 1330.03 0 0 0 -50.7711 -248.203 1963.05 9.38362 -601.635 1861.49 0 0 0 70.8977 -730.6 2232.18 92.8735 -238.142 1963.97 131.886 -600.048 2067.83 0 0 0 68.8175 -827.927 2258.38
10873002 -6.74533 201.261 1684.58 5.81707 37.6013 1710.6 12.9414 -88.88 1838.88 0 0 0 0 0 0 -121.423 22.7229 1703 -199.267 -123.032 1518.26 0 0 0 -84.8201 -70.3134 1237.22 0 0 0 0 0 0 133.057 52.4798 1718.21 245.532 -103.11 1597.26 0 0 0 106.579 -56.7453 1316.07 0 0 0 -52.4744 -223.844 1962.82 2.08102 -589.238 1870.73 0 0 0 114.803 -714.892 2214.83 92.6058 -206.879 1971.49 134.224 -597.22 2048.13 0 0 0 80.897 -799.909 2252.59
10911744 -6.47038 209.104 1678.83 8.64422 48.3008 1703.13 14.4558 -79.4934 1832.75 0 0 0 0 0 0 -114.949 36.0576 1696.6 -145.364 -48.5551 1466.08 0 0 0 -88.4121 -32.191 1190.72 0 0 0 0 0 0 132.238 60.544 1709.65 232.832 -45.027 1544.34 0 0 0 131.804 -17.4797 1263.5 0 0 0 -49.4548 -214.194 1958.69 2.41409 -593.483 1877.76 0 0 0 34.4169 -711.926 2073.32 89.9898 -200.381 1966.06 131.809 -584.992 2040.36 0 0 0 84.6662 -798.722 2268.84
10978483 -4.54575 223.955 1663.96 13.0278 71.1315 1677.37 12.456 -62.9425 1811.1 0 0 0 0 0 0 -111.33 66.4066 1672.1 -146.693 13.521 1433.03 0 0 0 -95.6044 -46.9203 1197.34 0 0 0 0 0 0 137.386 75.8565 1682.64 205.862 -36.7336 1514.36 0 0 0 150.092 -6.65392 1140.76 0 0 0 -54.3606 -199.533 1942.01 3.5994 -592.627 1872.69 0 0 0 37.4124 -713.479 2066.69 78.129 -194.499 1947.63 126.191 -576.005 2046.96 0 0 0 87.7713 -804.418 2285.15
11039467 -3.81866 234.162 1647.69 16.5684 79.9491 1660.62 10.9805 -53.6338 1799.13 0 0 0 0 0 0 -101.386 79.9377 1655.85 -142.778 10.8381 1401.13 0 0 0 -183.157 50.9976 1062.78 0 0 0 0 0 0 134.523 79.9604 1665.39 191.885 -28.2072 1483.31 0 0 0 208.226 30.3694 1146.76 0 0 0 -60.5185 -187.223 1934.97 13.6728 -564.969 1851.86 0 0 0 37.0514 -762.705 2033.18 71.3037 -187.21 1940.3 119.533 -567.945 2056.33 0 0 0 82.3187 -820.082 2328.8
11078591 -3.42767 241.82 1641.19 15.9415 81.6669 1646.48 11.7873 -43.7157 1783.12 0 0 0 0 0 0 -100.323 82.4788 1643.69 -144.352 15.5605 1387.77 0 0 0 -211.064 80.7322 1055.33 0 0 0 0 0 0 132.206 80.855 1649.27 198.66 -7.31121 1438.85 0 0 0 253.016 66.7742 1112.61 0 0 0 -67.0718 -168.577 1917.97 9.12095 -547.9 1832.24 0 0 0 30.8539 -776.379 1982.59 82.338 -169.62 1921.55 117.605 -564.622 2072.21 0 0 0 94.9944 -837.503 2337.45
11139346 -4.22993 251.361 1633.49 15.1671 83.8515 1644.38 7.61056 -34.2458 1780.2 0 0 0 0 0 0 -98.7341 85.3836 1639.38 -157.573 29.4085 1374.04 0 0 0 -219.965 92.0404 1054.26 0 0 0 0 0 0 129.068 82.3194 1649.39 207.264 4.90923 1429.08 0 0 0 261.637 85.4229 1120.8 0 0 0 -67.5146 -151.434 1913.04 5.37271 -517.36 1823.74 0 0 0 26.6292 -774.105 1965.22 67.6227 -153.252 1918.98 118.899 -532.968 2065.87 0 0 0 92.4418 -827.633 2323.87
11178698 -4.23861 259.06 1629.91 14.12 85.8509 1643.52 6.51187 -30.6086 1779.41 0 0 0 0 0 0 -99.7175 89.4066 1640.19 -160.899 35.0203 1374.31 0 0 0 -236.391 104.688 1059.21 0 0 0 0 0 0 127.958 82.2952 1646.84 213.613 12.3414 1418.42 0 0 0 281.309 110.391 1112.64 0 0 0 -68.1862 -144.973 1913.34 3.07972 -516.733 1826.62 0 0 0 26.932 -775.928 1956.92 65.9936 -149.164 1917.26 110.656 -524.357 2064.06 0 0 0 89.1418 -823.572 2322.46
11239225 -4.79736 272.001 1623.28 16.5388 98.2167 1647.86 7.4721 -25.5134 1781.15 0 0 0 0 0 0 -93.9875 110.635 1651.87 -163.459 34.8522 1375.21 0 0 0 -239.741 109.043 1052.57 0 0 0 0 0 0 127.065 85.7987 1643.85 234.03 37.9924 1390.57 0 0 0 287.843 124.024 1108.23 0 0 0 -68.9524 -141.676 1916.88 1.93554 -510.98 1830.05 0 0 0 25.1671 -762.381 1950.89 65.7632 -156.811 1911.99 107.955 -508.872 2100.2 0 0 0 90.0488 -837.278 2321.07
11278806 -4.86912 279.731 1620.53 15.0185 95.9146 1642.35 8.90319 -18.9577 1779.53 0 0 0 0 0 0 -96.0136 101.23 1641.85 -169.105 34.7625 1376 0 0 0 -248.622 111.13 1045.9 0 0 0 0 0 0 126.051 90.599 1642.85 232.954 41.4157 1388.68 0 0 0 286.81 135.298 1115.41 0 0 0 -71.3436 -130.281 1916.39 1.14016 -510.512 1834.69 0 0 0 24.5374 -767.157 1952.68 76.9194 -137.379 1917.05 99.4515 -507.866 2092.39 0 0 0 88.0378 -839.12 2322.53
11339104 -4.0453 279.725 1619.8 14.354 98.9541 1633.64 8.77567 -17.7158 1774.2 0 0 0 0 0 0 -96.1213 101.785 1631.61 -173.889 35.3882 1375.66 0 0 0 -250.158 110.284 1053.53 0 0 0 0 0 0 124.829 96.1233 1635.68 228.015 50.5703 1370.2 0 0 0 288.276 142.428 1109.71 0 0 0 -69.121 -132.533 1913.43 -1.3746 -511.644 1844.46 0 0 0 12.0299 -799.686 1954.73 75.5157 -136.239 1916.1 95.5791 -500.404 2086.62 0 0 0 86.1821 -837.997 2325.97
11378914 -4.62327 281.982 1617.16 12.8114 108.788 1628.92 7.48413 -12.5728 1771.33 0 0 0 0 0 0 -97.1575 111.936 1627.49 -175.891 34.8961 1380.26 0 0 0 -254.179 112.921 1054.05 0 0 0 0 0 0 122.78 105.64 1630.36 225.572 59.0879 1361.04 0 0 0 297.849 155.756 1096.19 0 0 0 -69.9748 -131.868 1912.8 -21.3403 -502.81 1850.53 0 0 0 15.252 -791.689 1956.29 74.2886 -135.998 1914.68 100.168 -487.663 2084.37 0 0 0 88.2387 -828.673 2367.63
11412283 -5.08788 283.422 1614.73 12.8704 108.866 1632.53 5.85424 -25.105 1768.63 0 0 0 0 0 0 -95.6818 123.829 1641.66 -177.464 50.3915 1386.53 0 0 0 -251.885 127.319 1063.1 0 0 0 0 0 0 121.423 93.9029 1623.4 222.009 53.5091 1346.48 0 0 0 298.976 147.002 1084.97 0 0 0 -71.4182 -149.392 1910.63 -17.1835 -522.723 1849.42 0 0 0 8.83525 -823.316 1963.21 69.0943 -168.76 1898.81 97.8443 -475.881 2086.3 0 0 0 81.6507 -829.311 2371.12
11472276 -6.5884 287.186 1613.89 11.7518 110.828 1631.16 3.75207 -17.874 1766.85 0 0 0 0 0 0 -98.7844 121.832 1635.08 -185.636 48.4389 1376.48 0 0 0 -257.972 129.329 1060.09 0 0 0 0 0 0 122.288 99.824 1627.24 224.093 61.16 1343.83 0 0 0 300.842 157.679 1088.3 0 0 0 -72.5696 -139.775 1904.97 -26.6282 -514.952 1855.73 0 0 0 9.26077 -819.706 1966.46 64.0742 -153.377 1900.13 97.2145 -483.838 2080.57 0 0 0 78.8795 -826.924 2363.05
11538862 -7.64394 288.36 1614.13 4.00852 118.472 1614.93 0.441123 -18.2706 1747.95 0 0 0 0 0 0 -100.83 137.05 1631.22 -185.852 61.946 1377.04 0 0 0 -250.99 143.056 1064.62 0 0 0 0 0 0 108.847 99.8947 1598.65 226.22 50.5512 1337.1 0 0 0 299.893 150.213 1090.9 0 0 0 -76.4408 -142.022 1892.36 -36.3845 -519.323 1855.32 0 0 0 5.04153 -830.617 1965.85 70.1883 -168.005 1869.59 100.589 -473.528 2087.5 0 0 0 91.0073 -792.693 2370.55
11579129 -9.43698 292.39 1615.17 4.92047 117.634 1616.89 1.86855 -10.8706 1748.21 0 0 0 0 0 0 -102.398 130.247 1626.74 -188.029 57.3827 1375.41 0 0 0 -261.331 139.655 1067.75 0 0 0 0 0 0 112.239 105.022 1607.04 228.754 56.9691 1337.17 0 0 0 291.419 156.817 1106.59 0 0 0 -77.9423 -130.354 1886.57 -41.6498 -514.041 1859.73 0 0 0 21.0194 -844.262 1965.21 75.5755 -148.396 1872.48 102.127 -481.062 2093.62 0 0 0 101.93 -823.213 2365.11
11638741 -11.6091 294.938 1617.71 4.38736 119.234 1616.9 2.63444 -9.44385 1749.39 0 0 0 0 0 0 -102.59 129.655 1625.6 -187.815 55.4362 1377.26 0 0 0 -263.056 137.576 1071.3 0 0 0 0 0 0 111.365 108.813 1608.19 227.54 62.999 1334.5 0 0 0 290.671 162.403 1107.79 0 0 0 -78.3076 -130.407 1888.33 -43.6741 -517.616 1864.42 0 0 0 21.1753 -843.596 1968.31 80.0707 -145.835 1875.44 101.306 -481.63 2096.51 0 0 0 96.4687 -823.972 2374.62
11679237 -12.8428 295.901 1620.88 4.21487 118.075 1618.41 -2.90349 -4.99625 1747.53 0 0 0 0 0 0 -103.137 129.596 1623.47 -187.193 57.7429 1371.29 0 0 0 -264.591 144.273 1072.6 0 0 0 0 0 0 111.566 106.555 1613.34 228.47 64.1625 1341.57 0 0 0 286.103 163.992 1118.7 0 0 0 -80.2061 -120.536 1879.95 -43.3825 -518.095 1868.66 0 0 0 13.1991 -829.849 1968.72 60.1624 -135.599 1873.33 103.794 -486.732 2105.17 0 0 0 95.3345 -834.259 2385.63
11738620 -17.5202 301.561 1633.61 -0.729023 125.779 1625.6 -4.9634 0.287499 1757.58 0 0 0 0 0 0 -113.133 135.756 1631.48 -183.926 56.7302 1369.42 0 0 0 -271.345 143.062 1064.98 0 0 0 0 0 0 111.675 115.802 1619.72 229.441 72.8097 1349.67 0 0 0 288.14 173.227 1125.49 0 0 0 -77.3859 -119.152 1893.13 -40.8242 -513.287 1877.38 0 0 0 11.8506 -835.355 1994.26 58.9903 -131.256 1885.99 101.497 -488.944 2093.4 0 0 0 90.0984 -837.122 2375.75
11805206 -16.6844 300.287 1632.21 0.553987 131.536 1631.34 -4.30704 1.5341 1759.39 0 0 0 0 0 0 -110.078 136.685 1632.37 -184.558 61.3538 1376.41 0 0 0 -264.007 143.212 1082.55 0 0 0 0 0 0 111.186 126.386 1630.31 227.152 72.3868 1348.87 0 0 0 286.061 173.045 1122.34 0 0 0 -78.5914 -125.236 1888.09 -39.3761 -518.044 1870.03 0 0 0 11.6911 -841.849 1989.35 60.2553 -131.699 1886.8 102.335 -480.01 2100.38 0 0 0 89.4725 -832.33 2383.36
11846083 -19.1606 302.171 1636.62 0.694071 126.961 1627.97 -5.7818 1.3597 1760.34 0 0 0 0 0 0 -108.815 131.294 1626.72 -187.034 59.0061 1371.72 0 0 0 -262.529 147.69 1079.94 0 0 0 0 0 0 110.203 122.629 1629.21 228.901 83.2431 1373.05 0 0 0 284.08 176.035 1132.01 0 0 0 -78.6666 -121.614 1891.96 -40.5705 -515.6 1876.02 0 0 0 10.742 -842.745 1992.67 54.1512 -126.869 1893.47 104.198 -480.256 2098.69 0 0 0 89.1217 -834.984 2382.65
11905085 -20.0385 303.885 1639.24 1.77422 125.125 1626.21 -6.07838 -3.94779 1759.01 0 0 0 0 0 0 -107.016 134.892 1629.27 -188.389 63.7609 1375.27 0 0 0 -263.37 147.09 1081.89 0 0 0 0 0 0 110.564 115.357 1623.15 228.532 76.6155 1366.75 0 0 0 282.75 170.785 1130.19 0 0 0 -80.8877 -127.009 1893.7 -38.7335 -522.518 1874.12 0 0 0 11.33 -849.872 1991.58 53.0257 -139.032 1889.93 105.201 -471.009 2102.23 0 0 0 88.7981 -828.987 2392.01
11938378 -22.3667 305.806 1645.62 1.75901 128.932 1630.3 -14.8492 0.54598 1766.52 0 0 0 0 0 0 -106.335 140.71 1628.22 -192.218 71.142 1373.55 0 0 0 -256.697 160.986 1082.8 0 0 0 0 0 0 109.853 117.155 1632.38 227.725 73.6958 1377.77 0 0 0 278.601 165.654 1137.68 0 0 0 -83.1185 -122.212 1901.74 -38.5051 -522.296 1869.78 0 0 0 9.82285 -850.578 1986.5 20.2037 -133.469 1903.73 109.634 -466.573 2113.73 0 0 0 90.9174 -828.74 2403.34
11979560 -25.092 307.923 1652.25 0.179273 131.078 1634.58 -14.2658 2.44101 1769.28 0 0 0 0 0 0 -107.059 137.722 1629.43 -193.775 69.0463 1375.61 0 0 0 -257.634 156.472 1096.24 0 0 0 0 0 0 107.418 124.434 1639.74 217.269 76.7583 1395.35 0 0 0 276.007 169.547 1138.89 0 0 0 -81.977 -122.896 1901.42 -37.7046 -522.31 1875.3 0 0 0 9.17283 -847.268 1988.37 24.5551 -129.497 1906.54 111.804 -463.724 2117.08 0 0 0 89.9117 -829.055 2404.86
12046299 -26.5484 308.764 1654.67 -1.58299 135.899 1634.6 -13.2571 3.69939 1770.89 0 0 0 0 0 0 -110.655 136.548 1625.89 -196.705 63.6886 1395.22 0 0 0 -261.884 149.062 1116.73 0 0 0 0 0 0 107.489 135.25 1643.31 214.371 83.3738 1384.95 0 0 0 274.928 175.463 1123.47 0 0 0 -82.6287 -128.157 1902.57 -38.3764 -531.854 1870.96 0 0 0 7.48639 -852.715 1982.22 32.7664 -128.844 1911.79 111.358 -457.192 2122.31 0 0 0 78.4636 -715.623 2355.73
12104843 -28.1498 310.655 1659.31 -0.842941 132.933 1651.55 -7.89419 1.72 1789.82 0 0 0 0 0 0 -110.065 128.861 1642.12 -200.504 56.5861 1400.5 0 0 0 -257.89 143.509 1124.92 0 0 0 0 0 0 108.379 137.005 1660.99 212.237 91.2644 1390.21 0 0 0 272.993 184.941 1123.32 0 0 0 -80.1565 -131.924 1922.47 -34.5392 -536.457 1885.74 0 0 0 10.866 -858.152 1994.57 50.2656 -127.062 1933.73 107.911 -451.238 2114.11 0 0 0 83.2546 -742.06 2343.19
12146407 -30.9503 313.266 1669.42 -2.4923 131.729 1673.4 -5.80332 -0.448451 1806.08 0 0 0 0 0 0 -109.119 131.167 1670.18 -199.605 64.7591 1398.17 0 0 0 -256.526 147.48 1120.22 0 0 0 0 0 0 104.134 132.291 1676.62 212.466 88.6859 1400.33 0 0 0 268.579 183.095 1140.54 0 0 0 -80.3081 -133.001 1936.62 -33.9229 -537.684 1898.38 0 0 0 8.12938 -867.124 2007.72 62.0794 -132.251 1940.92 106.931 -467.556 2121.75 0 0 0 86.3735 -770.421 2361.7
12204722 -30.847 314.67 1675.82 -3.9477 127.517 1688.48 -1.19755 -13.731 1820.02 0 0 0 0 0 0 -111.63 130.857 1694.31 -200.605 71.7635 1410.34 0 0 0 -259.775 150.895 1127.45 0 0 0 0 0 0 103.734 124.177 1682.64 204.091 92.9399 1428.37 0 0 0 263.225 177.646 1148.89 0 0 0 -81.1553 -152.414 1956.04 -37.4131 -559.61 1916.06 0 0 0 3.92438 -891.79 2020.09 84.2605 -157.545 1947.07 114.681 -464.812 2127.98 0 0 0 90.6289 -772.07 2366.12
12246514 -27.7174 313.802 1690.29 -5.73417 130.18 1690.27 -1.73714 -11.2847 1822.37 0 0 0 0 0 0 -115.942 133.544 1697.2 -201.059 73.7161 1412.02 0 0 0 -253.118 154.341 1141.79 0 0 0 0 0 0 104.473 126.816 1683.33 205.796 91.6359 1430.1 0 0 0 256.957 181.866 1162.29 0 0 0 -80.6629 -150.218 1959.69 -35.6143 -559.029 1923.25 0 0 0 3.38735 -894.07 2024.95 85.1827 -155.281 1949.25 115.792 -470.498 2135.06 0 0 0 92.7819 -782.478 2372.13
12304601 -26.627 312.119 1698.38 -4.01029 130.339 1688.79 -1.74367 -9.38261 1821.92 0 0 0 0 0 0 -115.49 132.885 1693.36 -202.64 74.0622 1410.17 0 0 0 -258.659 158.651 1137.94 0 0 0 0 0 0 107.469 127.793 1684.22 205.969 92.0588 1426.14 0 0 0 259.921 187.298 1154.95 0 0 0 -79.395 -147.279 1958.33 -31.3253 -554.952 1922.06 0 0 0 3.90593 -890.86 2024.47 80.4409 -150.929 1951.77 115.048 -475.378 2139.28 0 0 0 94.5365 -821.853 2396.26
12346622 -26.2329 312.098 1704.45 -7.55992 124.317 1703.02 -3.33826 -15.9599 1830.55 0 0 0 0 0 0 -124.277 125.639 1708.33 -209.337 86.7288 1403.27 0 0 0 -262.492 160.902 1129.97 0 0 0 0 0 0 109.158 122.995 1697.7 209.749 84.6703 1437.8 0 0 0 257.662 183.771 1179.57 0 0 0 -72.2515 -155.408 1961.41 -25.9698 -552.324 1930.47 0 0 0 4.54475 -885.078 2028.36 74.0183 -157.065 1954.75 115.975 -491.007 2144.82 0 0 0 91.7009 -824.658 2392.37
12413361 -24.678 311.307 1715.44 1.27803 127.111 1709.61 0.231142 -12.4757 1840.48 0 0 0 0 0 0 -110.423 130.245 1712.06 -195.591 86.993 1425.53 0 0 0 -254.774 168.311 1134.5 0 0 0 0 0 0 112.979 123.976 1707.16 224.222 93.6682 1444.18 0 0 0 257.918 192.276 1199.77 0 0 0 -72.5596 -150.049 1972.92 -24.7847 -549.309 1940.61 0 0 0 4.09611 -881.431 2036.56 70.9281 -154.075 1969.77 117.579 -498.981 2144.27 0 0 0 93.0033 -842.288 2396.74
12471066 -23.7921 312.911 1721.98 5.41285 130.73 1707.48 2.49457 -4.50256 1841.67 0 0 0 0 0 0 -106.25 131.885 1706.21 -189.327 83.5575 1433.05 0 0 0 -260.55 164.052 1136.18 0 0 0 0 0 0 117.076 129.575 1708.74 222.335 94.4347 1452.23 0 0 0 260.45 194.672 1211.85 0 0 0 -72.6594 -138.988 1975.04 -21.4441 -543.702 1950.71 0 0 0 4.58799 -870.699 2042.45 71.812 -140.482 1976.68 118.378 -507.564 2144.48 0 0 0 93.2776 -858.213 2403.67
12513468 -20.9472 315.38 1735.73 4.36801 138.363 1724.5 1.67658 3.03129 1857.56 0 0 0 0 0 0 -111.432 148.832 1732.81 -201.345 92.6689 1450.68 0 0 0 -256.693 175.34 1146.57 0 0 0 0 0 0 120.168 127.893 1716.2 225.241 93.3848 1459.4 0 0 0 260.411 198.387 1230.48 0 0 0 -75.6576 -125.551 1995.96 -22.5482 -527.42 1940.2 0 0 0 5.34691 -860.698 2052.31 73.6279 -139.049 1985.26 118.608 -516.224 2148.73 0 0 0 93.019 -868.381 2409.94
12570945 -20.4625 314.429 1754.83 5.15223 137.284 1722.44 1.3516 0.106684 1858.47 0 0 0 0 0 0 -108.043 152.619 1734.75 -197.935 98.4069 1465.08 0 0 0 -248.004 179.98 1175.64 0 0 0 0 0 0 118.348 121.949 1710.14 233.409 93.6869 1485.08 0 0 0 258.288 189.708 1233.51 0 0 0 -78.3079 -126.794 2002.73 -12.6658 -515.945 1925.41 0 0 0 9.00041 -866.877 2046.27 73.4099 -147.347 1986.24 117.665 -507.961 2156.03 0 0 0 90.8176 -853.651 2413.49
12613576 -22.6303 315.258 1766.6 4.28519 137.782 1721.57 0.0189418 2.11638 1861.15 0 0 0 0 0 0 -109.575 150.073 1730.04 -198.919 96.1899 1465.81 0 0 0 -249.239 186.289 1183.88 0 0 0 0 0 0 118.146 125.49 1713.11 233.814 97.4391 1499.01 0 0 0 254.049 193.801 1260.48 0 0 0 -80.8944 -125.275 2006.42 -16.5999 -516.535 1928.4 0 0 0 7.65985 -861.337 2044.55 72.3998 -141.823 1995.02 120.7 -511.478 2160.49 0 0 0 92.4316 -856.78 2414.18
12670824 -23.942 315.611 1782.21 0.78097 144.98 1733.19 -1.90812 6.93516 1869.76 0 0 0 0 0 0 -109.471 150.188 1736.28 -194.928 92.4386 1469.36 0 0 0 -245.773 187.927 1197.29 0 0 0 0 0 0 111.033 139.773 1730.1 226.632 103.273 1496.15 0 0 0 248.23 199.36 1266.01 0 0 0 -79.7874 -127.559 2008.44 -17.271 -518.876 1930.51 0 0 0 6.41164 -861.134 2043.01 70.593 -134.662 2004.22 122.895 -508.229 2163.01 0 0 0 93.7614 -864.142 2423.09
12713684 -23.2408 317.014 1796.14 2.45588 144.876 1784.96 -1.34701 8.69382 1899.89 0 0 0 0 0 0 -107.963 133.914 1768.32 -192.063 77.9357 1503.26 0 0 0 -240.094 172.699 1239.15 0 0 0 0 0 0 112.874 155.839 1801.6 224.351 120.768 1512.49 0 0 0 240.533 213.386 1250.33 0 0 0 -78.1333 -134.735 2003.81 -14.8411 -528.751 1924.88 0 0 0 5.55901 -870.099 2036.02 67.8335 -120.243 2025.82 122.45 -498.425 2172.13 0 0 0 93.3428 -861.049 2433.76
12770703 -20.3228 318.515 1808.36 -6.36996 153.654 1805.45 -3.04152 10.8725 1919.22 0 0 0 0 0 0 -122.158 144.035 1796.76 -189.382 74.1513 1499.84 0 0 0 -233.287 165.328 1231.69 0 0 0 0 0 0 109.418 163.273 1814.13 218.868 121.203 1544.47 0 0 0 230.118 214.089 1272.5 0 0 0 -75.6142 -138.215 2027.29 -12.3607 -536.839 1945.97 0 0 0 5.77452 -875.477 2053 76.188 -125.603 2038.68 124.752 -492.793 2153.44 0 0 0 92.9311 -857.308 2415.26
12837289 -16.2429 324.605 1824.6 -0.693472 149.955 1818.52 0.874592 8.08804 1935.74 0 0 0 0 0 0 -106.9 138.291 1805.83 -186.929 90.9854 1530.19 0 0 0 -226.242 149.1 1250.83 0 0 0 0 0 0 105.513 161.618 1831.22 212.752 113.556 1577.7 0 0 0 213.214 179.001 1300.25 0 0 0 -74.8443 -142.266 2043.72 -13.3987 -540.943 1960.13 0 0 0 1.95969 -877.784 2062.38 79.7296 -125.291 2062.19 127.92 -493.675 2143.23 0 0 0 95.6838 -857.152 2408.26
12880530 -12.9799 332.171 1861.19 3.26301 151.612 1840.99 3.72894 5.55288 1950.41 0 0 0 0 0 0 -102.813 136.417 1821.16 -187.032 79.0227 1561.8 0 0 0 -207.795 125.159 1298.64 0 0 0 0 0 0 109.339 166.808 1860.83 213.358 98.0081 1614.6 0 0 0 213.14 135.756 1340.5 0 0 0 -69.2497 -151.028 2046.09 -7.97298 -545.955 1958.88 0 0 0 1.84371 -874.389 2051.86 77.6395 -129.986 2073.56 136.01 -510.353 2163.52 0 0 0 95.3224 -860.189 2417.86
12937168 -8.85857 333.956 1881.65 -3.12352 156.425 1866.23 0.12472 -2.4439 1965.31 0 0 0 0 0 0 -117.957 144.928 1851.56 -184.295 72.7536 1581.23 0 0 0 -207.846 104.564 1320.55 0 0 0 0 0 0 111.71 167.921 1880.9 225.548 78.8539 1644.55 0 0 0 211.001 104.562 1362.49 0 0 0 -63.1235 -167.97 2055.88 -7.49746 -546.091 1955.59 0 0 0 2.63208 -876.237 2047.19 69.8694 -154.655 2072.87 138.469 -524.918 2179.04 0 0 0 96.1892 -864.18 2426.07
12980638 -2.67246 344.569 1927.08 11.2393 153.438 1910.93 12.5153 -12.3316 2000.67 0 0 0 0 0 0 -104.225 146.09 1899 -162.959 35.6809 1676.05 0 0 0 -200.123 51.6791 1367.93 0 0 0 0 0 0 126.704 160.786 1922.86 231.717 62.2773 1681.38 0 0 0 221.97 33.4051 1431.9 0 0 0 -52.3954 -182.313 2083.58 -2.47076 -554.338 1966.9 0 0 0 -0.238414 -878.102 2045.24 79.9782 -173.889 2097.26 145.371 -547.984 2188.05 0 0 0 99.8873 -872.149 2427.91
13037047 0.682444 345.855 1950.6 18.6941 156.458 1930.64 19.7847 -15.2065 2014.3 0 0 0 0 0 0 -99.2784 150.723 1920.41 -167.016 25.5393 1693.12 0 0 0 -196.946 12.8937 1411.04 0 0 0 0 0 0 136.667 162.193 1940.87 233.023 48.6902 1705.84 0 0 0 225.878 -10.4965 1476.02 0 0 0 -48.1344 -190.226 2091.97 0.0655594 -565.812 1979.65 0 0 0 1.51907 -883.997 2058.37 89.885 -183.516 2103.94 150.939 -564.373 2194.13 0 0 0 103.919 -882.432 2429.49
13080746 13.5439 347.004 1984.42 22.1809 150.062 1952.04 24.751 -21.3602 2028.74 0 0 0 0 0 0 -97.6058 145.866 1946.67 -166.5 6.59351 1725.33 0 0 0 -186.798 -60.6552 1476.88 0 0 0 0 0 0 141.968 154.259 1957.4 242.144 -15.5916 1822.62 0 0 0 240.222 -106.907 1565.88 0 0 0 -43.3446 -195.258 2102.27 2.83161 -567.43 1983.28 0 0 0 0.118208 -880.967 2061.55 97.9866 -190.307 2108.6 152.082 -573.851 2210.89 0 0 0 102.807 -885.45 2430.06
13136926 15.4376 347.249 2005.03 25.9249 148.882 1990.03 29.7363 -25.0212 2050.87 0 0 0 0 0 0 -95.8436 141.816 1977.46 -152.345 -7.35547 1765.41 0 0 0 -186.568 -110.373 1522.4 0 0 0 0 0 0 147.693 155.947 2002.59 245.539 -25.2874 1844.63 0 0 0 250.201 -151.226 1596.38 0 0 0 -39.8298 -203.182 2104.15 8.72663 -578.133 1984.38 0 0 0 2.13067 -885.951 2059.51 106.925 -194.666 2119.29 152.494 -578.151 2225.61 0 0 0 99.7233 -895.758 2448.37
13180853 33.8006 337.912 2109.22 29.7824 146.967 2032.96 36.415 -25.0734 2083.59 0 0 0 0 0 0 -92.4026 142.433 2033.56 -136.979 -26.0923 1868.4 0 0 0 -167.592 -175.513 1612.68 0 0 0 0 0 0 151.967 151.502 2032.36 235.889 -61.38 1939.95 0 0 0 262.271 -194.899 1708.37 0 0 0 -30.6219 -199.848 2134.58 20.835 -581.388 2013.14 0 0 0 3.48695 -894.731 2058.72 116.717 -194.381 2133.86 152.749 -576.655 2231.57 0 0 0 91.2805 -884.617 2478.16
13236805 33.1224 340.15 2116.53 34.1972 140.965 2062.66 41.6967 -33.7259 2105.76 0 0 0 0 0 0 -89.743 136.688 2066.88 -134.126 -47.2424 1894.18 0 0 0 -156.004 -216.042 1657.72 0 0 0 0 0 0 158.137 145.243 2058.43 241.595 -66.2246 1954.93 0 0 0 260.505 -233.72 1750.65 0 0 0 -26.1227 -211.017 2151.44 20.6149 -581.949 2022.41 0 0 0 2.75914 -894.208 2054.11 124.515 -205.818 2146.3 154.815 -585.14 2239.65 0 0 0 93.0108 -894.752 2478.05
13270098 35.9318 342.352 2129.69 40.5464 131.354 2086.9 47.5206 -44.4854 2123.44 0 0 0 0 0 0 -83.7216 126.968 2089.51 -131.01 -72.4185 1929.96 0 0 0 -140.327 -242.018 1704.64 0 0 0 0 0 0 164.814 135.74 2084.29 243.291 -71.9067 1970.88 0 0 0 262.851 -270.156 1809.95 0 0 0 -21.1318 -222.994 2161.57 11.7203 -605.986 2043.04 0 0 0 3.40984 -899.358 2052.78 130.121 -217.655 2158.39 155.143 -594.697 2245.32 0 0 0 93.9 -897.156 2475.02
13314330 36.051 339.622 2165.78 55.0511 113.754 2125.05 57.7385 -59.4015 2152.04 0 0 0 0 0 0 -71.13 111.836 2125.3 -118.437 -95.3687 1972.25 0 0 0 -135.298 -304.269 1802.25 0 0 0 0 0 0 181.232 115.673 2124.79 254.419 -130.995 2075.25 0 0 0 268.288 -314.242 1928.44 0 0 0 -14.7565 -233.701 2179.18 9.83563 -617.518 2068.05 0 0 0 5.49899 -911.38 2067.21 135.608 -231.415 2178.87 150.839 -609.108 2248.55 0 0 0 95.4847 -889.834 2470.88
13369977 38.6209 335.999 2189.91 60.9449 108.797 2144.57 63.1488 -66.6065 2169.49 0 0 0 0 0 0 -66.1907 107.186 2144.48 -114.181 -110.602 2021.67 0 0 0 -129.189 -300.853 1868.52 0 0 0 0 0 0 188.08 110.408 2144.67 260.103 -135.746 2098.59 0 0 0 257.894 -343.95 1978.6 0 0 0 -7.51318 -242.934 2194.35 8.55606 -622.222 2084.62 0 0 0 6.52218 -922.113 2071.42 138.219 -241.087 2194.46 150.827 -618.41 2261.61 0 0 0 96.5243 -886.595 2467.28
13414438 44.7044 334.565 2231.01 62.4475 107.816 2180.88 63.7719 -71.3752 2199.64 0 0 0 0 0 0 -66.9683 108.126 2192.99 -97.8276 -122.086 2128.65 0 0 0 -112.4 -362.395 1981.11 0 0 0 0 0 0 191.863 107.505 2168.77 266.735 -132.569 2225.31 0 0 0 277.956 -354.24 2104.66 0 0 0 -8.08705 -250.39 2225.24 8.01272 -629.468 2100.1 0 0 0 7.41409 -928.707 2069.9 138.28 -250.742 2211.54 151.478 -626.919 2272.42 0 0 0 91.7991 -906.999 2480.95
13469856 55.2526 327.493 2267.62 65.8465 103.123 2214.81 68.2211 -79.1291 2228.63 0 0 0 0 0 0 -63.769 101.36 2213.84 -100.789 -135.739 2154.99 0 0 0 -103.852 -382.026 2033.51 0 0 0 0 0 0 195.462 104.885 2215.78 274.771 -145.792 2242.88 0 0 0 282.696 -366.179 2147.81 0 0 0 -6.60094 -262.431 2241.87 7.07547 -644.797 2126.01 0 0 0 6.5497 -942.542 2075.01 147.792 -260.331 2243.02 154.848 -629.177 2277.54 0 0 0 96.1658 -910.385 2484.55
13536442 67.4634 332.942 2308.55 69.6228 106.266 2255.19 71.5686 -80.0581 2256.1 0 0 0 0 0 0 -59.7502 104.887 2249.5 -104.12 -167.219 2265.38 0 0 0 -106.76 -414.038 2141.31 0 0 0 0 0 0 198.996 107.645 2260.88 263.409 -137.269 2300.61 0 0 0 291.92 -377.621 2264.59 0 0 0 -6.14304 -267.231 2253.51 10.0338 -649.14 2137.68 0 0 0 6.371 -950.121 2077.54 153.172 -265.533 2260.52 155.23 -634.751 2288.52 0 0 0 95.6981 -917.192 2492.11
13569735 72.7909 332.636 2333.76 68.8644 104.033 2285.91 70.9503 -81.4335 2280.78 0 0 0 0 0 0 -63.1313 102.663 2281.78 -104.638 -162.386 2272.07 0 0 0 -93.0707 -409.088 2186.34 0 0 0 0 0 0 200.86 105.403 2290.05 262.619 -129.456 2345.92 0 0 0 297.072 -384.615 2318.68 0 0 0 -6.79161 -267.729 2273.14 12.0326 -647.226 2146.03 0 0 0 7.88378 -954.079 2089.92 152.864 -266.072 2278.14 154.182 -639.431 2294.85 0 0 0 96.1812 -929.765 2499.16
13636321 76.7148 335.495 2357.8 71.8295 104.743 2319.63 71.3591 -77.7851 2316.91 0 0 0 0 0 0 -61.4687 105.07 2320.72 -115.569 -124.455 2374.25 0 0 0 -107.409 -387.075 2279.53 0 0 0 0 0 0 205.128 104.415 2318.54 265.464 -127.69 2394.43 0 0 0 321.047 -354.168 2419.24 0 0 0 -10.0956 -260.114 2314.85 15.4083 -640.569 2164.29 0 0 0 9.86282 -955.596 2100.83 151.873 -260.512 2313.53 153.218 -644.341 2299.63 0 0 0 106.871 -920.815 2525.44
13669614 81.0889 342.319 2377.08 75.5624 102.276 2342.58 72.9052 -78.7715 2338.71 0 0 0 0 0 0 -59.2553 104.233 2343.57 -116.835 -127.367 2380.21 0 0 0 -110.011 -389.719 2310.69 0 0 0 0 0 0 210.38 100.318 2341.59 265.13 -130.43 2419.58 0 0 0 328.234 -359.615 2437.6 0 0 0 -11.8535 -258.627 2335.44 16.9356 -631.068 2177.09 0 0 0 10.542 -960.303 2107.11 152.35 -261.011 2334.24 152.231 -646.273 2311.39 0 0 0 105.745 -922.874 2544.3
13714761 80.5273 350.233 2395.74 78.477 103.401 2360.49 78.4608 -76.7387 2360.2 0 0 0 0 0 0 -57.9184 103.423 2354.24 -110.305 -128.127 2409.24 0 0 0 -119.2 -382.054 2364.28 0 0 0 0 0 0 214.872 103.378 2366.74 267.104 -130.354 2444.48 0 0 0 351.678 -345.094 2497.38 0 0 0 -8.27887 -256.864 2355.92 14.9135 -625.043 2189.9 0 0 0 10.7746 -957.654 2119.84 165.168 -256.892 2363.88 151.339 -647.824 2326.28 0 0 0 100.958 -931.026 2528.54
13769493 78.4729 359.343 2414.42 79.2206 115.091 2378.42 80.6186 -68.0802 2377.02 0 0 0 0 0 0 -59.8125 114.062 2374.14 -115.873 -101.382 2435.85 0 0 0 -120.674 -356.644 2386.4 0 0 0 0 0 0 218.254 116.119 2382.7 271.44 -115.364 2475.26 0 0 0 360.241 -348.612 2518.95 0 0 0 -3.3198 -251.882 2373 11.3878 -620.052 2204.84 0 0 0 11.0264 -963.95 2133.24 167.353 -250.62 2378.25 150.283 -642.904 2349.11 0 0 0 96.2247 -937.622 2530.57
13814869 77.2041 375.526 2451.04 77.3033 131.902 2394.23 79.5286 -52.7367 2395.64 0 0 0 0 0 0 -62.8415 130.197 2392.11 -118.518 -89.9648 2453.59 0 0 0 -139.099 -353.273 2423.88 0 0 0 0 0 0 217.448 133.607 2396.35 273.009 -100.122 2492.25 0 0 0 371.952 -325.559 2527.52 0 0 0 -2.46995 -238.4 2395.77 7.0891 -612.376 2253.92 0 0 0 -14.0123 -947.513 2353.27 165.978 -236.351 2398.32 145.868 -628.067 2373.89 0 0 0 95.856 -942.988 2523.72
13869372 76.0451 380.735 2467.09 76.2118 140.53 2408.52 78.0167 -46.5447 2407.86 0 0 0 0 0 0 -64.4855 139.17 2409.29 -121.631 -84.206 2471.97 0 0 0 -149.339 -351.734 2428.9 0 0 0 0 0 0 216.909 141.891 2407.75 275.999 -94.6113 2503.56 0 0 0 371.582 -321.383 2524.25 0 0 0 -2.67844 -234.417 2407.65 6.43423 -613.963 2296.28 0 0 0 -6.97381 -949.615 2358.54 162.322 -232.822 2406.75 139.064 -621.102 2384.88 0 0 0 95.1419 -947.109 2521.53
13914977 74.204 383.902 2474.79 74.9531 146.203 2420.23 75.8447 -40.9326 2418.97 0 0 0 0 0 0 -66.5221 145.482 2427.18 -124.493 -83.3862 2484.51 0 0 0 -163.776 -333.135 2425.22 0 0 0 0 0 0 216.428 146.924 2413.29 282.249 -88.7916 2511.5 0 0 0 384.329 -294.657 2492.45 0 0 0 -2.54935 -228.472 2421.6 0.70153 -625.376 2348.01 0 0 0 54.7971 -998.935 2574.86 156.022 -227.664 2413.81 131.429 -618.061 2401.98 0 0 0 106.76 -976.715 2540.87
13981715 76.0893 387.372 2488.77 71.4893 156.197 2430.12 70.5899 -29.8029 2431.93 0 0 0 0 0 0 -66.6945 156.973 2441.15 -126.003 -75.431 2500.63 0 0 0 -178.344 -312.956 2425.17 0 0 0 0 0 0 209.673 155.422 2419.1 283.727 -86.1365 2508.11 0 0 0 371.1 -303.194 2446.33 0 0 0 -7.77311 -215.369 2439.92 -2.98638 -614.804 2385.39 0 0 0 49.9552 -988.594 2570.95 147.154 -216.238 2427.56 131.481 -618.717 2412.04 0 0 0 109.562 -994.935 2543.34
14035837 73.6425 394.744 2504.01 69.8514 162.954 2438.93 67.0201 -21.9056 2443.72 0 0 0 0 0 0 -67.8571 165.414 2452.46 -126.727 -69.358 2513.35 0 0 0 -185.038 -311.857 2414.8 0 0 0 0 0 0 207.56 160.495 2425.41 285.327 -82.885 2508.03 0 0 0 360.317 -297.787 2425.58 0 0 0 -15.4098 -205.344 2456.33 -9.26982 -618.36 2421.44 0 0 0 44.4173 -968.612 2576.55 143.787 -208.187 2440.7 134.809 -621.141 2428.46 0 0 0 108.139 -1001.78 2537.84
14081823 69.6143 399.463 2512.51 66.448 169.201 2447.6 64.5249 -16.4502 2452.84 0 0 0 0 0 0 -69.7141 171.019 2462.07 -129.208 -58.402 2524.61 0 0 0 -182.729 -298.708 2403.75 0 0 0 0 0 0 202.61 167.383 2433.14 285.351 -68.6458 2507.58 0 0 0 354.991 -271.134 2383.66 0 0 0 -18.6886 -201.016 2466.7 4.20241 -624.005 2518.35 0 0 0 42.6514 -987.197 2588.54 143.892 -203.187 2449.43 139.761 -634.02 2467.19 0 0 0 95.1653 -998.032 2573.02
14135716 65.639 406.055 2521.18 63.5364 172.28 2452.84 62.2871 -14.5852 2459.17 0 0 0 0 0 0 -71.5503 173.771 2470.23 -131.948 -52.7362 2528.65 0 0 0 -186.772 -287.561 2397.78 0 0 0 0 0 0 198.623 170.789 2435.46 284.322 -69.4871 2502.86 0 0 0 343.177 -264.091 2363.52 0 0 0 -21.4003 -200.54 2476.1 1.57321 -631.346 2514.94 0 0 0 35.4384 -1003.66 2594.24 143.476 -202.36 2454.88 139.036 -635.005 2485.61 0 0 0 88.1725 -997.938 2597.82
14181931 62.1099 410.638 2527.32 58.9362 176.952 2460.14 60.0108 -11.0125 2467.94 0 0 0 0 0 0 -76.4233 177.065 2481.51 -136.326 -52.8581 2527.16 0 0 0 -182.232 -287.851 2375.2 0 0 0 0 0 0 194.296 176.838 2438.77 281.991 -58.6446 2498.55 0 0 0 313.314 -257.428 2322.13 0 0 0 -21.0927 -198.907 2488.73 -1.87787 -639.609 2516.03 0 0 0 31.2053 -1010.15 2598.4 143.263 -199.046 2462.78 136.503 -634.89 2492.05 0 0 0 85.2917 -1000.77 2600.2
14235595 59.0662 411.944 2531.62 55.999 180.139 2464.86 57.5384 -8.28617 2473.18 0 0 0 0 0 0 -79.4207 180.074 2488.46 -139.138 -51.9874 2525.44 0 0 0 -180.774 -289.93 2365.49 0 0 0 0 0 0 191.419 180.204 2441.27 272.236 -44.7369 2484.16 0 0 0 306.69 -242.974 2312.19 0 0 0 -22.3433 -196.75 2495.69 -0.83539 -641.896 2517.54 0 0 0 31.4861 -1013.13 2603.51 140.499 -196.673 2467.32 129.931 -630.274 2496.97 0 0 0 80.4886 -999.294 2603.24
14282039 55.7288 411.59 2537.23 53.2633 180.411 2469.49 54.9774 -7.65753 2477.02 0 0 0 0 0 0 -79.7908 180.06 2491.03 -140.681 -48.6106 2526.33 0 0 0 -177.26 -285.634 2373.37 0 0 0 0 0 0 186.317 180.761 2447.95 261.287 -37.8297 2468.47 0 0 0 274.996 -247.348 2289.36 0 0 0 -23.8233 -195.938 2497.58 -2.81574 -641.572 2517 0 0 0 56.2658 -989.406 2637.93 137.206 -195.513 2471.51 124.69 -628.069 2502.69 0 0 0 81.0917 -1000.81 2604.53
14335474 48.8379 411.16 2543.65 50.4646 181.071 2474.89 52.4014 -7.79545 2480.85 0 0 0 0 0 0 -82.6798 180.423 2497.64 -140.625 -50.8115 2526.9 0 0 0 -164.255 -280.91 2365.53 0 0 0 0 0 0 183.609 181.718 2452.14 256.608 -39.2496 2459.43 0 0 0 251.03 -247.292 2291.48 0 0 0 -25.2626 -197.049 2500.41 -7.73524 -655.817 2538.83 0 0 0 32.1155 -1015.25 2658.68 133.939 -196.274 2473.21 117.711 -629.662 2508.15 0 0 0 91.4524 -1026.3 2609.55
14382146 48.7501 410.642 2541.95 39.7227 169.029 2491.62 43.3009 -16.8662 2493.24 0 0 0 0 0 0 -100.747 166.545 2516.91 -151.432 -74.261 2533.92 0 0 0 -146.406 -283.243 2380.63 0 0 0 0 0 0 180.193 171.514 2466.34 246.906 -77.6235 2444.95 0 0 0 232.555 -259.179 2286.82 0 0 0 -34.5026 -204.201 2509.5 -9.86853 -645.411 2533.67 0 0 0 23.8201 -1027.48 2667.9 128.261 -201.322 2480.2 115.984 -634.943 2507.59 0 0 0 83.8115 -1062.59 2622.95
14435353 42.5712 408.927 2547.97 35.593 165.231 2498.74 40.4558 -20.3514 2501.34 0 0 0 0 0 0 -109.437 161.752 2521.69 -157.571 -87.0178 2535.16 0 0 0 -139.483 -287.376 2384.98 0 0 0 0 0 0 180.622 168.709 2475.8 245.751 -84.6622 2450.36 0 0 0 227.422 -262.97 2305.02 0 0 0 -32.6395 -207.804 2516.28 -8.80245 -644.175 2535.01 0 0 0 16.9766 -1034.95 2677.18 123.277 -204.064 2491.61 107.363 -634.477 2504.34 0 0 0 82.4135 -1057.47 2619.7
14482254 34.8145 409.564 2555.01 34.9159 167.121 2501.9 39.6043 -18.6463 2502.33 0 0 0 0 0 0 -106.771 163.597 2524.69 -152.86 -93.742 2535.05 0 0 0 -132.438 -329.322 2450.45 0 0 0 0 0 0 176.603 170.644 2479.11 239.418 -83.5522 2461.7 0 0 0 205.587 -295.147 2337.38 0 0 0 -33.5098 -206.348 2515.27 -9.24736 -626.023 2529.59 0 0 0 7.85936 -1004.35 2646.35 122.095 -202.478 2490.24 104.03 -634.151 2506.73 0 0 0 75.0449 -1067.77 2624.98
14535232 33.3173 408.808 2556.42 33.3593 164.634 2505.21 37.2589 -21.1657 2506.28 0 0 0 0 0 0 -107.541 161.802 2526.86 -149.9 -95.0157 2535.05 0 0 0 -118.573 -336.332 2456.63 0 0 0 0 0 0 174.26 167.466 2483.56 234.466 -81.1522 2480.48 0 0 0 191.713 -298.965 2358.99 0 0 0 -36.2854 -208.522 2519.25 -11.8612 -627.472 2532.93 0 0 0 10.1678 -1013.11 2656.41 118.602 -205.409 2495.46 103.915 -635.693 2508.55 0 0 0 70.0649 -1068.55 2618.32
14582362 30.8226 408.425 2559.24 31.6268 161.908 2506.46 35.1534 -23.7986 2508.22 0 0 0 0 0 0 -109.16 159.423 2526.36 -144.126 -104.676 2546.1 0 0 0 -127.108 -339.11 2462.83 0 0 0 0 0 0 172.413 164.392 2486.56 228.349 -83.5195 2501.3 0 0 0 187.556 -313.446 2410.85 0 0 0 -39.8766 -210.891 2521.09 -13.5836 -629.826 2534.06 0 0 0 11.4174 -1015.98 2661.14 117.237 -208.119 2498.88 104.417 -637.402 2510.59 0 0 0 70.1242 -1068.49 2617.01
14635111 28.8651 407.794 2561.83 29.763 160.202 2508.09 33.1018 -26.1195 2509.87 0 0 0 0 0 0 -112.095 157.84 2526.8 -140.025 -86.9966 2558.25 0 0 0 -132.836 -329.711 2455.94 0 0 0 0 0 0 171.621 162.565 2489.37 227.849 -89.3464 2520.96 0 0 0 190.216 -326.128 2432.76 0 0 0 -42.0416 -213.749 2522.01 -15.298 -634.786 2535.1 0 0 0 13.0216 -1022.53 2664.58 114.923 -211.134 2501.3 103.373 -637.181 2512.11 0 0 0 69.9065 -1065.31 2616.07
14668404 27.2456 407.021 2563.71 29.6561 159.627 2508.72 32.1873 -26.7486 2510.51 0 0 0 0 0 0 -111.667 157.875 2526.23 -138.763 -89.356 2558.77 0 0 0 -143.944 -323.308 2460.47 0 0 0 0 0 0 170.979 161.379 2491.22 223.612 -68.5605 2526.52 0 0 0 219.294 -311.193 2458.57 0 0 0 -44.683 -214.108 2522.13 -18.0252 -632.261 2536.92 0 0 0 17.2339 -1024.86 2659.82 114.12 -212.14 2502.46 103.79 -638.243 2514.2 0 0 0 70.057 -1065.98 2616.67
14734990 25.8117 405.954 2564.26 29.4769 159.499 2508.71 32.014 -28.0765 2510.6 0 0 0 0 0 0 -111.596 157.748 2524.25 -140.81 -90.5622 2554.26 0 0 0 -181.878 -313.433 2461.86 0 0 0 0 0 0 170.55 161.251 2493.16 224.997 -72.1656 2525.27 0 0 0 239.411 -306.919 2445 0 0 0 -45.8147 -216.65 2521.35 -20.9253 -630.312 2539.33 0 0 0 16.2261 -1028.16 2662.13 114.917 -214.655 2503.64 103.038 -637.904 2515.85 0 0 0 70.2201 -1065.34 2617.5
14768283 23.0795 405.772 2565.13 29.351 159.073 2509.59 31.7409 -28.0719 2509.94 0 0 0 0 0 0 -111.391 157.306 2525.7 -140.958 -81.5522 2560.33 0 0 0 -196.974 -302.826 2460.51 0 0 0 0 0 0 170.094 160.84 2493.48 225.689 -74.8605 2517.95 0 0 0 270.899 -308.209 2454.25 0 0 0 -47.8595 -216.246 2519.68 -22.767 -626.769 2540.35 0 0 0 17.5015 -997.338 2625.93 116.121 -214.187 2500.91 103.318 -637.897 2516.52 0 0 0 70.0848 -1066.34 2619.93
14815947 22.1289 406.309 2564.77 29.9968 159.999 2509.95 32.0864 -26.9928 2509.91 0 0 0 0 0 0 -109.684 158.434 2526.09 -143.083 -76.0974 2560.76 0 0 0 -211.977 -298.463 2454.85 0 0 0 0 0 0 169.678 161.563 2493.81 227.377 -76.8758 2517.07 0 0 0 306.92 -309.966 2467.72 0 0 0 -47.8389 -214.903 2519.35 -25.181 -625.979 2542.56 0 0 0 21.5266 -994.4 2638.39 116.191 -213.066 2500.39 99.4849 -623.5 2507.49 0 0 0 100.887 -1021.52 2607.53
