4271264 38.8737 409.344 2510.59 40.0711 166.949 2494.6 40.006 -22.2309 2499.93 0 0 0 0 0 0 -98.8199 167.556 2514.41 -160.688 -52.3674 2567.44 0 0 0 -219.097 -295.801 2467.07 0 0 0 0 0 0 178.962 166.342 2474.78 254.311 -44.6734 2561.64 0 0 0 349.32 -277.883 2490.19 0 0 0 -47.7171 -211.028 2517.78 -21.6448 -605.403 2525.49 0 0 0 34.3099 -964.363 2545.35 127.599 -211.794 2492.77 129.941 -620.578 2513.79 0 0 0 68.6832 -1000.89 2585.96
4324847 39.4939 409.879 2508.5 40.4427 167.272 2495.65 40.0209 -21.7606 2500.49 0 0 0 0 0 0 -98.8133 168.084 2515.24 -160.003 -52.3987 2567.75 0 0 0 -215.486 -290.895 2464.66 0 0 0 0 0 0 179.699 166.461 2476.07 255.415 -43.8547 2563.37 0 0 0 347.739 -278.03 2487.94 0 0 0 -48.1269 -210.282 2517.66 -22.7351 -604.972 2527 0 0 0 22.5648 -964.782 2548.1 127.325 -211.305 2492.98 129.508 -619.946 2513.46 0 0 0 66.0568 -1006.81 2580.73
4371371 39.9877 410.62 2506.85 41.1298 166.876 2496.35 40.6084 -22.0228 2501.23 0 0 0 0 0 0 -98.3182 167.756 2515.49 -159.534 -53.1153 2568.09 0 0 0 -218.122 -290.406 2460.44 0 0 0 0 0 0 180.578 165.997 2477.21 255.707 -44.5491 2565.17 0 0 0 349.016 -275.484 2491.74 0 0 0 -47.8145 -210.367 2518.18 -20.8444 -605.799 2526.2 0 0 0 24.7948 -968.449 2551.57 127.989 -211.476 2494.05 128.255 -618.838 2513.92 0 0 0 62.3456 -962.356 2569.49
4424726 39.7882 411.593 2505.97 41.5636 167.33 2496.95 41.5925 -21.9502 2502.55 0 0 0 0 0 0 -97.9745 167.892 2516.68 -158.917 -53.7527 2569.5 0 0 0 -215.695 -296.184 2468.32 0 0 0 0 0 0 181.102 166.767 2477.22 255.53 -43.7041 2565.99 0 0 0 349.773 -277.677 2492.74 0 0 0 -45.5552 -210.879 2520.47 -19.2742 -606.09 2524.02 0 0 0 27.6067 -969.82 2551.21 128.798 -211.581 2495.82 128.781 -618.359 2516.08 0 0 0 57.9178 -950.939 2572.66
4471479 39.3665 412.758 2505.76 42.3827 168.517 2497.48 41.9445 -20.8204 2502.53 0 0 0 0 0 0 -96.8695 169.363 2517.12 -158.012 -53.3848 2570.36 0 0 0 -223.004 -280.319 2453.44 0 0 0 0 0 0 181.635 167.671 2477.84 256.124 -41.7139 2567.18 0 0 0 349.482 -277.215 2490.26 0 0 0 -46.143 -209.625 2519.94 -20.2571 -606.428 2524.42 0 0 0 18.8651 -980.772 2579 129.156 -210.69 2495.22 132.683 -618.392 2517.42 0 0 0 59.3958 -966.04 2580.09
4524605 39.8039 413.681 2502.71 42.6428 168.794 2497.96 42.1509 -20.8362 2503.44 0 0 0 0 0 0 -96.5325 169.743 2518.31 -157.966 -53.5896 2571.84 0 0 0 -218.802 -287.771 2452.67 0 0 0 0 0 0 181.818 167.845 2477.61 255.872 -41.1839 2566.4 0 0 0 348.215 -272.487 2486.39 0 0 0 -46.0899 -209.868 2521.75 -20.3098 -607.351 2525.49 0 0 0 13.135 -1014.09 2583.82 129.408 -211.065 2496.09 131.279 -617.246 2516.99 0 0 0 62.6669 -974.323 2585.59
4571587 39.8885 414.47 2502.21 43.34 168.806 2498.77 42.5141 -21.0113 2504.19 0 0 0 0 0 0 -95.6177 170.009 2519.75 -157.846 -53.207 2572.95 0 0 0 -217.008 -277.441 2449.66 0 0 0 0 0 0 182.298 167.604 2477.8 256.155 -41.7062 2565.5 0 0 0 345.728 -273.066 2487.06 0 0 0 -45.8794 -210.071 2522.81 -20.0459 -608.033 2526.91 0 0 0 0.972643 -1029.56 2542.71 129.256 -211.587 2496.38 130.534 -617.481 2516.54 0 0 0 65.2382 -973.58 2595.28
4624484 39.9701 414.499 2501.35 44.0228 168.735 2499.25 42.9357 -20.8171 2504.54 0 0 0 0 0 0 -94.7464 170.108 2519.91 -157.154 -52.3235 2572.79 0 0 0 -214.98 -281.042 2449.4 0 0 0 0 0 0 182.792 167.363 2478.59 256.546 -41.9691 2565.15 0 0 0 343.362 -270.224 2482.41 0 0 0 -45.7009 -209.504 2522.87 -20.3269 -607.639 2526.86 0 0 0 8.012 -1016.62 2520.56 129.398 -211.235 2496.8 133.439 -618.379 2516.77 0 0 0 63.302 -972.25 2597.25
4671695 40.1852 413.96 2501.38 43.7478 168.897 2499.55 42.9207 -20.1151 2504.76 0 0 0 0 0 0 -95.1774 170.072 2520.07 -156.768 -51.494 2572.82 0 0 0 -215.218 -284.795 2450.25 0 0 0 0 0 0 182.673 167.723 2479.02 256.433 -42.3776 2564.11 0 0 0 341.234 -271.339 2487.07 0 0 0 -45.3403 -208.389 2522.9 -19.2 -607.328 2527.47 0 0 0 15.6381 -976.644 2533.38 129.527 -209.867 2497.06 128.666 -615.888 2507.82 0 0 0 63.6204 -967.054 2593.69
4724363 39.9228 413.919 2502.41 43.8203 169.249 2498.37 43.1519 -19.4651 2504.32 0 0 0 0 0 0 -94.9286 170.384 2518.79 -156.411 -50.7459 2572.36 0 0 0 -213.915 -285.261 2451 0 0 0 0 0 0 182.569 168.113 2477.95 256.966 -41.4459 2562.81 0 0 0 340.16 -271.806 2489.28 0 0 0 -44.8159 -207.465 2523.12 -19.2125 -608.11 2526.74 0 0 0 25.2196 -965.375 2539.43 129.783 -208.894 2497.43 125.199 -616.663 2505.99 0 0 0 66.4867 -970.318 2590.06
4771802 39.9961 414.287 2502.4 43.568 169.712 2497.97 43.264 -18.3221 2504.09 0 0 0 0 0 0 -95.2538 170.593 2518.13 -156.718 -50.0628 2572.02 0 0 0 -209.555 -283.796 2440.96 0 0 0 0 0 0 182.39 168.831 2477.81 256.647 -41.4587 2561.49 0 0 0 339.238 -271.878 2483.61 0 0 0 -43.8714 -205.805 2522.83 -19.3739 -607.933 2526.13 0 0 0 31.6784 -969.696 2545.48 129.792 -206.907 2497.6 128.737 -618.192 2510.46 0 0 0 62.3012 -968.539 2589.85
4824242 40.0055 414.474 2503.71 43.4022 170.579 2498.2 43.2464 -15.6993 2503.48 0 0 0 0 0 0 -95.9217 171.257 2517.99 -156.886 -49.1829 2572.04 0 0 0 -209.642 -287 2443.43 0 0 0 0 0 0 182.726 169.902 2478.41 255.993 -41.385 2559.64 0 0 0 339.212 -272.403 2483.3 0 0 0 -42.9417 -201.56 2520.98 -19.935 -606.407 2526.11 0 0 0 25.6996 -977.019 2554.96 129.123 -202.396 2496.53 130.27 -619.932 2513.2 0 0 0 58.6422 -966.539 2586.85
4871910 39.6133 415.371 2505.9 43.1835 171.568 2498.02 43.2791 -15.1488 2503.1 0 0 0 0 0 0 -96.5249 172.013 2516.99 -156.645 -47.9339 2571.3 0 0 0 -208.931 -282.829 2445.19 0 0 0 0 0 0 182.892 171.123 2479.05 255.988 -41.5483 2558.18 0 0 0 336.161 -272.345 2475.3 0 0 0 -42.7727 -201.591 2519.89 -20.626 -610.355 2532.26 0 0 0 34.4603 -962.348 2587.61 129.522 -202.14 2496.49 129.909 -619.834 2513.81 0 0 0 59.6278 -964.164 2587.85
4924121 39.8568 414.258 2506.31 43.5024 172.046 2498.07 43.4424 -15.3631 2502.76 0 0 0 0 0 0 -96.5726 172.56 2516.83 -156.816 -47.41 2570.79 0 0 0 -207.52 -280.56 2438.87 0 0 0 0 0 0 183.577 171.532 2479.32 255.175 -40.0887 2555.21 0 0 0 335.338 -268.69 2479.2 0 0 0 -42.6812 -202.457 2518.97 -20.5051 -611.584 2533.53 0 0 0 43.7423 -987.144 2580.28 129.446 -203.088 2495.93 126.585 -621.465 2516.16 0 0 0 61.1483 -958.434 2582.61
4957414 40.6337 413.632 2507.05 43.9349 172.073 2498.3 43.7968 -15.6798 2502.64 0 0 0 0 0 0 -96.4025 172.605 2516.84 -156.932 -47.2117 2570.4 0 0 0 -209.348 -278.841 2441.94 0 0 0 0 0 0 184.272 171.54 2479.75 255.248 -41.1686 2554.82 0 0 0 331.562 -273.088 2478.64 0 0 0 -42.1015 -203.107 2518.32 -19.392 -612.542 2535.07 0 0 0 37.1628 -984.556 2578.24 129.419 -203.758 2495.66 128.467 -622.43 2514.86 0 0 0 59.0282 -952.993 2576.21
5024000 41.3506 413.5 2507.77 44.276 172.335 2497.98 44.1436 -15.8247 2502.28 0 0 0 0 0 0 -95.8948 172.865 2516.84 -157.142 -45.9489 2569.52 0 0 0 -198.886 -289.095 2428.98 0 0 0 0 0 0 184.447 171.806 2479.12 255.557 -41.8657 2554.39 0 0 0 324.488 -278.449 2480.22 0 0 0 -41.7209 -203.661 2518.11 -18.3614 -614.872 2534.76 0 0 0 34.6862 -983.814 2578.19 129.743 -204.309 2495.04 126.834 -624.324 2512.71 0 0 0 66.7874 -1013.65 2590.87
5057293 41.5995 413.151 2507.5 44.5366 172.624 2497.06 44.5045 -15.4211 2501.71 0 0 0 0 0 0 -95.3173 173.13 2516.58 -157.388 -43.7785 2568 0 0 0 -200.737 -282.461 2437.4 0 0 0 0 0 0 184.391 172.117 2477.54 255.063 -42.0636 2553.49 0 0 0 321.111 -278.948 2472.12 0 0 0 -40.7639 -203.157 2518.25 -19.2286 -614.718 2535.1 0 0 0 3.58186 -963.801 2673.46 129.708 -203.775 2494.46 126.775 -623.831 2513.59 0 0 0 84.7497 -1022.29 2601.61
5123879 41.929 413.264 2506.65 44.9918 172.729 2496.65 44.8196 -14.8748 2501.32 0 0 0 0 0 0 -94.6613 173.338 2515.98 -156.564 -42.4727 2565.87 0 0 0 -202.035 -289.538 2428.78 0 0 0 0 0 0 184.645 172.12 2477.32 254.925 -42.748 2553.46 0 0 0 312.753 -276.965 2471.16 0 0 0 -40.0634 -202.109 2517.7 -20.6107 -615.599 2536.46 0 0 0 3.36251 -963.375 2674.11 129.358 -202.848 2494.25 126.087 -622.251 2514.2 0 0 0 88.866 -1021.88 2602.8
5172233 42.1512 412.42 2505.93 45.0912 172.136 2496.93 44.871 -15.0618 2501.07 0 0 0 0 0 0 -94.6031 172.723 2516.06 -155.786 -42.6668 2565.26 0 0 0 -194.962 -283.264 2427.87 0 0 0 0 0 0 184.785 171.55 2477.81 255.428 -59.6307 2554.69 0 0 0 300.195 -290.956 2467.18 0 0 0 -40.2057 -201.904 2516.82 -23.1263 -616.002 2540.09 0 0 0 8.51533 -953.153 2666.56 129.507 -202.616 2493.58 123.989 -620.076 2513.35 0 0 0 92.4307 -1018.36 2602.27
5223758 42.1422 412.48 2506.42 45.3465 171.15 2496.66 45.1746 -15.8087 2500.39 0 0 0 0 0 0 -93.6337 171.653 2515.49 -154.935 -42.6795 2564.38 0 0 0 -187.835 -282.023 2426.72 0 0 0 0 0 0 184.327 170.647 2477.83 244.408 -69.5394 2529.28 0 0 0 296.264 -295.785 2464.57 0 0 0 -39.4198 -202.462 2515.55 -23.315 -616.45 2538.66 0 0 0 22.3395 -973.102 2646.38 129.425 -203.073 2492.67 123.863 -619.347 2513 0 0 0 67.4892 -983.148 2577.97
5272341 42.3375 411.858 2506.53 45.6726 169.863 2496.51 45.0035 -19.4879 2498.34 0 0 0 0 0 0 -93.0432 170.554 2517.29 -153.812 -42.605 2566.22 0 0 0 -183.348 -277.875 2427.09 0 0 0 0 0 0 184.388 169.171 2475.73 242.739 -81.4361 2515.27 0 0 0 280.342 -298.317 2435 0 0 0 -38.8474 -208.424 2512.64 -24.9555 -623.521 2536.96 0 0 0 32.9554 -995.379 2632.09 127.516 -209.253 2487.72 123.532 -612.884 2514.45 0 0 0 73.7075 -980.739 2585.44
5323637 42.6265 411.047 2506.65 46.2502 169.13 2496.34 44.3229 -23.0162 2497.82 0 0 0 0 0 0 -92.2176 170.681 2517.32 -153.03 -41.9075 2566.95 0 0 0 -184.327 -290.129 2426.33 0 0 0 0 0 0 184.718 167.58 2475.36 242.993 -88.7219 2512.33 0 0 0 272.363 -296.638 2434.44 0 0 0 -38.9381 -214.252 2511.63 -26.3733 -630.839 2535.27 0 0 0 35.764 -1010.39 2625.09 123.729 -216.073 2486.98 122.219 -608.037 2512.04 0 0 0 84.1474 -1015.78 2591.57
5390223 43.0633 410.893 2507.57 46.5266 168.756 2496.36 45.0308 -22.0688 2498.45 0 0 0 0 0 0 -91.6859 170.063 2516.72 -152.077 -42.3076 2566.42 0 0 0 -180.009 -292.442 2436.49 0 0 0 0 0 0 184.739 167.449 2475.99 242.987 -89.5071 2512.03 0 0 0 254.964 -291.201 2420.99 0 0 0 -37.9234 -212.123 2512.55 -29.6892 -627.354 2531.63 0 0 0 42.1428 -1001.19 2595.98 124.993 -213.664 2488.55 107.734 -631.832 2498.6 0 0 0 80.7601 -1035.95 2589.46
5423516 42.8398 411.428 2508.68 46.151 168.651 2496.46 45.2915 -20.9334 2499.12 0 0 0 0 0 0 -92.1776 169.554 2516.08 -151.202 -43.9437 2564.81 0 0 0 -176.818 -291.382 2434.46 0 0 0 0 0 0 184.48 167.749 2476.83 244.138 -86.3035 2512.03 0 0 0 252.679 -288.564 2427.15 0 0 0 -36.6803 -209.989 2513.29 -28.5946 -626.704 2530.27 0 0 0 45.0279 -1000.85 2586.01 125.544 -211.048 2490.28 112.857 -626.646 2501.55 0 0 0 81.9939 -1021.67 2618.83
5472557 42.756 411.791 2510.14 46.0789 166.71 2496.32 44.9073 -24.2775 2498.73 0 0 0 0 0 0 -92.3539 167.81 2516.21 -149.914 -46.2574 2563.06 0 0 0 -174.07 -288.94 2427.29 0 0 0 0 0 0 184.512 165.61 2476.42 244.318 -85.4556 2512.5 0 0 0 257.093 -289.654 2422.34 0 0 0 -35.7853 -214.633 2512.56 -28.38 -629.765 2526.93 0 0 0 44.8831 -1005.38 2578.07 123.257 -215.897 2489.7 115.868 -624.657 2498.47 0 0 0 81.9874 -1014.1 2606.03
5523395 43.6009 411.791 2511.75 46.5503 167.322 2497.75 45.142 -25.1687 2499.36 0 0 0 0 0 0 -91.3685 168.499 2517.79 -147.28 -45.8327 2559.49 0 0 0 -174.198 -297.721 2437.29 0 0 0 0 0 0 184.469 166.146 2477.71 243.883 -84.342 2512.16 0 0 0 263.375 -289.079 2413.75 0 0 0 -35.6282 -216.983 2512.49 -29.4002 -632.701 2525.99 0 0 0 21.8625 -988.231 2571.7 123.096 -218.337 2489.43 116.558 -624.484 2495.23 0 0 0 98.5685 -1003.42 2582.35
5589981 43.8447 411.801 2512.68 46.9536 167.217 2498.48 45.9493 -24.0182 2499.93 0 0 0 0 0 0 -91.4188 168.086 2517.26 -146.262 -47.0884 2559.07 0 0 0 -170.671 -298.423 2433.75 0 0 0 0 0 0 185.326 166.348 2479.71 244.753 -85.849 2511.66 0 0 0 274.288 -294.908 2438.6 0 0 0 -34.2153 -214.756 2512.12 -27.5223 -632.779 2528.33 0 0 0 23.7638 -956.624 2573.85 124.105 -215.75 2490.64 118.611 -626.294 2493.8 0 0 0 92.5486 -1013.35 2585.92
5623274 44.2568 412.033 2512.33 47.0148 167.348 2498.87 46.5343 -22.883 2500.39 0 0 0 0 0 0 -91.6919 167.843 2516.92 -144.6 -48.1506 2559.43 0 0 0 -168.954 -286.859 2435.51 0 0 0 0 0 0 185.722 166.852 2480.82 245.578 -84.7027 2515.23 0 0 0 275.386 -295.295 2448.27 0 0 0 -32.989 -212.831 2512.2 -20.0805 -633.15 2540.06 0 0 0 15.7593 -980.155 2604.67 125.096 -213.396 2491.63 119.921 -622.786 2497.31 0 0 0 89.0642 -1019.04 2578.45
5689860 44.4062 412.215 2511.92 47.2198 166.833 2499.42 46.6116 -24.5668 2500.6 0 0 0 0 0 0 -91.6544 167.384 2517.24 -143.411 -48.7888 2559.89 0 0 0 -172.032 -299.641 2435.52 0 0 0 0 0 0 186.094 166.282 2481.6 245.923 -84.8676 2517.73 0 0 0 281.7 -296.565 2456.26 0 0 0 -33.068 -215.652 2511.92 -24.0555 -635.469 2536.57 0 0 0 16.1848 -975.252 2592.96 125.075 -216.28 2491.63 121.345 -618.674 2495.89 0 0 0 86.0336 -1016.97 2585.95
5723153 44.3321 410.829 2512.83 47.0994 166.829 2499.43 47.0422 -23.6452 2500.52 0 0 0 0 0 0 -91.6636 166.972 2517.09 -142.591 -50.0179 2560.12 0 0 0 -176.976 -300.266 2445.65 0 0 0 0 0 0 185.862 166.686 2481.76 246.116 -83.9668 2519.47 0 0 0 283.258 -292.71 2461.03 0 0 0 -32.4701 -214.038 2511.73 -27.0806 -634.831 2533.66 0 0 0 21.0436 -966.02 2585.99 126.44 -214.202 2491.5 105.183 -607.373 2513.68 0 0 0 81.9869 -1019.28 2588.8
5789739 44.7363 409.778 2511.32 47.3893 166.214 2499.36 47.6536 -23.644 2500.4 0 0 0 0 0 0 -91.4704 166.117 2516.87 -139.341 -51.7716 2560.9 0 0 0 -168.36 -308.412 2452.5 0 0 0 0 0 0 186.249 166.311 2481.84 246.68 -83.9376 2522.63 0 0 0 283.748 -299.204 2473.65 0 0 0 -31.1784 -213.557 2511.43 -30.2711 -636.529 2539.77 0 0 0 23.4636 -963.523 2581.26 127.014 -213.447 2491.47 112.085 -612.179 2503.59 0 0 0 83.4679 -1017.24 2588.69
5839618 44.5429 409.688 2509.7 47.6683 165.709 2498.69 48.5115 -23.4289 2500.3 0 0 0 0 0 0 -90.959 165.243 2516.51 -136.882 -52.1142 2561.86 0 0 0 -169.697 -306.452 2469.92 0 0 0 0 0 0 186.296 166.176 2480.86 247.171 -82.9019 2525.64 0 0 0 286.488 -294.326 2478.75 0 0 0 -29.6931 -212.833 2512.07 -29.353 -636.354 2545.18 0 0 0 29.9152 -993.311 2589.07 128.403 -212.301 2491.75 115.56 -614.24 2497.13 0 0 0 90.4275 -985.645 2561.36
5889618 43.5178 409.818 2502.48 48.1579 165.835 2497.69 49.4318 -23.8286 2499.8 0 0 0 0 0 0 -90.2838 165.11 2516.09 -134.91 -52.4354 2562.74 0 0 0 -166.934 -295.945 2467.28 0 0 0 0 0 0 186.6 166.56 2479.28 247.213 -82.1464 2528.31 0 0 0 292.227 -293.916 2489.34 0 0 0 -28.1864 -213.905 2512.4 -27.3977 -634.816 2543.29 0 0 0 37.2112 -1000.8 2590.01 129.598 -213.079 2491.42 117.442 -613.287 2494.55 0 0 0 86.4601 -987.411 2570.68
5939726 43.1104 411.019 2497.04 48.5212 165.822 2495.8 49.9333 -23.7261 2499.14 0 0 0 0 0 0 -89.9488 165.122 2514.56 -133.048 -51.6759 2563.79 0 0 0 -169.93 -312.057 2496.8 0 0 0 0 0 0 186.991 166.523 2477.04 247.808 -81.2683 2537.31 0 0 0 290.641 -300.566 2500.08 0 0 0 -27.0891 -213.671 2513.12 -27.6718 -633.083 2538.97 0 0 0 33.809 -985.177 2585.15 129.78 -212.878 2491.86 119.255 -615.431 2493.26 0 0 0 83.0932 -1006.31 2597.2
5989497 43.3916 411.416 2492.59 49.2536 165.884 2492.52 50.2917 -23.6043 2497.46 0 0 0 0 0 0 -88.9791 165.591 2510.32 -132.632 -50.3707 2564.32 0 0 0 -175.471 -302.905 2496.86 0 0 0 0 0 0 187.486 166.177 2474.73 247.89 -79.1346 2542.58 0 0 0 286.951 -283.018 2517.43 0 0 0 -27.3656 -213.26 2512.53 -27.7349 -631.172 2537.19 0 0 0 18.1968 -1001.77 2564.95 130.025 -212.926 2492.27 122.081 -612.8 2494.2 0 0 0 81.7119 -1009.23 2602.11
6022790 43.1973 411.604 2483.31 49.338 165.18 2491.81 50.1536 -23.7062 2497.1 0 0 0 0 0 0 -89.0472 165.078 2509.52 -132.327 -49.4859 2565.17 0 0 0 -164.577 -306.322 2494.82 0 0 0 0 0 0 187.723 165.282 2474.11 247.717 -77.2317 2551.83 0 0 0 282.267 -283.333 2518.17 0 0 0 -27.6382 -212.65 2512.45 -27.5116 -626.7 2544.45 0 0 0 5.31142 -1025.41 2574.19 129.577 -212.534 2492.33 123.832 -608.961 2494.3 0 0 0 79.294 -1007.79 2600.95
6089376 42.8135 410.624 2477.47 49.5999 163.834 2490.95 50.2095 -24.38 2496.96 0 0 0 0 0 0 -89.6235 163.946 2508.56 -132.929 -49.9034 2566.39 0 0 0 -165.867 -306.588 2505.27 0 0 0 0 0 0 188.823 163.723 2473.34 247.766 -72.1381 2563.28 0 0 0 281.655 -283.336 2520.48 0 0 0 -28.0691 -212.531 2512.95 -27.3551 -626.468 2546.62 0 0 0 1.9801 -1036.22 2580.96 129.707 -212.657 2492.99 129.908 -605.918 2490.89 0 0 0 76.4529 -1008.17 2599.81
6139942 42.9948 410.364 2473.24 49.7459 163.76 2490.1 50.3111 -24.7445 2496.5 0 0 0 0 0 0 -89.6552 163.946 2507.91 -133.185 -50.1687 2567.85 0 0 0 -158.225 -312.045 2515.64 0 0 0 0 0 0 189.147 163.574 2472.29 247.285 -67.0044 2567.49 0 0 0 269.625 -290.202 2529.1 0 0 0 -28.0991 -213.143 2512.98 -28.2425 -627.614 2550.86 0 0 0 12.0062 -1027.38 2581.34 129.851 -213.355 2492.8 131.771 -606.93 2471.99 0 0 0 89.994 -979.266 2593.27
6189255 44.4051 406.958 2463.47 49.7756 162.94 2488.88 50.2933 -25.6764 2495.45 0 0 0 0 0 0 -90.1174 163.167 2506.41 -132.964 -51.2596 2568.53 0 0 0 -159.599 -314.995 2522.01 0 0 0 0 0 0 189.668 162.713 2471.34 247.564 -69.913 2567.07 0 0 0 277.308 -291.15 2529.75 0 0 0 -27.5286 -214.165 2511.85 -31.2756 -651.21 2543.01 0 0 0 15.4558 -1041.4 2589.31 129.151 -214.42 2492.21 132.749 -606.487 2476.16 0 0 0 85.742 -969.095 2587.13
6240049 45.8036 402.575 2444.09 49.9541 160.892 2484.9 50.276 -27.0445 2493.27 0 0 0 0 0 0 -89.7404 161.348 2500.51 -132.655 -50.5343 2570.57 0 0 0 -152.367 -314.809 2518.29 0 0 0 0 0 0 189.649 160.436 2469.28 246.541 -69.2715 2569.24 0 0 0 268.23 -285.82 2512.09 0 0 0 -27.9324 -214.725 2510.41 -32.3343 -632.512 2518.92 0 0 0 14.4224 -1042.24 2591.14 129.128 -215.238 2492.86 129.618 -608.359 2481.4 0 0 0 81.8562 -971.323 2578.59
6289134 47.0369 401.516 2447.39 49.8058 159.43 2481.85 51.1028 -28.0454 2491.59 0 0 0 0 0 0 -89.6511 159.139 2494.8 -133.211 -54.9801 2576.05 0 0 0 -156.522 -310.089 2541.39 0 0 0 0 0 0 189.263 159.722 2468.89 247.397 -70.6317 2568.04 0 0 0 270.939 -288.405 2523.82 0 0 0 -26.8566 -215.686 2508.7 -18.5682 -639.877 2501.83 0 0 0 12.8415 -1037.98 2588.16 131.656 -215.355 2493.97 133.531 -610.875 2477.94 0 0 0 72.6994 -969.043 2575.11
6322427 50.9957 394.516 2442.65 49.317 154.304 2477.58 51.1779 -33.7524 2487.71 0 0 0 0 0 0 -90.6005 153.379 2486.1 -131.278 -62.6196 2577.39 0 0 0 -141.64 -310.446 2539.45 0 0 0 0 0 0 189.234 155.229 2469.05 249.963 -78.223 2567.45 0 0 0 260.507 -304.581 2538.28 0 0 0 -26.2752 -222.334 2502.68 0.683445 -656.609 2503.55 0 0 0 37.9075 -1037.86 2602.38 132.353 -221.285 2493.01 121.397 -636.382 2461.67 0 0 0 85.5316 -991.039 2550.9
6389013 52.8358 381.202 2417.14 49.4172 155.605 2476.31 51.2349 -33.7511 2486.86 0 0 0 0 0 0 -90.9398 154.886 2487.59 -132.722 -64.5782 2577.9 0 0 0 -145.901 -309.644 2547.36 0 0 0 0 0 0 189.774 156.324 2465.04 250.646 -77.0921 2565.1 0 0 0 262.02 -291.926 2546.35 0 0 0 -27.148 -223.518 2503.85 -10.2818 -664.85 2485 0 0 0 26.3258 -1037.35 2599.37 133.253 -222.696 2490.97 124.224 -632.23 2463.7 0 0 0 81.83 -988.294 2559.86
6440265 53.2663 381.448 2420.65 48.7665 153.533 2471.9 50.9277 -36.9747 2483.7 0 0 0 0 0 0 -92.2204 152.78 2485.57 -134.31 -65.1015 2579.6 0 0 0 -151.466 -291.829 2576.37 0 0 0 0 0 0 189.753 154.286 2458.23 251.965 -76.7572 2564.45 0 0 0 258.539 -280.308 2553.01 0 0 0 -26.4936 -227.907 2503.21 -24.6082 -688.154 2470.74 0 0 0 47.3113 -1060.75 2623.81 132.671 -227.057 2487.78 107.518 -629.21 2441.93 0 0 0 68.3102 -991.611 2536.83
6488892 53.9505 375.176 2403.18 49.642 148.001 2464.48 51.3154 -38.8817 2480.71 0 0 0 0 0 0 -93.7293 148.424 2484.13 -136.936 -66.3541 2582.19 0 0 0 -149.145 -285.942 2559.74 0 0 0 0 0 0 193.013 147.578 2444.83 256.706 -76.1933 2563.9 0 0 0 259.428 -270.149 2562.64 0 0 0 -26.1975 -225.53 2507.79 -24.0398 -688.23 2470.18 0 0 0 37.6443 -1057.81 2624.53 132.175 -225.998 2486.09 109.259 -623.844 2432.51 0 0 0 71.7207 -987.829 2541.84
6540373 54.0539 364.639 2379.62 49.9952 143.743 2458.05 51.2394 -41.0291 2477.91 0 0 0 0 0 0 -93.5044 145.049 2479.2 -152.629 -53.0132 2594.38 0 0 0 -159.019 -268.826 2557.9 0 0 0 0 0 0 193.495 142.436 2436.91 279.432 -36.3051 2564.84 0 0 0 259.031 -254.197 2535.82 0 0 0 -26.7455 -225.08 2509.44 -17.1269 -679.398 2473.79 0 0 0 25.049 -1023.61 2615.22 131.712 -226.522 2486.09 115.178 -625.672 2444.12 0 0 0 71.6593 -986.174 2548.3
6588771 54.3123 356.116 2367.5 54.6035 141.698 2445.44 53.4377 -43.5451 2471.43 0 0 0 0 0 0 -83.7969 145.287 2464.81 -161.467 -45.1677 2601.91 0 0 0 -153.415 -266.904 2556.21 0 0 0 0 0 0 193.004 138.109 2426.07 290.526 -20.5661 2560.62 0 0 0 262.518 -242.647 2518 0 0 0 -27.0704 -226.73 2508.52 -14.7292 -672.876 2472.35 0 0 0 22.2821 -1032.93 2607.86 131.614 -230.845 2486.31 119.269 -627.879 2452.74 0 0 0 71.8318 -967.962 2568.54
6622064 54.5047 352.111 2360.35 50.3508 139.818 2440.16 51.0276 -46.1208 2468.46 0 0 0 0 0 0 -87.9347 142.99 2464.31 -163.849 -45.4279 2602.11 0 0 0 -155.136 -262.718 2544.14 0 0 0 0 0 0 188.636 136.646 2416.01 296.396 -14.9979 2558.04 0 0 0 271.551 -235.986 2509.46 0 0 0 -27.5877 -230.24 2510.6 -15.6921 -669.242 2468.67 0 0 0 37.9949 -1057.63 2606.66 130.997 -233.878 2482.91 127.181 -646.065 2464.15 0 0 0 72.4021 -979.098 2565.37
6688650 56.4661 344.892 2349.35 48.5767 138.837 2432.25 50.33 -48.9054 2464.76 0 0 0 0 0 0 -90.1224 142.639 2461.69 -167.207 -40.2224 2602.27 0 0 0 -164.966 -258.473 2548.19 0 0 0 0 0 0 187.276 135.036 2402.82 299.722 -15.3587 2555.32 0 0 0 280.323 -243.242 2513.22 0 0 0 -26.6599 -234.49 2513.98 -14.6295 -663.52 2470.21 0 0 0 38.928 -1059.31 2603.19 130.826 -238.806 2480.56 125.759 -646.148 2460.25 0 0 0 73.2387 -991.25 2568.34
6721943 60.2127 337.211 2330.44 49.2516 136.045 2422.99 51.0191 -50.8331 2460.73 0 0 0 0 0 0 -89.8991 140.216 2450.15 -169.001 -37.8193 2601.79 0 0 0 -159.414 -266.163 2551.55 0 0 0 0 0 0 188.402 131.875 2395.82 301.694 -18.4304 2552.92 0 0 0 273.436 -252.669 2512.05 0 0 0 -26.0253 -235.349 2513.86 -19.1294 -651.421 2456.58 0 0 0 35.513 -1057.3 2593.66 131.598 -240.074 2483.09 136.562 -645.787 2477.68 0 0 0 66.7031 -991.214 2602.78
6788529 58.1492 326.535 2314.87 50.8923 133.74 2416.66 52.9717 -53.4628 2458.27 0 0 0 0 0 0 -88.1885 138.236 2443.84 -164.96 -37.1981 2591.05 0 0 0 -159.919 -273.4 2569.28 0 0 0 0 0 0 189.973 129.244 2389.48 306.154 -27.5225 2542.42 0 0 0 266.314 -275.257 2516.15 0 0 0 -24.465 -238.095 2515.42 -18.2075 -647.744 2451.56 0 0 0 37.8777 -1058.04 2553.92 134.567 -243.236 2484.34 131.696 -642.727 2475.21 0 0 0 67.954 -991.291 2594.22
6821822 58.0257 313.505 2299.46 54.362 126.059 2408.53 55.2841 -57.6917 2454.7 0 0 0 0 0 0 -87.6392 131.407 2432.64 -160.399 -43.6639 2594.23 0 0 0 -151.54 -277.554 2573.41 0 0 0 0 0 0 196.363 120.712 2384.41 309.977 -36.6941 2537.28 0 0 0 282.382 -270.769 2541.97 0 0 0 -23.7072 -238.433 2514.44 -5.60307 -674.023 2445.82 0 0 0 38.4594 -1057.8 2553.68 136.12 -244.452 2487.29 130.968 -646.987 2477.62 0 0 0 59.3873 -987.486 2584.12
6888408 61.4416 306.376 2278.64 59.5405 117.473 2396.44 58.7917 -62.5477 2449.58 0 0 0 0 0 0 -84.9582 125.169 2420.47 -162.945 -41.4687 2594.18 0 0 0 -150.769 -273.43 2587.41 0 0 0 0 0 0 204.039 109.778 2372.41 310.186 -36.231 2538.53 0 0 0 280.162 -270.059 2563.33 0 0 0 -22.1381 -238.298 2516.07 -10.4952 -663.289 2451.88 0 0 0 42.4849 -1059.57 2562.54 138.224 -246.839 2489.4 130.885 -645.357 2474.46 0 0 0 60.3552 -978.767 2580.46
6921701 65.9061 298.894 2272.26 62.5184 105.741 2385.59 60.3068 -69.1911 2447.41 0 0 0 0 0 0 -83.3836 115.731 2408.64 -165.387 -39.8449 2587.52 0 0 0 -148.478 -271.716 2590.35 0 0 0 0 0 0 208.42 95.7508 2362.54 315.288 -43.8911 2539.56 0 0 0 295.188 -270.389 2590.39 0 0 0 -21.5756 -238.668 2521.82 -11.29 -657.615 2458.95 0 0 0 46.1514 -1058.54 2558.73 137.766 -249.578 2496.65 132.884 -641.305 2474.29 0 0 0 64.211 -979.738 2573.44
6988287 72.6936 282.788 2265.2 64.3453 92.4469 2375.37 61.4325 -76.4709 2441.96 0 0 0 0 0 0 -79.871 105.442 2402.03 -162.269 -43.483 2580.38 0 0 0 -148.609 -266.025 2598.27 0 0 0 0 0 0 208.562 79.4515 2348.71 314.584 -41.7658 2540.55 0 0 0 291.23 -253.453 2612.54 0 0 0 -20.4385 -238.274 2523.14 -13.6928 -651.301 2459.23 0 0 0 8.59363 -969.976 2529.11 137.478 -252.504 2493.94 132.007 -643.461 2474.13 0 0 0 67.5246 -996.55 2554.74
7021580 74.0661 274.418 2263.66 65.659 81.6797 2374.34 64.1898 -95.6118 2445.78 0 0 0 0 0 0 -76.0798 95.5507 2405.84 -164.255 -54.1986 2581.34 0 0 0 -150.019 -257.771 2616.37 0 0 0 0 0 0 207.398 67.8088 2342.83 317.724 -46.4518 2535.47 0 0 0 302.741 -246.734 2618.43 0 0 0 -14.3128 -265.365 2534.35 -21.0995 -764.029 2520.13 0 0 0 64.4026 -1191.04 2675.67 139.754 -280.442 2500.11 117.676 -674.06 2475.43 0 0 0 57.4743 -953.365 2534.92
7088166 72.2818 268.212 2251.07 65.34 76.1046 2374 65.8479 -98.4693 2446.18 0 0 0 0 0 0 -76.2427 87.6977 2403.03 -164.165 -52.5465 2585.49 0 0 0 -137.27 -255.914 2613.83 0 0 0 0 0 0 206.923 64.5115 2344.96 320.22 -48.7064 2537.38 0 0 0 298.87 -238.127 2614.14 0 0 0 -7.9306 -266.96 2533.6 -19.6711 -707.154 2494.95 0 0 0 64.8659 -1172.89 2658.46 140.642 -279.126 2503.14 104.543 -682.461 2449.92 0 0 0 64.7806 -966.842 2540.81
7121459 71.5567 265.235 2241.13 66.1486 69.7924 2367.91 67.6407 -106.185 2441.5 0 0 0 0 0 0 -74.4983 79.8319 2394.77 -164.98 -47.9472 2586.94 0 0 0 -128.886 -241.015 2640.75 0 0 0 0 0 0 206.795 59.7528 2341.05 319.828 -51.934 2535.07 0 0 0 301.2 -235.868 2605.7 0 0 0 -8.05783 -276.652 2529.83 -19.1148 -689.493 2479.95 0 0 0 63.221 -1165.25 2641.32 146.324 -287.672 2500.34 114.047 -671.815 2463.6 0 0 0 65.8469 -955.104 2544.34
7188045 71.4332 260.422 2224.05 69.568 67.9348 2359.83 70.2852 -107.389 2436.16 0 0 0 0 0 0 -69.3303 75.7491 2379.09 -166.91 -44.6459 2583.12 0 0 0 -116.762 -235.109 2627.79 0 0 0 0 0 0 208.466 60.1206 2340.58 319.915 -53.0458 2535.26 0 0 0 286.608 -236.665 2586.22 0 0 0 -6.85342 -278.334 2523.28 -15.2472 -681.488 2470.17 0 0 0 59.5933 -1157.46 2627.59 148.858 -287.094 2501.69 117.2 -672.33 2469.5 0 0 0 64.865 -953.475 2546.55
7221338 71.9726 257.463 2216.64 69.8532 67.8288 2356.36 72.1018 -102.563 2430.92 0 0 0 0 0 0 -70.7567 72.0911 2370.35 -168.616 -42.5417 2578.34 0 0 0 -128.686 -236.598 2631.35 0 0 0 0 0 0 210.463 63.5666 2342.38 323.641 -50.8691 2539.85 0 0 0 271.928 -232.696 2570.94 0 0 0 -3.51325 -270.595 2513.22 -8.14666 -671.979 2437.58 0 0 0 58.0964 -1142.39 2616.27 152.214 -275.316 2497.73 124.531 -659.631 2475.4 0 0 0 75.5354 -935.195 2537.25
7287924 72.5425 253.987 2213.17 69.8193 67.392 2356.16 74.9868 -106.409 2416.94 0 0 0 0 0 0 -73.085 64.4376 2359.86 -169.648 -47.1509 2566.48 0 0 0 -133.807 -230.757 2612.01 0 0 0 0 0 0 212.724 70.3463 2352.46 330.588 -40.0192 2554.01 0 0 0 287.818 -211.425 2564.72 0 0 0 7.03498 -281.721 2479.61 -4.14649 -673.192 2434.28 0 0 0 56.2244 -1135.27 2621.21 153.274 -278.698 2475.82 132.565 -660.803 2459.05 0 0 0 75.3075 -928.306 2510.31
7321217 71.9076 252.674 2210.91 69.938 67.0149 2352.94 74.553 -106.129 2411.87 0 0 0 0 0 0 -73.572 62.0025 2349.45 -169.422 -46.3035 2560.12 0 0 0 -130.838 -240.706 2608.17 0 0 0 0 0 0 213.448 72.0273 2356.43 332.653 -36.474 2559.92 0 0 0 284.874 -213.987 2575.09 0 0 0 7.71462 -281.769 2469.06 6.21404 -666.805 2401 0 0 0 53.3943 -1129.63 2620.89 150.621 -276.777 2472.53 144.089 -664.776 2441.2 0 0 0 72.0158 -937.839 2505.96
7387803 72.6521 251.181 2209.65 70.7601 68.4915 2352.64 75.3176 -104.206 2409.92 0 0 0 0 0 0 -74.3432 63.7019 2349.74 -169.659 -45.55 2557.13 0 0 0 -126.571 -229.116 2597.9 0 0 0 0 0 0 215.863 73.2811 2355.53 334.911 -33.9299 2563.18 0 0 0 264.796 -220.67 2578.96 0 0 0 5.55335 -279.357 2465.73 11.3606 -654.448 2388.36 0 0 0 58.247 -1019.29 2584.66 154.197 -274.45 2468.69 146.69 -662.346 2439.07 0 0 0 72.9707 -949.513 2507.08
7421096 73.2206 250.93 2214.94 69.9314 65.8209 2349.5 75.0415 -103.242 2410.21 0 0 0 0 0 0 -76.1374 62.6191 2352.88 -165.902 -43.2511 2562.73 0 0 0 -123.91 -231.371 2593.71 0 0 0 0 0 0 216 69.0226 2346.12 342.366 -23.9723 2554.62 0 0 0 280.494 -219.352 2588.17 0 0 0 6.10056 -273.927 2472.64 6.49264 -616.524 2375.4 0 0 0 58.6145 -1016.89 2574.62 154.203 -270.681 2469.21 136.306 -649.863 2415.51 0 0 0 74.2119 -953.991 2506.16
7487682 73.5856 248.048 2214.41 72.522 56.7559 2345.61 73.9123 -101.291 2416.52 0 0 0 0 0 0 -74.1824 61.8035 2359.74 -169.363 -38.4969 2566.78 0 0 0 -130.57 -227.988 2594.62 0 0 0 0 0 0 219.227 51.7083 2331.48 342.842 -20.5222 2543.16 0 0 0 282.166 -219.448 2564.49 0 0 0 -1.56389 -256.693 2494.83 26.1654 -598.814 2347.82 0 0 0 70.8268 -1009.42 2527.29 152.169 -261.982 2480.02 136.807 -643.073 2422.95 0 0 0 77.8954 -962.927 2531.15
7520975 73.1513 245.855 2214.58 77.1653 55.8852 2343.36 76.4372 -104.113 2414.19 0 0 0 0 0 0 -62.6984 59.1677 2349.33 -182.416 -23.067 2547.82 0 0 0 -131.413 -221.816 2582.7 0 0 0 0 0 0 217.029 52.6027 2337.38 342.686 -22.2022 2540.22 0 0 0 277.113 -231.401 2565.12 0 0 0 -0.193374 -262.33 2488.26 38.3881 -607.773 2319.12 0 0 0 -2.09614 -896.168 2357.27 151.612 -265.893 2481.77 140.697 -647.144 2423.26 0 0 0 83.6065 -974.736 2530.63
7554268 73.3411 245.161 2213.03 75.6609 55.7292 2340.59 73.502 -108.633 2409.29 0 0 0 0 0 0 -65.2251 64.943 2358.21 -177.932 -21.4766 2558.87 0 0 0 -135.855 -224.123 2588.48 0 0 0 0 0 0 216.547 46.5153 2322.97 344.172 -25.4445 2526.03 0 0 0 277.403 -236.753 2548.19 0 0 0 -2.78368 -268.147 2487.25 31.2819 -618.639 2280.09 0 0 0 2.29194 -904.758 2337.46 145.47 -277.842 2468.71 128.079 -660.188 2413.75 0 0 0 70.7512 -992.352 2529.4
7620854 73.9977 242.77 2209.79 73.3622 54.6893 2329.75 72.5274 -111.767 2398.84 0 0 0 0 0 0 -65.6967 65.113 2353.19 -179.283 -19.7259 2546.62 0 0 0 -136.516 -225.204 2563.37 0 0 0 0 0 0 212.421 44.2657 2306.32 345.586 -26.137 2522.38 0 0 0 284.566 -246.771 2553.97 0 0 0 -1.56937 -272.732 2480.27 23.4577 -628.095 2263.7 0 0 0 7.30955 -916.809 2320.67 144.954 -283.715 2455.58 132.248 -662.989 2410.68 0 0 0 75.297 -985.571 2530.48
7654147 72.5269 235.702 2189.39 72.9665 54.8767 2329.42 73.2568 -119.567 2389.39 0 0 0 0 0 0 -67.5425 60.4815 2346.4 -181.346 -26.5759 2533.14 0 0 0 -135.252 -237.322 2558.8 0 0 0 0 0 0 213.476 49.2719 2312.44 346.831 -47.7172 2505.85 0 0 0 285.108 -250.895 2545.2 0 0 0 -2.17792 -290.99 2458.51 16.2481 -633.585 2248.73 0 0 0 9.97575 -917.54 2299.82 149.272 -297.031 2440.2 138.678 -676.253 2410.43 0 0 0 78.7341 -988.456 2529.26
7720733 72.6343 233.655 2182.67 71.565 51.4386 2313.56 72.2862 -121.642 2378.43 0 0 0 0 0 0 -66.2668 56.12 2327.59 -189.816 -36.157 2519.48 0 0 0 -137.293 -255.383 2532.42 0 0 0 0 0 0 209.397 46.7572 2299.54 346.558 -62.2299 2490.87 0 0 0 299.164 -275.578 2526.03 0 0 0 -4.57452 -292.088 2451.19 15.748 -638.82 2235.44 0 0 0 12.841 -926.535 2276.79 150.59 -297.359 2435.41 148.433 -680.248 2412.36 0 0 0 78.2233 -984.899 2533.68
7754026 72.8912 231.722 2174.9 70.3924 46.1723 2297.21 73.0826 -125.472 2358.38 0 0 0 0 0 0 -65.4366 45.8225 2302.21 -195.295 -58.2834 2502.45 0 0 0 -129.134 -262.146 2518.99 0 0 0 0 0 0 206.221 46.5221 2292.22 343.452 -66.7691 2484.6 0 0 0 274.34 -270.051 2516.83 0 0 0 -1.02176 -297.314 2422.36 19.2508 -643.297 2240.91 0 0 0 17.2125 -927.261 2271.51 152.567 -296.918 2416.71 150.428 -675.478 2404.82 0 0 0 69.3722 -983.762 2538.32
7808404 71.0043 226.855 2168.86 69.633 35.0932 2274.12 68.9758 -123.671 2343.96 0 0 0 0 0 0 -62.8064 41.4702 2287.37 -193.675 -71.0877 2465.47 0 0 0 -150.389 -269.004 2484.85 0 0 0 0 0 0 202.072 28.7162 2260.87 338.784 -72.8525 2466.47 0 0 0 290.67 -273.837 2490 0 0 0 -14.1262 -278.465 2422.06 36.8215 -615.814 2219.17 0 0 0 20.3002 -935.611 2260.95 150.763 -286.405 2405.56 148.654 -670.86 2398.74 0 0 0 85.0927 -935.22 2649.51
7853905 66.1645 213.491 2144.76 70.1347 27.4736 2260.73 69.0744 -129.69 2331.73 0 0 0 0 0 0 -61.2631 34.7687 2274.91 -189.957 -71.4791 2452.39 0 0 0 -158.899 -269.461 2468.79 0 0 0 0 0 0 201.532 20.1784 2246.54 337.069 -76.7632 2446.83 0 0 0 279.916 -279.55 2484.3 0 0 0 -10.8959 -282.472 2411.25 30.0362 -619.571 2193.67 0 0 0 17.8641 -940.496 2245.86 146.924 -291.234 2394.21 149.941 -674.618 2389.81 0 0 0 85.4674 -938.861 2653.74
7920491 52.9111 208.636 2114.31 67.3608 20.0135 2246.93 66.4109 -136.727 2318.62 0 0 0 0 0 0 -65.9065 27.338 2261.17 -190.411 -70.4933 2453.06 0 0 0 -162.199 -274.282 2441.67 0 0 0 0 0 0 200.628 12.6891 2232.68 345.331 -100.129 2421.46 0 0 0 284.985 -288.219 2435.4 0 0 0 -10.3586 -289.301 2398.42 28.7943 -618.173 2155.63 0 0 0 15.0437 -947.49 2227.44 141.281 -297.636 2382.21 137.056 -654.374 2363.82 0 0 0 85.7801 -939.106 2659.96
7953784 50.7277 203.139 2099.97 64.2514 14.3569 2230.98 64.602 -146.304 2303.19 0 0 0 0 0 0 -70.1692 22.588 2249.95 -204.057 -79.01 2423.35 0 0 0 -151.686 -289.096 2426.24 0 0 0 0 0 0 198.672 6.12584 2212.02 342.685 -108.562 2396.59 0 0 0 282.351 -299.394 2402.75 0 0 0 -13.2143 -302.178 2386.43 25.1087 -622.823 2129.88 0 0 0 14.3211 -957.462 2204.64 143.12 -311.751 2364.38 137.294 -668.82 2347.73 0 0 0 87.305 -932.689 2668.39
7987077 50.2525 198.302 2088.99 60.9694 10.0092 2214.95 61.5173 -149.244 2291.89 0 0 0 0 0 0 -76.6672 16.0253 2228.38 -211.195 -89.434 2404.27 0 0 0 -165.6 -286.246 2402.12 0 0 0 0 0 0 198.606 3.993 2201.52 336.323 -100.72 2381.9 0 0 0 286.758 -295.129 2379.31 0 0 0 -17.3438 -305.025 2376.57 21.3544 -613.516 2113.09 0 0 0 20.9676 -945.739 2199.54 141.474 -311.967 2361.07 131.45 -677.87 2332.4 0 0 0 86.7855 -938.353 2667.44
8053663 49.4907 194.356 2069.28 57.2194 6.90991 2197.66 58.2936 -149.885 2278.1 0 0 0 0 0 0 -80.2535 12.2066 2209.82 -215.704 -100.259 2388.22 0 0 0 -175.435 -300.469 2360.39 0 0 0 0 0 0 194.692 1.61325 2185.5 334.6 -90.7736 2367.21 0 0 0 283.643 -301.377 2337.09 0 0 0 -21.1015 -303.58 2365.65 20.7597 -602.162 2087.38 0 0 0 21.3712 -937.394 2194.81 139.837 -309.781 2351.42 128.993 -681.659 2324.05 0 0 0 86.3755 -939.674 2660.12
8086956 45.1581 190.439 2048.11 50.4167 4.68652 2176.78 53.3992 -153.162 2257.08 0 0 0 0 0 0 -86.3002 11.1341 2194.53 -220.7 -114.872 2375.86 0 0 0 -185.457 -302.799 2335.06 0 0 0 0 0 0 187.134 -1.76106 2159.03 327.444 -108.504 2327.65 0 0 0 271.107 -313.12 2298.88 0 0 0 -26.3806 -307.108 2348.13 16.2832 -605.163 2066.82 0 0 0 19.9804 -935.794 2207.08 139.144 -314.914 2326.64 130.542 -681.324 2327.53 0 0 0 87.0765 -939.612 2661.27
8153542 38.5001 186.238 2025.33 43.9068 1.92792 2153.58 45.6993 -154.734 2227.35 0 0 0 0 0 0 -93.6888 6.80804 2167.28 -222.275 -130.762 2319.99 0 0 0 -186.594 -313.804 2284.96 0 0 0 0 0 0 181.502 -2.95221 2139.87 324.243 -115.772 2293.93 0 0 0 270.247 -309.744 2257.54 0 0 0 -32.9312 -308.544 2309.14 12.5387 -613.085 2052.95 0 0 0 23.9428 -934.097 2219.3 127.915 -314.249 2293.12 142.52 -670.083 2288.69 0 0 0 86.3815 -943.893 2652.79
8186835 35.4453 181.731 2002.31 38.9053 0.350662 2130.01 41.5466 -158.331 2208.52 0 0 0 0 0 0 -96.4591 3.70622 2141.35 -222.327 -137.802 2289.52 0 0 0 -192.463 -314.925 2258.21 0 0 0 0 0 0 174.27 -3.0049 2118.68 319.167 -114.069 2276.79 0 0 0 267.927 -309.943 2232.51 0 0 0 -34.4025 -315.065 2293.62 13.0285 -621.201 2032.25 0 0 0 21.3435 -931.682 2230.75 122.778 -318.961 2280.45 142.143 -677.163 2250.47 0 0 0 85.9757 -943.147 2645.37
8253421 30.4555 178.366 1965.98 37.2298 -2.60097 2101.44 39.5727 -164.567 2181.99 0 0 0 0 0 0 -98.8632 -1.85181 2106.91 -226.41 -143.63 2247.51 0 0 0 -197.337 -325.462 2188.56 0 0 0 0 0 0 173.323 -3.35013 2095.98 315.098 -118.439 2248.24 0 0 0 262.9 -307.993 2200.95 0 0 0 -35.9846 -326.104 2265.67 14.5469 -608.029 2014.7 0 0 0 10.136 -884.703 2293.54 119.816 -326.961 2259.41 140.944 -693.074 2216.31 0 0 0 93.0414 -938.44 2524.42
8286714 28.5754 175.297 1946.53 29.436 -6.62933 2074.26 35.6123 -165.91 2154.65 0 0 0 0 0 0 -112.435 -8.21855 2082.01 -249.295 -144.121 2227.67 0 0 0 -200.52 -332.138 2160.46 0 0 0 0 0 0 171.307 -5.04012 2066.51 312.86 -117.333 2220.54 0 0 0 246.891 -316.507 2165.43 0 0 0 -40.5472 -326.113 2239.54 14.4366 -604.429 1985.08 0 0 0 19.5666 -880.616 2271.25 124.125 -324.268 2230.55 143.358 -697.019 2211.39 0 0 0 91.9973 -942.294 2553.83
8353300 25.4925 174.619 1933.82 28.3117 -7.37823 2052.73 34.112 -162.888 2133.37 0 0 0 0 0 0 -114.054 -11.2456 2055.51 -245.076 -150.947 2177.45 0 0 0 -207.26 -334.166 2091.47 0 0 0 0 0 0 170.677 -3.51083 2049.95 312.52 -125.621 2198.49 0 0 0 246.098 -320.764 2110.58 0 0 0 -42.2056 -320.628 2215.62 16.3651 -614.024 1984.92 0 0 0 28.6775 -887.296 2277.2 122.03 -316.167 2212.41 144.77 -693.099 2197.28 0 0 0 94.2624 -941.423 2537.63
8386593 21.7907 174.639 1919.67 27.0716 -9.35516 2030.61 32.8068 -162.428 2118.34 0 0 0 0 0 0 -114.698 -10.3743 2038.1 -245.622 -170.136 2142.11 0 0 0 -214.783 -330.032 2053.26 0 0 0 0 0 0 168.841 -8.336 2023.12 310.609 -135.731 2173.45 0 0 0 241.791 -322.72 2065.14 0 0 0 -43.0774 -316.089 2210.39 17.5576 -614.322 1971.54 0 0 0 33.5342 -896.356 2261.97 120.161 -314.915 2201.77 141.04 -692.7 2192.28 0 0 0 64.8954 -801.257 2222.92
8453179 15.3654 179.631 1899.29 24.9115 -12.889 2009.3 25.1306 -165.2 2098.45 0 0 0 0 0 0 -115.769 -4.5934 2023.82 -243.793 -166.898 2124.22 0 0 0 -214.538 -326.934 2005.66 0 0 0 0 0 0 165.592 -21.1846 1994.78 313.847 -165.329 2129.32 0 0 0 216.224 -359.28 1993.77 0 0 0 -62.1241 -312.353 2196.63 17.4357 -611.122 1942.57 0 0 0 28.4783 -908.036 2244.72 112.824 -322.669 2178.57 114.947 -694.648 2176.04 0 0 0 62.1178 -802.999 2257.26
8486472 12.2774 181.118 1886.46 24.6336 -11.3144 1991.49 20.7291 -162.821 2078.95 0 0 0 0 0 0 -113.058 2.41145 2009.13 -241.628 -162.776 2102.59 0 0 0 -206.036 -327.371 1974.51 0 0 0 0 0 0 162.325 -25.0403 1973.86 307.588 -173.512 2079.46 0 0 0 220.266 -361.355 1956.06 0 0 0 -73.378 -305.336 2177.95 14.5432 -607.761 1920.92 0 0 0 20.1881 -908.565 2230.97 107.027 -323.319 2154.85 125.235 -690.504 2156.08 0 0 0 58.6335 -821.989 2288.1
8553058 11.0319 184.459 1872.21 23.5756 -7.81429 1969.67 20.5059 -160.114 2053.09 0 0 0 0 0 0 -110.092 2.33594 1983.28 -250.826 -165.082 2052.28 0 0 0 -197.511 -334.718 1900.14 0 0 0 0 0 0 157.243 -17.9645 1956.06 304.498 -172.435 2032.95 0 0 0 212.269 -363.165 1892 0 0 0 -68.1552 -305.914 2145.23 18.9351 -619.327 1910.94 0 0 0 21.1037 -914.596 2239.18 103.028 -318.913 2127.79 120.596 -686.058 2153.54 0 0 0 53.2093 -828.869 2302.24
8586351 12.2021 186.423 1857.95 23.365 -6.95383 1953.41 21.2102 -159.206 2034.59 0 0 0 0 0 0 -108.742 1.62804 1966 -252.365 -165.772 2027.81 0 0 0 -191.669 -327.961 1864.56 0 0 0 0 0 0 155.472 -15.5357 1940.82 307.969 -170.821 2007.07 0 0 0 218.37 -358.079 1856.23 0 0 0 -66.0663 -305.929 2123.89 20.4953 -624.302 1899.72 0 0 0 -2.0425 -767.359 2006.72 104.177 -316.989 2107.67 135.127 -663.562 2169.16 0 0 0 49.521 -838.399 2328.05
8652937 14.287 189.826 1843.7 22.9022 -7.45479 1935.92 20.7049 -160.072 2020.01 0 0 0 0 0 0 -107.62 1.91972 1949.52 -228.212 -174.803 1919.79 0 0 0 -178.897 -326.232 1787.18 0 0 0 0 0 0 153.424 -16.8293 1922.31 311.956 -170.648 1960.76 0 0 0 221.815 -344.461 1785.43 0 0 0 -68.1581 -306.465 2113.14 25.9085 -626.74 1890.2 0 0 0 -2.25242 -767.762 2010.99 105.173 -318.914 2095.08 144.461 -654.493 2172.69 0 0 0 46.8036 -846.368 2343.49
8686230 12.9182 190.989 1830.42 19.5447 -8.69154 1923.64 16.856 -163.749 2008.55 0 0 0 0 0 0 -112.381 -0.753296 1933.96 -232.247 -184.503 1911.6 0 0 0 -155.317 -327.977 1738.84 0 0 0 0 0 0 151.47 -16.6298 1913.32 310.476 -170.222 1940.74 0 0 0 224.434 -333.587 1753.36 0 0 0 -74.5534 -313.468 2100.4 28.3977 -626.466 1885.52 0 0 0 2.66153 -766.13 2018.18 102.888 -324.145 2086.52 147.66 -650.328 2174.35 0 0 0 40.4333 -844.7 2308.21
8752816 11.7682 193.342 1822.01 16.5373 -7.81548 1909.45 15.6637 -163.809 1995.23 0 0 0 0 0 0 -115.715 -2.26073 1918.2 -237.041 -197.678 1882.58 0 0 0 -147.109 -299.205 1659.56 0 0 0 0 0 0 148.79 -13.3702 1900.69 298.059 -176.815 1903.09 0 0 0 210.259 -317.595 1677.19 0 0 0 -73.701 -316.086 2086.87 30.7591 -626.544 1877.63 0 0 0 22.9014 -759.12 2042.53 103.281 -323.52 2075.15 141.216 -647.992 2167.77 0 0 0 37.2065 -849.447 2288.71
8786109 7.54109 196.146 1809.55 15.7378 -5.88951 1891.32 15.7215 -164.708 1972.57 0 0 0 0 0 0 -116.45 -4.71176 1893.6 -237.832 -200.1 1835.09 0 0 0 -133.149 -287.676 1619.46 0 0 0 0 0 0 147.926 -7.06726 1889.05 291.896 -179.795 1885.7 0 0 0 208.111 -307.191 1649.73 0 0 0 -70.5889 -322.759 2055.29 33.8237 -650.266 1873.52 0 0 0 35.6913 -751.859 2051.91 101.999 -324.296 2052.32 139.028 -646.691 2167.09 0 0 0 30.9093 -864.941 2275.53
8852695 6.31837 196.968 1800.74 16.941 -5.39079 1874.82 16.4112 -166.677 1956.72 0 0 0 0 0 0 -114.751 -5.91666 1872.93 -224.825 -187.564 1796.23 0 0 0 -120.012 -258.086 1558.99 0 0 0 0 0 0 148.633 -4.86493 1876.71 277.192 -180.939 1838.37 0 0 0 204.449 -280.054 1588.29 0 0 0 -65.0406 -328.287 2037.45 34.6084 -658.279 1869.21 0 0 0 37.5103 -743.319 2043.1 96.8035 -327.641 2039.77 130.612 -637.097 2179.34 0 0 0 26.0599 -878.245 2274.2
8885988 5.47358 197.639 1794.84 15.8693 -3.22263 1863.01 16.3545 -170.238 1941.99 0 0 0 0 0 0 -114.703 -7.52603 1854.71 -217.564 -178.709 1744.6 0 0 0 -112.892 -245.491 1520.97 0 0 0 0 0 0 146.441 1.08078 1871.31 269.56 -171.868 1826.28 0 0 0 207.569 -257.03 1575.61 0 0 0 -61.9558 -339.85 2015.97 34.4439 -655.052 1870.82 0 0 0 37.4434 -732.108 2047.7 95.6353 -334.657 2025.98 132.856 -645.897 2170.97 0 0 0 26.7995 -893.106 2270.19
8952574 4.85572 198.983 1779.89 16.4637 -0.0631409 1852.48 21.7627 -170.547 1927.74 0 0 0 0 0 0 -113.142 -9.49316 1840.25 -213.464 -167.786 1692.96 0 0 0 -102.795 -223.06 1466.28 0 0 0 0 0 0 146.069 9.36688 1864.72 262.129 -157.082 1792.34 0 0 0 187.368 -238.218 1519.22 0 0 0 -40.8884 -345.975 1996.58 33.3153 -657.183 1871.99 0 0 0 49.5589 -749.454 2097.4 95.0116 -336.087 2009.41 128.868 -644.525 2159.39 0 0 0 24.898 -900.034 2260.9
9019160 2.62377 200.667 1767.05 15.6673 6.61728 1838.04 22.21 -165.775 1914.98 0 0 0 0 0 0 -113.78 -3.83403 1825.63 -206.993 -161.869 1668.09 0 0 0 -94.1814 -201.964 1426.09 0 0 0 0 0 0 145.114 17.0686 1850.45 262.977 -145.756 1754.73 0 0 0 168.841 -210.954 1468.7 0 0 0 -36.8732 -343.465 1985.63 31.2889 -653.221 1862.34 0 0 0 72.3581 -782.89 2201.37 94.3788 -332.868 1998.21 130.688 -647.333 2157.31 0 0 0 22.7941 -907.917 2255.53
9052453 1.16089 201.723 1753.99 16.1986 10.3857 1823.19 22.4065 -161.433 1905.69 0 0 0 0 0 0 -112.528 0.554092 1812.4 -191.151 -140.125 1637.83 0 0 0 -85.9941 -192.246 1398.04 0 0 0 0 0 0 144.926 20.2174 1833.98 258.614 -141.347 1734.5 0 0 0 175.07 -191.588 1457.41 0 0 0 -37.1345 -338.274 1982.68 10.4344 -619.201 1847.73 0 0 0 75.8888 -782.484 2208.68 94.3634 -328.23 1993.7 126.397 -648.608 2151.74 0 0 0 21.2869 -915.591 2247.14
9085746 1.80896 202.283 1747.85 15.3096 13.2881 1811.82 21.5346 -154.089 1900.77 0 0 0 0 0 0 -111.002 0.75441 1797.07 -183.542 -134.38 1615.84 0 0 0 -77.5567 -187.792 1379.13 0 0 0 0 0 0 141.622 25.8218 1826.56 255.765 -135.293 1724.71 0 0 0 165.63 -177.321 1439.21 0 0 0 -41.4611 -328.334 1981.64 14.2779 -604.429 1853.95 0 0 0 45.7326 -781.418 2176.5 96.9802 -314.597 1997.8 127.154 -654.035 2148.6 0 0 0 22.6462 -927.635 2242.91
9152332 1.96842 204.339 1743.23 13.3381 16.8456 1799.95 15.9315 -142.011 1898.98 0 0 0 0 0 0 -108.916 -2.24663 1772.53 -179.21 -135.259 1583.4 0 0 0 -71.4306 -172.598 1334.57 0 0 0 0 0 0 135.592 35.9378 1827.38 250.719 -114.767 1700.85 0 0 0 159.908 -147.079 1423.49 0 0 0 -54.0737 -312.205 1981.71 2.07705 -594.101 1854.28 0 0 0 12.3029 -683.88 1985.31 91.1236 -289.53 2014.29 132.917 -656.921 2133.17 0 0 0 32.4203 -942.282 2234.08
9185625 1.3069 205.353 1739.09 10.804 20.2435 1788.08 13.5905 -134.985 1893.16 0 0 0 0 0 0 -108.329 -4.11584 1755.25 -171.331 -133.607 1557.61 0 0 0 -66.4027 -162.604 1313.9 0 0 0 0 0 0 129.937 44.6028 1820.9 244.15 -109.741 1690.89 0 0 0 155.771 -129.955 1414.86 0 0 0 -59.5886 -305.746 1977.31 -1.24719 -591.553 1855.71 0 0 0 0.325779 -681.462 1983.58 92.3424 -274.68 2019.18 139.553 -658.06 2129.8 0 0 0 36.5446 -948.224 2230.19
9252211 0.221465 209.093 1726.32 8.83265 22.7052 1778.52 13.1375 -127.874 1884.29 0 0 0 0 0 0 -109.567 -5.13699 1743.7 -157.518 -133.684 1542.17 0 0 0 -58.3209 -144.921 1283.55 0 0 0 0 0 0 127.232 50.5474 1813.33 232.278 -93.8168 1665.82 0 0 0 154.238 -102.862 1394.12 0 0 0 -63.0421 -297.38 1966.4 0.666019 -600.337 1859.72 0 0 0 -19.801 -668.542 1947.37 97.927 -259.527 2013.73 139.49 -651.859 2124.7 0 0 0 37.0125 -951.32 2226.56
9285504 0.719982 210.165 1723.8 8.07107 26.6052 1771.42 12.3069 -122.119 1876.81 0 0 0 0 0 0 -111.486 -1.69333 1736.29 -154.216 -118.236 1515.65 0 0 0 -57.4171 -130.859 1268.62 0 0 0 0 0 0 127.628 54.9037 1806.55 220.804 -88.0995 1650 0 0 0 152.411 -92.7847 1380.28 0 0 0 -65.5085 -290.265 1958.1 0.997566 -602.127 1858.53 0 0 0 -24.685 -663.537 1934.59 98.594 -251.423 2006.31 141.162 -641.284 2116.43 0 0 0 36.1246 -950.863 2223.18
9352090 0.639588 211.434 1721.47 7.84203 29.7175 1763.8 11.8121 -120.035 1872.54 0 0 0 0 0 0 -113.195 0.817917 1728.42 -146.963 -98.1052 1493.64 0 0 0 -53.2054 -109.803 1242.91 0 0 0 0 0 0 128.879 58.6171 1799.18 215.469 -81.8488 1637.84 0 0 0 149.873 -68.8233 1347.85 0 0 0 -63.8682 -288.805 1958 1.91413 -607.18 1857.2 0 0 0 -23.7764 -665.966 1930.59 95.4326 -250.769 2004.57 139.785 -641.71 2119.32 0 0 0 34.2236 -948.944 2221.75
9418676 0.9359 214.891 1715.19 18.8883 39.9998 1755.17 17.3286 -114.624 1868.25 0 0 0 0 0 0 -90.6427 16.3098 1721.26 -144.928 -84.6364 1483.06 0 0 0 -56.2544 -87.0684 1226.35 0 0 0 0 0 0 128.419 63.6898 1789.07 208.474 -72.1398 1622.55 0 0 0 146.099 -41.4131 1320.63 0 0 0 -61.6186 -285.985 1957.39 4.85866 -610.653 1854.79 0 0 0 -21.3579 -669.709 1927.48 93.1563 -252.51 2005.29 134.864 -638.857 2119.19 0 0 0 31.4259 -949.699 2222.56
9451969 0.516174 217.236 1711.09 23.479 46.3802 1750.41 20.1412 -108.89 1864.44 0 0 0 0 0 0 -85.3273 27.0468 1720.9 -142.828 -80.6799 1486.48 0 0 0 -62.1032 -73.6816 1217.24 0 0 0 0 0 0 132.285 65.7136 1779.92 198.911 -63.7 1601.49 0 0 0 145.777 -30.9956 1304.29 0 0 0 -58.77 -277.589 1957.98 8.73981 -612.912 1853.77 0 0 0 -17.2187 -676.55 1934.5 92.3769 -250.733 1998.97 129.653 -632.138 2114.23 0 0 0 22.096 -946.92 2212.38
9485262 0.248175 218.803 1706.53 27.3002 52.9806 1740.93 22.0705 -103.637 1859.06 0 0 0 0 0 0 -84.0483 37.0378 1714.86 -139.993 -73.8676 1480.84 0 0 0 -65.2965 -61.8882 1195.54 0 0 0 0 0 0 138.649 68.9234 1766.99 200.233 -65.0528 1600.3 0 0 0 148.415 -24.4527 1298.59 0 0 0 -57.4946 -270.899 1959.8 9.2945 -610.307 1854.9 0 0 0 -17.0579 -680.219 1935.98 91.1764 -249.612 1994.6 121.716 -621.738 2094.1 0 0 0 19.6885 -947.178 2205.58
9551848 0.580286 222.51 1703.59 25.3428 60.8998 1733.53 21.1222 -98.9057 1855.45 0 0 0 0 0 0 -83.8279 46.6011 1711.01 -135.716 -65.244 1472.16 0 0 0 -73.2922 -41.7821 1167.86 0 0 0 0 0 0 134.513 75.1985 1756.06 200.843 -65.2955 1598.94 0 0 0 153.578 -12.2473 1277.33 0 0 0 -57.7062 -268.483 1961.97 9.40254 -606.808 1854.51 0 0 0 -16.7205 -679.066 1935.05 91.5094 -248.939 1992.75 116.928 -618.801 2081.25 0 0 0 17.2768 -949.075 2199.49
9585141 0.927292 225.472 1700.54 24.3209 60.6693 1737.41 20.487 -97.4271 1857.51 0 0 0 0 0 0 -83.9675 46.7044 1715.57 -131.594 -63.4719 1474.99 0 0 0 -77.785 -34.3856 1161.42 0 0 0 0 0 0 132.609 74.6343 1759.25 197.851 -57.7582 1586.26 0 0 0 161.863 0.895912 1255.38 0 0 0 -56.6112 -264.972 1962.83 12.7661 -607.052 1852.68 0 0 0 -11.6362 -685.194 1932.5 89.9174 -246.075 1992.38 118.8 -619.314 2091.27 0 0 0 14.1452 -948.348 2198.79
9651727 0.610445 227.86 1698.4 20.7208 63.353 1730.27 18.0761 -93.6889 1854.03 0 0 0 0 0 0 -89.2584 46.3778 1706.38 -129.628 -65.2168 1478.93 0 0 0 -88.8477 -28.7477 1146.96 0 0 0 0 0 0 130.7 80.3283 1754.16 189.19 -15.517 1532.35 0 0 0 175.592 19.3276 1224.5 0 0 0 -56.728 -261.869 1962.12 15.2289 -610.648 1852.9 0 0 0 -9.12327 -691.327 1931.25 87.591 -239.593 1993.47 114.411 -611.489 2089.41 0 0 0 10.5223 -944.28 2196.8
9685020 0.0749149 231.139 1697.06 16.9779 65.7042 1723.37 16.0403 -90.2779 1850.32 0 0 0 0 0 0 -94.5979 47.5832 1700.28 -129.291 -60.8026 1475.63 0 0 0 -97.1823 -22.1162 1134.54 0 0 0 0 0 0 128.554 83.8252 1746.45 188.298 -14.4589 1525.01 0 0 0 186.754 34.4834 1207.63 0 0 0 -55.4138 -257.713 1962.68 16.4777 -606.027 1854.55 0 0 0 -6.25524 -695.982 1930.54 85.6191 -234.807 1991.87 113.682 -606.332 2092.97 0 0 0 8.34678 -940.238 2197.56
9751606 -1.32172 236.931 1693.72 14.8482 68.8132 1714.68 13.6305 -85.3383 1844.46 0 0 0 0 0 0 -98.1573 51.2849 1692.8 -122.173 -18.8213 1440.03 0 0 0 -123.853 4.21585 1121.92 0 0 0 0 0 0 127.854 86.3415 1736.56 194.816 -8.39979 1509.85 0 0 0 208.559 39.4402 1187.26 0 0 0 -56.5119 -250.181 1960.89 17.425 -603.902 1853.57 0 0 0 -3.43452 -696.349 1926.34 81.3374 -228.799 1987.58 108.701 -598.886 2094.88 0 0 0 4.59354 -938.393 2201.01
9784899 -2.96618 244.36 1690.99 14.1229 71.6996 1712.92 12.2929 -80.5571 1842.28 0 0 0 0 0 0 -98.4432 56.3796 1693.3 -125.434 -15.3514 1444.43 0 0 0 -140.319 13.6486 1111.7 0 0 0 0 0 0 126.689 87.0197 1732.55 200.698 0.695862 1494.19 0 0 0 211.306 49.9885 1184.57 0 0 0 -57.6133 -242.079 1959.76 9.4417 -600.622 1861.73 0 0 0 -1.4569 -696.435 1924.43 78.539 -223.549 1983.5 105.873 -592.642 2097.27 0 0 0 2.07832 -935.383 2205.98
9851485 -2.84259 244.515 1689.9 14.4832 74.5975 1712.41 10.9711 -76.3613 1838.46 0 0 0 0 0 0 -96.7212 63.9529 1696.56 -131.333 -10.0522 1446.56 0 0 0 -178.101 28.5181 1105.3 0 0 0 0 0 0 125.688 85.2422 1728.25 203.163 2.27158 1485.11 0 0 0 245.327 47.6 1176.91 0 0 0 -57.5439 -233.542 1955.25 13.4941 -599.184 1852.36 0 0 0 1.78042 -695.042 1918.11 72.4619 -221.098 1973.78 100.628 -583.966 2108.23 0 0 0 -1.0653 -934.179 2215.63
9918071 -3.20496 250.389 1686.94 15.8036 87.227 1713.33 9.83407 -68.0343 1837.22 0 0 0 0 0 0 -89.2803 82.9886 1702.95 -132.557 -2.58383 1442.17 0 0 0 -218.995 37.5379 1110.91 0 0 0 0 0 0 120.887 91.4654 1723.7 206.184 1.19091 1480.9 0 0 0 288.684 49.9502 1186.06 0 0 0 -61.8988 -225.948 1954.62 10.8504 -595.072 1856.81 0 0 0 2.91738 -693.789 1916.54 69.628 -220.643 1967.61 100.226 -584.33 2109.73 0 0 0 -3.0184 -934.319 2222.43
9951364 -3.15489 254.567 1684.46 11.3617 89.1978 1709.78 6.43777 -64.3765 1834.53 0 0 0 0 0 0 -93.5922 85.2218 1700.74 -141.877 3.55386 1436.12 0 0 0 -232.67 39.5512 1121.3 0 0 0 0 0 0 116.316 93.1739 1718.81 206.213 -1.95032 1478.81 0 0 0 306.317 55.073 1192.55 0 0 0 -66.97 -220.545 1953.4 9.73473 -590.267 1860.59 0 0 0 2.87588 -696.524 1916.32 69.9976 -215.356 1965.19 99.9056 -571.465 2113.84 0 0 0 -4.87177 -931.167 2226.1
9984657 -3.53526 257.011 1682.49 10.6189 89.1009 1713.66 6.62176 -63.4164 1835.12 0 0 0 0 0 0 -96.3627 85.2442 1705.3 -149.43 3.32019 1431.05 0 0 0 -193.73 3.23925 1116.19 0 0 0 0 0 0 117.601 92.9576 1722.02 208.273 3.79984 1481.34 0 0 0 316.859 64.7642 1201.52 0 0 0 -67.231 -218.452 1951.12 9.2717 -583.459 1861.38 0 0 0 1.49115 -692.052 1917.23 72.4803 -213.415 1962.05 99.6433 -557.482 2108.2 0 0 0 -4.73745 -934.224 2228.41
10051243 -4.17613 261.425 1680.91 8.02829 89.9128 1709.11 4.69905 -60.7504 1832.45 0 0 0 0 0 0 -98.4989 85.5162 1700.86 -155.194 5.72274 1426.31 0 0 0 -257.852 41.2248 1122.37 0 0 0 0 0 0 114.555 94.3094 1717.36 211.113 3.01783 1483.32 0 0 0 327.456 70.7821 1209.72 0 0 0 -69.7868 -214.35 1950.28 10.1171 -577.973 1861.47 0 0 0 0.903047 -693.327 1918.94 72.5264 -208.477 1961.3 98.8655 -559.207 2110.15 0 0 0 -5.7732 -930.838 2229.45
10084536 -5.25246 263.151 1681.53 7.65453 87.1258 1708.22 5.52981 -60.7284 1835.65 0 0 0 0 0 0 -100.425 78.4033 1696.3 -165.593 -0.755157 1420.29 0 0 0 -262.268 36.3727 1119.46 0 0 0 0 0 0 115.734 95.8482 1720.15 211.441 12.9846 1485.06 0 0 0 333.236 83.1012 1210.35 0 0 0 -73.9827 -214.828 1954.53 10.0107 -579.601 1872.36 0 0 0 -1.25708 -699.374 1931.16 80.7929 -202.337 1971.6 100.16 -555.618 2100.23 0 0 0 21.9535 -905.532 2261.46
10151122 -5.28718 263.27 1682.99 6.10302 88.3254 1705.56 4.37715 -57.8852 1835.43 0 0 0 0 0 0 -100.915 78.2973 1692.85 -175.506 0.796669 1417.95 0 0 0 -263.184 39.5726 1121.2 0 0 0 0 0 0 113.122 98.3535 1718.27 213.817 14.784 1490.28 0 0 0 334.698 85.7691 1213.99 0 0 0 -70.5177 -210.952 1956.6 8.28773 -586.305 1879.28 0 0 0 -2.7553 -705.08 1938.91 75.8203 -197.24 1973.99 101.548 -551.595 2097.59 0 0 0 20.4462 -900.318 2253.45
10217708 -5.87968 265.99 1684.12 5.70201 89.3036 1704.1 4.17407 -57.4779 1832.49 0 0 0 0 0 0 -101.614 80.8851 1693.2 -190.012 8.5111 1427.79 0 0 0 -261.926 43.8745 1122.61 0 0 0 0 0 0 113.018 97.7221 1715 230.22 20.6196 1495.36 0 0 0 335.153 85.7595 1213.77 0 0 0 -69.6959 -209.934 1953.52 10.5363 -582.793 1874.75 0 0 0 -1.35036 -702.273 1935.08 74.9882 -198.584 1968.22 100.004 -554.85 2104.67 0 0 0 12.4041 -906.233 2251.78
10251001 -6.57654 268.146 1685.53 2.73326 90.9908 1703.11 2.93829 -56.0048 1830.55 0 0 0 0 0 0 -107.609 83.6261 1694.8 -187.297 8.98477 1425.51 0 0 0 -263.905 46.572 1120.34 0 0 0 0 0 0 113.076 98.3554 1711.43 245.528 29.1996 1491.31 0 0 0 335.706 84.0271 1211.73 0 0 0 -69.4931 -207.848 1952.52 10.6997 -579.38 1874.79 0 0 0 -0.117546 -700.931 1933.99 75.7798 -198.152 1963.47 100.316 -553.947 2104.48 0 0 0 7.11799 -911.512 2238.53
10284294 -7.5104 270.491 1686.64 0.8412 92.5383 1702.82 2.41712 -54.4176 1829.26 0 0 0 0 0 0 -111.673 85.314 1695.82 -185.359 9.61979 1424.29 0 0 0 -261.61 46.8605 1121.84 0 0 0 0 0 0 113.355 99.7626 1709.81 247.034 31.7842 1492.02 0 0 0 336.383 86.3249 1210.04 0 0 0 -68.9575 -206.058 1951.16 10.5331 -578.663 1873.17 0 0 0 0.237073 -699.003 1932.44 76.9436 -196.69 1960.23 101.163 -554.724 2105.66 0 0 0 4.34743 -911.599 2227.12
10350880 -7.83386 272.447 1687.36 7.90747 99.3189 1712.64 6.14555 -51.4641 1833.51 0 0 0 0 0 0 -99.1792 98.9098 1710.56 -181.93 10.7559 1419.57 0 0 0 -258.081 53.4912 1119 0 0 0 0 0 0 114.994 99.7281 1714.71 243.169 29.0611 1497.98 0 0 0 335.833 85.5536 1216.49 0 0 0 -68.3745 -202.525 1952.97 8.7989 -575.072 1881.22 0 0 0 0.849792 -693.994 1934.38 77.1418 -201.969 1955.79 102.744 -559.244 2104.29 0 0 0 1.30975 -916.566 2222.19
10417466 -8.78675 274.902 1687.65 9.05494 103.487 1714.8 6.37171 -48.8861 1834.57 0 0 0 0 0 0 -97.7337 105.596 1715.09 -183.441 10.2633 1420.07 0 0 0 -259.285 54.9808 1115.65 0 0 0 0 0 0 115.844 101.378 1714.51 247.575 33.8571 1492.77 0 0 0 337.412 89.5746 1214.36 0 0 0 -69.922 -199.805 1954.54 7.73686 -574.942 1882.52 0 0 0 1.63363 -693.85 1936.98 77.299 -202.713 1954.14 103.578 -559.065 2104.02 0 0 0 -26.3631 -887.729 2237.52
10450759 -8.666 276.242 1687.56 7.66056 107.001 1698.08 4.43295 -45.5278 1826.25 0 0 0 0 0 0 -97.4274 105.711 1693.9 -181.885 6.07448 1432.01 0 0 0 -257.954 54.4372 1126.09 0 0 0 0 0 0 112.749 108.291 1702.26 239.958 34.943 1479.46 0 0 0 336.854 95.8773 1198.96 0 0 0 -74.2761 -198.983 1951.4 5.589 -581.146 1884.64 0 0 0 3.17167 -701.962 1939.22 76.6868 -197.13 1957.41 102.747 -552.786 2107.74 0 0 0 -19.282 -879.162 2233.03
10517345 -8.76439 278.418 1688.19 4.27025 108.205 1701.95 2.84902 -44.2346 1828.24 0 0 0 0 0 0 -104.429 106.574 1698.76 -181.806 8.84081 1430.72 0 0 0 -255.178 58.6231 1128.27 0 0 0 0 0 0 112.969 109.836 1705.14 234.099 37.3655 1477.22 0 0 0 335.292 97.5056 1204.71 0 0 0 -74.1707 -197.809 1952.31 6.04049 -583.125 1882.96 0 0 0 1.55576 -715.822 1958 77.0263 -195.54 1956.75 102.45 -550.933 2107.35 0 0 0 -20.1008 -874.485 2226.35
10550638 -9.39011 282.211 1692.1 6.43212 111.269 1711.34 3.95369 -42.6631 1833.33 0 0 0 0 0 0 -105.431 106.708 1703.31 -181.222 8.64944 1436.87 0 0 0 -252.905 58.6962 1136.31 0 0 0 0 0 0 118.295 115.83 1719.37 232.896 42.3273 1476.27 0 0 0 333.71 99.1373 1200.23 0 0 0 -73.9912 -199.672 1949.91 6.08765 -583.198 1881.15 0 0 0 1.97068 -713.129 1948.85 76.9417 -193.518 1960.75 102.303 -547.109 2108.25 0 0 0 -19.8943 -869.41 2223.31
10617224 -9.4437 282.269 1692.39 4.72019 106.855 1709.17 4.60737 -41.7437 1830.93 0 0 0 0 0 0 -106.519 102.223 1703.41 -181.073 14.2938 1434.68 0 0 0 -251.542 61.8257 1137.33 0 0 0 0 0 0 115.959 111.486 1714.93 233.066 39.2209 1479.48 0 0 0 333.068 98.8541 1199 0 0 0 -68.7871 -193.393 1948.89 5.73494 -585.701 1885.55 0 0 0 1.66924 -716.534 1949.66 77.7762 -187.291 1956.48 103.76 -540.252 2105.72 0 0 0 -15.9237 -856.934 2215.11
10650517 -10.5417 285.378 1693.39 4.16834 107.912 1709.12 3.82312 -41.3533 1831.66 0 0 0 0 0 0 -106.864 103.232 1703.11 -179.869 17.5844 1434.55 0 0 0 -253.876 59.5459 1132.4 0 0 0 0 0 0 115.201 112.593 1715.13 230.813 35.8569 1480.67 0 0 0 333.178 99.3267 1200.15 0 0 0 -70.6209 -193.742 1950.18 5.33789 -583.865 1884.15 0 0 0 1.5228 -714.272 1947.55 77.5767 -187.495 1958.21 103.369 -540.581 2107.32 0 0 0 -13.8817 -862.095 2207.28
10717103 -10.8836 292.691 1695.67 4.20636 112.125 1713.28 4.2563 -38.9373 1834.1 0 0 0 0 0 0 -106.21 104.994 1704.41 -179.894 15.4535 1436.94 0 0 0 -251.94 56.0939 1137.88 0 0 0 0 0 0 114.623 119.255 1722.15 230.537 37.898 1480.26 0 0 0 330.568 100.932 1196.73 0 0 0 -70.1 -194.804 1948.95 5.76527 -583.525 1884.59 0 0 0 0.838745 -714.152 1948.73 78.7125 -185.194 1960.9 103.403 -541.047 2108.15 0 0 0 -16.1275 -866.034 2207.35
10750396 -10.2969 295.258 1696.79 4.18005 114.095 1712.57 4.01535 -38.6472 1834.29 0 0 0 0 0 0 -105.733 107.233 1703.81 -176.425 19.3993 1443.11 0 0 0 -199.745 16.1742 1148.52 0 0 0 0 0 0 114.093 120.958 1721.33 228.018 41.0969 1481.98 0 0 0 329.587 102.531 1197.98 0 0 0 -70.6752 -196.043 1950.08 6.4248 -582.475 1884.87 0 0 0 0.854645 -713.546 1949.28 78.3765 -186.736 1961.96 102.929 -541.719 2108.43 0 0 0 -17.1917 -869.765 2207.26
10816982 -9.8805 295 1697.63 4.06176 113.941 1715.45 3.63822 -38.8397 1835.6 0 0 0 0 0 0 -105.627 106.697 1705.85 -176.106 18.7922 1442.87 0 0 0 -244.303 55.609 1142.9 0 0 0 0 0 0 113.75 121.185 1725.04 224.563 40.5031 1488.39 0 0 0 322.968 97.2687 1197.96 0 0 0 -71.0587 -196.526 1949.25 7.19792 -581.983 1883.9 0 0 0 26.2475 -761.678 2035.11 77.4881 -186.716 1962.25 102.518 -540.597 2110.59 0 0 0 -18.4906 -871.289 2209.35
10850275 -9.76644 295.098 1698.82 3.79618 113.515 1717.04 1.80194 -41.092 1834.31 0 0 0 0 0 0 -105.934 108.998 1709.22 -177.832 22.3771 1444.61 0 0 0 -244.273 55.2869 1138.37 0 0 0 0 0 0 113.527 118.031 1724.86 227.238 40.4641 1505.23 0 0 0 316.712 92.8392 1196.91 0 0 0 -73.0449 -198.697 1946.38 8.44786 -586.172 1882.8 0 0 0 11.6151 -787.846 2041.71 72.6603 -192.7 1956.77 102.198 -535.129 2111.21 0 0 0 -20.2751 -867.35 2211.53
10916861 -9.28006 298.257 1703.39 3.69619 114.12 1717.43 1.93072 -38.9758 1835.34 0 0 0 0 0 0 -105.569 111.618 1712.55 -176.242 21.8287 1442.39 0 0 0 -240.188 49.2326 1142.35 0 0 0 0 0 0 112.962 116.622 1722.32 227.552 39.9658 1506.21 0 0 0 301.519 85.5484 1211.51 0 0 0 -74.7886 -193.788 1949.9 9.92786 -578.064 1885.55 0 0 0 20.0292 -814.989 2042.05 75.1191 -190.355 1956.6 102.128 -535.983 2106.9 0 0 0 -20.0238 -871.589 2203.05
10950154 -8.26226 296.942 1704.35 3.9007 115.815 1718.78 3.49496 -29.964 1838.28 0 0 0 0 0 0 -104.978 114.957 1717.36 -176.143 19.5802 1442.14 0 0 0 -236.354 45.463 1143.45 0 0 0 0 0 0 112.779 116.672 1720.19 229.434 37.9963 1499.89 0 0 0 298.241 81.4756 1210.58 0 0 0 -75.4409 -176.361 1956.77 10.0247 -571.729 1886.72 0 0 0 20.3308 -830.714 2038.88 81.6193 -175.124 1958.81 100.439 -537.208 2102.62 0 0 0 -23.7552 -875.668 2194.05
11016740 -7.06894 298.563 1709.3 2.66456 115.978 1723.19 2.7593 -29.7238 1842.4 0 0 0 0 0 0 -107.026 112.897 1719.51 -173.582 18.6772 1440 0 0 0 -228.626 25.9997 1132.84 0 0 0 0 0 0 112.355 119.059 1726.87 230.503 37.9798 1507.39 0 0 0 293.823 62.2608 1219.05 0 0 0 -76.2871 -177.648 1958.96 6.939 -568.682 1891.04 0 0 0 19.2922 -836.955 2044.8 81.9952 -173.203 1964.26 102.006 -542.346 2099.1 0 0 0 -24.0515 -881.342 2190.39
11050033 -6.74848 299.905 1713.05 2.59969 116.958 1722.94 0.914788 -37.493 1847.6 0 0 0 0 0 0 -105.588 114.451 1718.37 -171.898 19.7673 1445.86 0 0 0 -232.863 22.8743 1150.66 0 0 0 0 0 0 110.787 119.465 1727.51 229.812 35.7949 1506.51 0 0 0 293.056 46.465 1216.78 0 0 0 -79.6115 -193.771 1968.93 5.8312 -557.489 1883.88 0 0 0 -2.71316 -827.759 2020.09 78.0713 -190.117 1975.58 102.21 -552.115 2109.9 0 0 0 -11.6363 -885.95 2204.48
11116619 -7.50213 300.469 1715.75 8.94314 123.54 1732.64 2.75437 -29.9734 1854.28 0 0 0 0 0 0 -103.336 116.24 1717.72 -172.583 19.9381 1446.53 0 0 0 -227.921 -24.6229 1179.48 0 0 0 0 0 0 121.222 130.84 1747.57 230.149 33.891 1507.93 0 0 0 288.315 -1.26052 1248.18 0 0 0 -79.8121 -188.452 1965.76 1.94553 -571.478 1904.37 0 0 0 2.75237 -834.742 2024.69 72.9433 -178.521 1986.07 104.162 -546.527 2102.48 0 0 0 78.504 -807.255 2306.1
11149912 -8.55545 304.646 1729.31 7.53665 121.825 1728.61 2.20674 -29.117 1853.06 0 0 0 0 0 0 -102.209 114.748 1715.33 -169.898 14.6054 1451.18 0 0 0 -221.342 -48.863 1198.29 0 0 0 0 0 0 117.282 128.901 1741.9 231.016 35.0441 1510.33 0 0 0 294.806 -27.6285 1262.78 0 0 0 -80.2276 -185.031 1968.18 -0.097168 -572.805 1926.14 0 0 0 7.94239 -789.122 2026.78 73.9812 -175.087 1986.85 101.966 -538.923 2114.5 0 0 0 60.0885 -840.207 2292.59
11216498 -5.45162 311.339 1749.8 13.8856 119.17 1739.67 5.16153 -29.3585 1859.07 0 0 0 0 0 0 -88.8346 117.36 1729.92 -161.281 16.7456 1486.67 0 0 0 -215.955 -92.8764 1243.8 0 0 0 0 0 0 116.606 120.98 1749.43 233.36 11.206 1544.72 0 0 0 304.48 -70.269 1325.33 0 0 0 -79.5695 -179.226 1971.25 1.22265 -579.781 1941.06 0 0 0 6.9339 -767.629 2022.22 72.4445 -176.548 1985.69 107.249 -532.265 2119.68 0 0 0 59.7975 -844.095 2292.25
11249791 -4.29437 315.844 1760.24 13.1655 120.657 1746.07 4.65127 -25.5082 1866.02 0 0 0 0 0 0 -91.476 120.065 1737.93 -158.115 21.0725 1499.03 0 0 0 -218.721 -117.512 1265.37 0 0 0 0 0 0 117.807 121.248 1754.22 227.215 -7.29744 1583.34 0 0 0 307.086 -97.6348 1347.09 0 0 0 -74.6092 -172.073 1980.46 0.774086 -577.875 1946.39 0 0 0 2.79115 -751.651 2011.39 66.8833 -171.273 1991.48 115.559 -517.893 2131.08 0 0 0 64.9409 -838.17 2294.56
11316377 -6.74576 319.017 1772.53 11.7443 125.1 1769.24 1.08661 -20.5746 1881.47 0 0 0 0 0 0 -101.808 126.298 1760.01 -156.892 22.5123 1500.81 0 0 0 -215.271 -165.415 1308.9 0 0 0 0 0 0 125.297 123.901 1778.47 229.338 -20.9245 1630.46 0 0 0 313.867 -153.574 1413.4 0 0 0 -76.8549 -165.539 1988.22 -4.59798 -564.478 1952.22 0 0 0 -2.70197 -725.43 2010.21 57.7128 -166.959 1999.16 119.112 -526.159 2118.31 0 0 0 53.8187 -850.468 2271.28
11382963 -7.78436 322.918 1784.27 10.1749 128.685 1793.34 1.22823 -20.3904 1892.34 0 0 0 0 0 0 -107.445 129.789 1784.37 -156.637 2.18339 1532.62 0 0 0 -213.674 -201.455 1339.11 0 0 0 0 0 0 127.795 127.581 1802.3 230.707 -23.822 1648.98 0 0 0 314.696 -180.637 1443.76 0 0 0 -76.6719 -168.819 1986.08 -5.7795 -564.599 1958.12 0 0 0 -9.13719 -723.668 2010.07 61.2351 -170.113 1996.6 117.77 -525.675 2120.72 0 0 0 50.6556 -848.217 2268.81
11416256 -8.64204 328.183 1797.41 11.1206 129.127 1818.27 6.96748 -28.142 1908.67 0 0 0 0 0 0 -108.087 127.049 1809.18 -156.364 -29.3817 1590.97 0 0 0 -212.673 -264.962 1435.38 0 0 0 0 0 0 130.328 131.204 1827.36 233.693 -32.4242 1677.15 0 0 0 309.269 -232.631 1513.1 0 0 0 -72.8385 -186.729 1993.31 -14.9323 -571.564 1973.43 0 0 0 -9.58698 -743.29 2031.02 78.4673 -184.092 2004.84 117.72 -529.775 2136.66 0 0 0 51.6461 -827.391 2257
11482842 -6.30939 337.636 1815.24 11.1918 130.657 1837.98 9.43798 -32.9493 1919.65 0 0 0 0 0 0 -110.374 127.886 1829.82 -168.106 -84.7574 1721.77 0 0 0 -204.627 -303.832 1541.19 0 0 0 0 0 0 132.757 133.428 1846.15 232.474 -46.0423 1724.37 0 0 0 302.283 -287.077 1610.91 0 0 0 -67.4642 -198.268 1996.28 -12.2595 -594.525 1988.51 0 0 0 -17.4234 -746.019 2026.86 82.8325 -194.842 2006.37 117.314 -538.024 2147.08 0 0 0 51.8236 -819.188 2255.26
11516135 -4.3319 342.628 1825.51 11.6828 132.041 1858.7 12.0038 -35.0725 1927.94 0 0 0 0 0 0 -113.983 130.045 1854.46 -168.433 -93.2924 1745.87 0 0 0 -201.128 -330.877 1604.42 0 0 0 0 0 0 137.348 134.038 1862.93 231.017 -56.0164 1748.53 0 0 0 299.405 -307.25 1664.29 0 0 0 -62.7623 -203.379 1994.66 -8.05054 -602.182 1993.1 0 0 0 12.3633 -850.306 2119.35 87.412 -200.993 1999.72 118.817 -542.295 2156.63 0 0 0 54.4492 -820.468 2440.56
11582721 2.01745 351.643 1861.63 13.9812 135.702 1880.52 15.6324 -36.5753 1940.16 0 0 0 0 0 0 -111.724 135.149 1882.41 -162.829 -90.0591 1796.43 0 0 0 -194.026 -362.872 1722.46 0 0 0 0 0 0 139.687 136.255 1878.64 229.015 -87.225 1875.23 0 0 0 288.791 -336.659 1795.93 0 0 0 -53.7878 -209.166 2000.87 -8.0831 -615.7 2009.89 0 0 0 13.7401 -845.872 2117.16 88.355 -208.54 1998.74 133.792 -546.021 2136.43 0 0 0 74.4753 -809.512 2395.34
11616014 5.42533 354.978 1878.44 12.4638 136.534 1899.76 17.3987 -38.2425 1951.45 0 0 0 0 0 0 -115.829 133.416 1901.47 -160.323 -89.3816 1841.75 0 0 0 -191.016 -376.38 1784.11 0 0 0 0 0 0 140.757 139.653 1898.06 230.984 -80.1999 1904.22 0 0 0 280.667 -349.279 1858.56 0 0 0 -46.1765 -214.685 2004.05 -4.62706 -627.409 2018.32 0 0 0 22.5052 -830.528 2133.8 90.8437 -211.354 2002.23 133.338 -552.842 2142.59 0 0 0 82.8387 -826.799 2385.37
11682600 6.56078 356.134 1887.64 14.7524 135.133 1917.97 22.7029 -45.7984 1969.45 0 0 0 0 0 0 -114.722 128.699 1915.36 -160.242 -100.716 1891.47 0 0 0 -191.552 -386.675 1845.29 0 0 0 0 0 0 144.226 141.566 1920.59 234.551 -81.2198 1948.39 0 0 0 277.158 -344.758 1924.69 0 0 0 -39.2475 -230.203 2019.51 -3.70428 -641.769 2028.93 0 0 0 47.2137 -798.602 2264.39 100.554 -223.256 2022.33 122.283 -586.73 2129.23 0 0 0 78.1953 -817.473 2385.97
11715893 14.5839 349.832 1921.49 19.6872 131.103 1937.96 26.2137 -51.7028 1988.92 0 0 0 0 0 0 -109.428 126.532 1938.09 -163.72 -101.885 1999.48 0 0 0 -180.462 -377.909 1956.24 0 0 0 0 0 0 148.803 135.675 1937.82 241.146 -103.897 2050.08 0 0 0 269.643 -353.717 2043.54 0 0 0 -38.0895 -237.017 2039.96 -4.53307 -640.243 2027.63 0 0 0 54.7835 -800.401 2269.88 103.57 -232.001 2039.81 118.291 -603.008 2120.5 0 0 0 78.547 -820.093 2391.81
11749186 16.394 351.99 1941.71 22.8533 125.079 1957.4 28.7283 -56.2759 2006.01 0 0 0 0 0 0 -108.486 121.992 1961.76 -162.096 -110.437 2027.14 0 0 0 -180.387 -383.768 2021.83 0 0 0 0 0 0 154.192 128.166 1953.04 236.238 -119.425 2062.93 0 0 0 270.649 -350.874 2089.32 0 0 0 -36.3769 -239.299 2056.97 -4.16697 -635.464 2021.21 0 0 0 39.596 -823.57 2233.49 105.584 -235.962 2052.26 138.257 -609.493 2143.61 0 0 0 78.192 -841.229 2408.76
11815772 16.0904 356.891 1962.66 21.9204 125.187 1982.96 29.1267 -56.5779 2025.65 0 0 0 0 0 0 -112.603 121.916 1991.74 -152.854 -122.06 2064.01 0 0 0 -168.401 -379.285 2105.85 0 0 0 0 0 0 156.443 128.458 1974.18 227.749 -108.581 2095.44 0 0 0 268.447 -331.247 2179.94 0 0 0 -36.3451 -240.11 2073.08 0.667568 -619.413 2018.19 0 0 0 36.0967 -834.979 2231.3 109.011 -236.575 2063.59 142.221 -611.997 2159.18 0 0 0 72.7617 -836.272 2407.45
11882358 16.2964 363.042 1982.66 23.2878 124.333 2012.03 30.4254 -53.4877 2047.64 0 0 0 0 0 0 -114.082 118.524 2010.55 -148.435 -127.509 2088.07 0 0 0 -158.614 -377.219 2143.78 0 0 0 0 0 0 160.658 130.142 2013.5 221.623 -98.6538 2133.97 0 0 0 263.788 -313.348 2203.97 0 0 0 -37.7471 -234.493 2082.45 0.927353 -606.543 2024.41 0 0 0 31.5964 -848.47 2218.33 112.873 -228.123 2084.07 144.068 -610.085 2170.41 0 0 0 63.9054 -855.456 2392.92
11915651 24.4363 366.104 2021.93 27.5402 130.356 2041.56 34.0663 -49.0034 2074.76 0 0 0 0 0 0 -109.535 125.375 2041.6 -140.156 -116.907 2117.21 0 0 0 -152.064 -370.423 2186 0 0 0 0 0 0 164.615 135.337 2041.53 221.145 -89.7029 2161.42 0 0 0 268.536 -314.607 2264.86 0 0 0 -38.9542 -231.253 2107.97 1.47356 -607.729 2037.77 0 0 0 28.112 -863.85 2219.23 120.139 -225.472 2107.93 143.758 -601.854 2176.33 0 0 0 64.6344 -853.26 2394.69
11948944 27.3767 370.316 2045.2 29.442 137.372 2064.63 35.3233 -44.1886 2095.39 0 0 0 0 0 0 -109.085 132.89 2064.66 -135.639 -108.369 2138.78 0 0 0 -152.598 -372.761 2193.71 0 0 0 0 0 0 167.969 141.854 2064.6 221.319 -82.5206 2182.19 0 0 0 261.558 -301.518 2265.94 0 0 0 -36.1446 -228.252 2126.17 1.44661 -610.051 2049.51 0 0 0 25.5972 -875.324 2215.83 118.554 -223.246 2126.13 143.399 -597.991 2184.81 0 0 0 67.7052 -855.461 2398.56
12015530 34.9616 364.022 2085.4 38.3779 129.511 2108.5 43.8151 -53.7749 2131.87 0 0 0 0 0 0 -100.652 125.033 2105.72 -136.25 -112.264 2180.72 0 0 0 -150.002 -371.723 2178.14 0 0 0 0 0 0 177.408 133.989 2111.27 228.094 -91.5561 2221.56 0 0 0 263.333 -322.321 2273.43 0 0 0 -29.8937 -239.61 2153.66 5.36852 -610.724 2059.53 0 0 0 22.7192 -877.604 2199.97 128.398 -234.512 2156.82 145.72 -606.337 2198.04 0 0 0 68.2061 -862.391 2398.26
12048823 38.8415 363.345 2110.02 40.8362 127.669 2131.55 46.1104 -56.3393 2153.46 0 0 0 0 0 0 -97.7775 124.401 2137.48 -137.912 -112.908 2214.28 0 0 0 -157.841 -366.449 2180.12 0 0 0 0 0 0 179.45 130.936 2125.63 228.379 -92.0713 2226.4 0 0 0 271.749 -337.898 2259.41 0 0 0 -24.8545 -242.144 2178.62 6.74788 -603.722 2051.84 0 0 0 21.4339 -875.705 2178.4 127.624 -238.55 2172.1 145.842 -613.223 2209.88 0 0 0 98.4533 -824.489 2538.65
12115409 38.8673 364.424 2154.07 45.4952 128.354 2166.09 51.0956 -54.3979 2178.24 0 0 0 0 0 0 -93.6523 124.604 2173.82 -135.757 -118.261 2230.22 0 0 0 -161.74 -358.305 2156 0 0 0 0 0 0 184.643 132.105 2158.37 230.038 -88.4062 2235.35 0 0 0 284.001 -333.206 2220.08 0 0 0 -18.9327 -239.189 2194.58 9.03223 -600.929 2081.49 0 0 0 20.1005 -880.796 2164.47 132.325 -235.112 2186.18 150.136 -613.411 2246.17 0 0 0 91.039 -829.399 2540.49
12148702 48.7602 357.585 2189.26 49.9052 126.927 2189.42 55.3323 -54.6859 2198.02 0 0 0 0 0 0 -87.3898 123.002 2193.16 -135.351 -121.924 2232.08 0 0 0 -160.851 -357.097 2142.18 0 0 0 0 0 0 187.2 130.852 2185.67 234.126 -92.7575 2256.53 0 0 0 290.658 -338.139 2215.19 0 0 0 -16.0512 -238.495 2208.73 11.7935 -602.29 2095.49 0 0 0 18.5673 -882.367 2159.17 137.57 -234.103 2204.54 155.291 -617.733 2265.04 0 0 0 79.677 -876.937 2539.69
12215288 48.5136 352.141 2238.53 56.157 121.108 2228.28 60.5634 -58.3586 2228.5 0 0 0 0 0 0 -79.1375 117.789 2230.76 -134.005 -130.688 2238.87 0 0 0 -150.537 -356.795 2116.72 0 0 0 0 0 0 191.452 124.427 2225.81 247.908 -98.7573 2285.02 0 0 0 299.602 -312.008 2178.99 0 0 0 -12.0627 -239.715 2230.12 14.4264 -604.26 2105.85 0 0 0 17.1123 -885.414 2154.39 142.002 -235.935 2227.3 162.344 -618.259 2300.57 0 0 0 80.5254 -892.011 2539.11
12248581 53.4494 361.974 2276.68 58.874 119.511 2246.43 62.2857 -57.4518 2249.55 0 0 0 0 0 0 -75.7289 116.996 2250.95 -132.988 -130.31 2259.74 0 0 0 -154.384 -338.809 2117.68 0 0 0 0 0 0 193.477 122.026 2241.9 248.217 -101.347 2284.09 0 0 0 302.221 -311.498 2169.97 0 0 0 -11.3249 -235.854 2255.26 22.8145 -588.408 2136.04 0 0 0 16.4532 -892.571 2149.76 142.72 -232.975 2250.09 162.201 -615.409 2316.49 0 0 0 79.6453 -894.371 2543.82
12315167 54.3832 369.597 2297.16 62.9075 128.016 2280.81 64.6171 -50.7861 2278.97 0 0 0 0 0 0 -73.6768 126.668 2284.88 -131.726 -125.657 2275.81 0 0 0 -141.25 -327.518 2128.55 0 0 0 0 0 0 199.492 129.364 2276.74 255.531 -105.661 2287.54 0 0 0 301.637 -310.864 2159.06 0 0 0 -12.0724 -230.362 2279.46 21.695 -583.405 2151.74 0 0 0 15.8054 -897.246 2143.42 144.726 -228.815 2274.79 159.406 -612.091 2330.28 0 0 0 82.2378 -900.232 2581.41
12348460 57.0891 374.151 2318.02 63.353 131.805 2302.01 66.4185 -47.4983 2300.59 0 0 0 0 0 0 -73.9009 129.42 2306.78 -128.436 -121.29 2295.15 0 0 0 -132.474 -327.616 2141.52 0 0 0 0 0 0 200.607 134.189 2297.25 262 -106.696 2293.61 0 0 0 305.601 -300.167 2164.08 0 0 0 -9.13391 -228.167 2301.89 9.99162 -585.615 2185.26 0 0 0 15.5241 -903.229 2144.07 148.102 -225.436 2296.43 151.582 -607.227 2346.65 0 0 0 82.5244 -901.436 2588.93
12415046 62.9748 385.605 2354.66 65.626 136.847 2317.63 68.8114 -43.693 2316.87 0 0 0 0 0 0 -71.533 134.415 2320.47 -124.589 -112.224 2310.35 0 0 0 -125.664 -329.68 2150.64 0 0 0 0 0 0 202.785 139.279 2314.78 276.819 -114.717 2313.12 0 0 0 298.251 -300.069 2194.14 0 0 0 -7.03951 -225.635 2317.75 4.37525 -588.455 2207.58 0 0 0 14.6434 -908.865 2151.14 151.033 -222.832 2314.47 149.675 -607.549 2359.52 0 0 0 86.1893 -898.4 2600.08
12448339 66.8041 387.121 2373.48 69.818 140.918 2334.55 71.6342 -40.028 2332.73 0 0 0 0 0 0 -69.1817 139.573 2329.6 -123.313 -106.995 2314.61 0 0 0 -125.227 -326.229 2175.46 0 0 0 0 0 0 208.818 142.264 2339.5 284.349 -119.376 2325.59 0 0 0 298.567 -289.637 2208.73 0 0 0 -6.99037 -221.753 2328.05 -0.96081 -587.188 2230.77 0 0 0 8.29808 -924.505 2253.53 153.891 -220.196 2333.78 149.711 -608.791 2364.16 0 0 0 89.3893 -898.695 2608.6
12514925 69.0861 390.934 2407.22 75.3951 145.226 2350.58 74.67 -36.2295 2345.62 0 0 0 0 0 0 -62.2606 145.862 2347.44 -119.474 -103.556 2324.28 0 0 0 -106.406 -326.059 2193.97 0 0 0 0 0 0 213.051 144.591 2353.71 291.877 -125.296 2340.19 0 0 0 289.388 -291.99 2259.64 0 0 0 -6.48176 -217.314 2338.83 0.36418 -590.325 2270.1 0 0 0 4.23294 -894.158 2298.98 154.372 -218.057 2342.49 148.402 -607.229 2369.02 0 0 0 89.8744 -901.056 2614.86
12548218 68.5164 390.919 2411.69 77.5172 149.071 2363.06 75.6174 -33.0647 2355.13 0 0 0 0 0 0 -59.7253 150.489 2363.37 -113.571 -107.086 2344.69 0 0 0 -107.314 -335.898 2214.79 0 0 0 0 0 0 214.76 147.653 2362.75 287.541 -108.237 2367.82 0 0 0 295.825 -298.444 2281.01 0 0 0 -7.23337 -214.364 2347.38 -0.596306 -589.492 2292.28 0 0 0 -8.247 -886.004 2346.5 154.668 -216.037 2347.01 147.036 -606.831 2370.37 0 0 0 89.0456 -904.203 2619.9
12614804 68.712 393.752 2420.07 79.0419 149.663 2372.5 75.6274 -31.7369 2365.18 0 0 0 0 0 0 -57.9973 152.055 2377.14 -115.638 -108.878 2371.61 0 0 0 -104.147 -340.276 2258.42 0 0 0 0 0 0 216.081 147.271 2367.86 286.832 -104.191 2400.94 0 0 0 296.764 -322.642 2346.07 0 0 0 -7.87559 -211.739 2360.56 -0.112301 -593.135 2323.67 0 0 0 -23.8295 -927.542 2455.28 152.301 -214.535 2355.14 142.926 -604.567 2382.55 0 0 0 85.9098 -902.923 2630.12
12648097 68.894 395.28 2423.21 78.8716 154.826 2382.14 74.8728 -28.3197 2376.71 0 0 0 0 0 0 -56.1277 157.408 2394.5 -111.366 -86.7087 2400.03 0 0 0 -103.26 -345.339 2294.8 0 0 0 0 0 0 213.871 152.245 2369.78 276.583 -79.2216 2415.8 0 0 0 295.683 -317.104 2356.86 0 0 0 -8.93003 -209.94 2378.59 -2.67996 -596.547 2339.31 0 0 0 -16.8552 -931.068 2457.55 150.678 -212.992 2363.98 140.547 -601.047 2397.01 0 0 0 76.6781 -901.57 2635.94
12714683 69.8943 397.157 2427.97 75.8715 162.67 2392.27 71.3381 -22.9045 2386.68 0 0 0 0 0 0 -55.4965 165.518 2404.27 -109.523 -75.6783 2416.23 0 0 0 -105.875 -340.602 2329.23 0 0 0 0 0 0 207.24 159.823 2380.28 265.932 -70.8546 2425.24 0 0 0 292.885 -306.486 2412.22 0 0 0 -11.7588 -206.776 2388.26 4.47585 -600.093 2371.65 0 0 0 -10.7436 -937.687 2472.33 145.368 -210.182 2373.91 133.216 -600.71 2413.56 0 0 0 62.8251 -917.148 2621.87
12747976 70.3267 400.308 2445.52 73.9661 165.067 2398.39 67.8314 -22.7055 2396.92 0 0 0 0 0 0 -57.2408 169.278 2408.06 -107.251 -82.7498 2427.11 0 0 0 -117.605 -332.86 2342.76 0 0 0 0 0 0 205.173 160.856 2388.72 255.419 -66.4155 2443.49 0 0 0 295.104 -315.038 2435.21 0 0 0 -14.6372 -208.028 2401.08 5.18736 -601.865 2395.23 0 0 0 -11.0713 -941.653 2490.34 138.031 -212.928 2389.83 121.66 -612.556 2427.85 0 0 0 51.4937 -935.594 2594.45
12814562 69.4245 402.541 2457.37 72.4022 163.688 2405.28 65.8737 -23.6528 2407.92 0 0 0 0 0 0 -59.8087 168.367 2410.37 -105.561 -77.4878 2450.17 0 0 0 -125.572 -338.381 2376.53 0 0 0 0 0 0 204.613 159.009 2400.19 252.09 -72.1497 2463.36 0 0 0 293.599 -318.674 2474.85 0 0 0 -17.15 -208.286 2413.51 5.42944 -602.56 2420.15 0 0 0 -2.90216 -953.408 2524.6 135.841 -213.701 2407.62 120.428 -621.572 2444.18 0 0 0 51.98 -925.684 2603.16
12847855 69.0314 403.179 2463.43 68.935 162.36 2412.93 63.2927 -21.4382 2416.84 0 0 0 0 0 0 -64.8016 166.529 2415.89 -107.289 -78.7509 2448.52 0 0 0 -129.84 -339.352 2379.37 0 0 0 0 0 0 202.672 158.192 2409.98 249.84 -75.0973 2474.57 0 0 0 288.946 -323.487 2478.21 0 0 0 -18.1196 -202.875 2422.43 5.10978 -603.675 2434.07 0 0 0 -0.540461 -960.92 2543.53 133.42 -207.599 2419.08 123.474 -617.214 2454.98 0 0 0 50.4018 -928.303 2592.07
12914441 66.1639 401.342 2471.66 63.111 155.959 2422.71 57.3308 -26.2678 2430.64 0 0 0 0 0 0 -72.7086 160.836 2435.79 -110.71 -70.5062 2466.51 0 0 0 -134.165 -333.394 2391.95 0 0 0 0 0 0 198.931 151.082 2409.63 249.45 -81.7057 2473.31 0 0 0 287.477 -319.273 2482.54 0 0 0 -27.3784 -205.66 2446.16 3.46922 -602.963 2433.51 0 0 0 0.579958 -963.473 2548.78 130.48 -211.328 2430.96 123.118 -618.697 2471.55 0 0 0 48.3453 -931.751 2591.63
12947734 64.2635 400.669 2475.6 58.5941 153.021 2430.06 52.3427 -31.0992 2439.73 0 0 0 0 0 0 -77.6063 158.48 2445.94 -116.163 -71.637 2485.76 0 0 0 -144.729 -329.805 2398 0 0 0 0 0 0 194.794 147.562 2414.17 247.957 -80.3229 2476.58 0 0 0 287.806 -312.713 2487.06 0 0 0 -34.6118 -211.985 2458.82 1.69263 -599.119 2440.44 0 0 0 -0.653272 -961.079 2554.37 126.794 -218.454 2439.99 121.631 -624.23 2478.6 0 0 0 48.3602 -936.16 2596.21
12981027 61.1489 401.005 2481.18 55.9428 151.237 2434.34 50.0424 -34.0758 2444.03 0 0 0 0 0 0 -80.616 156.436 2450.62 -117.354 -75.8432 2492.75 0 0 0 -155.588 -324.028 2398.93 0 0 0 0 0 0 192.502 146.039 2418.06 246.746 -79.2478 2478.22 0 0 0 283.764 -308.951 2475.46 0 0 0 -36.9547 -216.302 2463.38 -18.4717 -617.646 2468.62 0 0 0 1.54166 -990.142 2590.06 125.239 -222.477 2444.05 117.823 -629.498 2477.12 0 0 0 43.5734 -949.328 2607.93
