5123791 72.6974 404.555 2502.02 70.8131 163.487 2489.98 66.6809 -29.89 2494.53 0 0 0 0 0 0 -67.4087 166.944 2511.31 -118.885 -64.4771 2549.71 0 0 0 -170.821 -307.476 2450.8 0 0 0 0 0 0 209.035 160.031 2468.64 265.217 -78.1152 2529.54 0 0 0 315.761 -280.077 2438.64 0 0 0 -15.7831 -221.309 2511.19 -1.02626 -626.478 2528.27 0 0 0 56.2012 -948.993 2552.85 140.88 -225.227 2487 113.471 -614.454 2476.06 0 0 0 66.5689 -951.089 2587.07
5190377 72.8238 403.777 2501.12 70.8087 163.978 2489.6 66.7738 -29.5918 2494.22 0 0 0 0 0 0 -67.7818 167.384 2511.3 -119.416 -63.2529 2549.84 0 0 0 -164.615 -305.475 2451.52 0 0 0 0 0 0 209.399 160.572 2467.91 265.245 -78.0949 2527.14 0 0 0 322.92 -281.775 2440.35 0 0 0 -15.8245 -221.231 2511.13 -1.11116 -632.841 2524.51 0 0 0 54.1497 -947.859 2543.6 141.302 -225.093 2486.53 112.746 -613.001 2480.79 0 0 0 65.8927 -952.985 2592.27
5223670 72.6719 404.269 2500.19 70.8838 163.833 2489.81 66.8118 -29.6618 2494.15 0 0 0 0 0 0 -68.0801 167.235 2511.14 -119.299 -62.3417 2551.66 0 0 0 -162.672 -304.388 2445.1 0 0 0 0 0 0 209.848 160.431 2468.49 266.2 -78.8244 2527.52 0 0 0 318.762 -288.745 2450.27 0 0 0 -16.1088 -221.226 2510.58 -3.15607 -631.007 2522.59 0 0 0 54.2205 -942.998 2536.55 141.588 -225.087 2486.39 113.148 -614.659 2481.97 0 0 0 69.8726 -954.895 2589
5272341 72.2417 404.317 2500.17 70.784 164.256 2489.85 66.9059 -29.437 2494.07 0 0 0 0 0 0 -67.9687 167.498 2511.14 -119.979 -60.7214 2551.46 0 0 0 -160.342 -305.348 2452.84 0 0 0 0 0 0 209.537 161.014 2468.55 266.743 -78.9626 2527.71 0 0 0 323.377 -288.298 2460.83 0 0 0 -15.903 -221.285 2510.4 -5.5296 -630.45 2519.36 0 0 0 52.862 -942.455 2533.56 141.959 -224.974 2486.18 113.257 -620.441 2490.18 0 0 0 74.933 -960.292 2589.53
5323549 71.6602 404.449 2499.41 70.813 164.832 2490.23 67.3651 -29.145 2495.11 0 0 0 0 0 0 -67.8507 167.844 2511.96 -119.216 -60.7733 2553.17 0 0 0 -158.47 -308.881 2444.72 0 0 0 0 0 0 209.477 161.82 2468.49 267.058 -78.6635 2526.69 0 0 0 322.162 -287.796 2457.11 0 0 0 -14.4751 -221.42 2512.28 -17.6367 -642.809 2533.98 0 0 0 53.2832 -950.204 2540.89 142.31 -224.825 2487.71 112.097 -618.35 2487.03 0 0 0 76.2504 -960.635 2595.04
5356842 71.4377 404.127 2499.44 71.6142 163.666 2490.68 68.0137 -29.8352 2495.87 0 0 0 0 0 0 -67.5715 166.851 2512.86 -119.196 -60.7719 2553.19 0 0 0 -155.258 -304.346 2439.7 0 0 0 0 0 0 210.8 160.481 2468.5 267.009 -79.8832 2523.96 0 0 0 316.622 -279.648 2453.51 0 0 0 -14.2285 -221.537 2513.59 -13.9511 -637.556 2529.57 0 0 0 34.1446 -982.385 2584.5 143.055 -225.136 2488.53 109.326 -620.977 2487.67 0 0 0 90.1077 -1007.07 2592.68
5423428 71.3122 404.269 2498.48 71.2554 163.365 2491.29 68.0304 -29.9516 2495.82 0 0 0 0 0 0 -67.8767 166.199 2513.2 -119.484 -61.655 2552.33 0 0 0 -151.886 -304.466 2441.82 0 0 0 0 0 0 210.388 160.531 2469.39 267.217 -80.5592 2523.65 0 0 0 311.152 -294.682 2459.08 0 0 0 -14.6712 -221.649 2512.86 -16.7031 -630.834 2541.98 0 0 0 33.1983 -1001.38 2600.62 144.282 -224.887 2487.84 110.458 -619.06 2485.65 0 0 0 90.4229 -1021.62 2583.54
5456721 71.2354 404.349 2498.25 71.1223 163.315 2492.23 68.1039 -29.4531 2496.55 0 0 0 0 0 0 -67.7869 165.985 2514.31 -119.263 -61.4922 2551.63 0 0 0 -146.927 -304.703 2426.64 0 0 0 0 0 0 210.032 160.646 2470.15 266.856 -81.1543 2523.25 0 0 0 309.249 -293.407 2463.1 0 0 0 -15.3314 -220.676 2513.65 -18.3737 -627.872 2534.55 0 0 0 35.8433 -999.618 2596.55 145.502 -223.767 2488.08 97.4259 -599.306 2484.28 0 0 0 91.5457 -976.847 2574.75
5523307 70.9804 405.164 2498.03 71.0054 162.997 2492.77 67.8446 -29.5904 2497.27 0 0 0 0 0 0 -67.7414 165.808 2515.61 -118.875 -61.5987 2550.87 0 0 0 -149.393 -301.717 2433.17 0 0 0 0 0 0 209.752 160.187 2469.93 266.423 -81.2225 2523 0 0 0 304.624 -290.102 2454.51 0 0 0 -15.706 -220.549 2515 -19.758 -627.041 2527.23 0 0 0 53.8138 -917.774 2522.05 145.074 -223.806 2488.53 102.651 -606.445 2487.89 0 0 0 87.683 -976.557 2578.35
5572665 70.8665 405.818 2498.53 70.7113 162.216 2493.24 67.5558 -30.308 2497.11 0 0 0 0 0 0 -68.0375 164.966 2516.88 -118.776 -61.2854 2550.12 0 0 0 -147.72 -299.469 2436.26 0 0 0 0 0 0 209.46 159.466 2469.6 265.521 -82.599 2522.6 0 0 0 304.183 -288.838 2461.32 0 0 0 -15.752 -221.243 2514.64 -4.8621 -633.057 2503.22 0 0 0 50.2822 -923.956 2530.12 144.553 -224.421 2487.33 104.958 -607.931 2490.26 0 0 0 86.9396 -959.252 2568.18
5623186 70.9659 406.31 2498.21 70.3255 161.505 2493.97 67.3325 -31.5285 2497.48 0 0 0 0 0 0 -68.5336 164.092 2517.79 -118.789 -61.6982 2550.46 0 0 0 -141.935 -308.267 2434.85 0 0 0 0 0 0 209.185 158.918 2470.14 265.181 -84.0307 2522.54 0 0 0 301.083 -290.442 2461.31 0 0 0 -15.3963 -223.076 2514.68 3.65249 -635.27 2491.94 0 0 0 45.2322 -941.756 2541.36 144.075 -226.047 2487.32 107.339 -609.124 2488.82 0 0 0 93.9592 -976.049 2566.08
5672772 70.8729 406.678 2497.23 69.375 162.131 2495.27 66.8164 -31.5684 2497.77 0 0 0 0 0 0 -70.2664 164.283 2519.19 -118.645 -63.3982 2550.04 0 0 0 -154.076 -288.718 2427.68 0 0 0 0 0 0 209.016 159.979 2471.36 265.132 -83.5393 2522.53 0 0 0 302.935 -282.964 2449.61 0 0 0 -15.5367 -224.038 2513.92 -5.44599 -633.783 2502.09 0 0 0 43.0448 -954.639 2546.87 144.052 -226.498 2486.59 108.926 -609.596 2488.57 0 0 0 89.6126 -974.34 2564.93
5723065 70.8799 407.259 2497.07 69.1752 162.37 2494.94 66.7412 -31.2868 2497.5 0 0 0 0 0 0 -70.1033 164.428 2518.21 -118.402 -63.4936 2551.48 0 0 0 -139.423 -297.296 2431.78 0 0 0 0 0 0 208.454 160.312 2471.67 265.4 -84.3984 2521.88 0 0 0 302.983 -281.656 2452.73 0 0 0 -15.577 -223.764 2513.4 -5.99742 -598.826 2468.33 0 0 0 43.5447 -955.932 2544.12 144.191 -226.124 2486.71 107.392 -607.363 2489.2 0 0 0 88.9366 -966.083 2565.16
5756358 69.9961 407.773 2496.89 69.4303 162.541 2494.5 66.6727 -31.1786 2497.31 0 0 0 0 0 0 -69.805 164.856 2517.51 -118.24 -64.1293 2552.48 0 0 0 -143.825 -300.781 2435.26 0 0 0 0 0 0 208.666 160.226 2471.5 265.953 -84.9391 2521.81 0 0 0 302.203 -278.544 2448.04 0 0 0 -16.0252 -223.57 2513.32 -2.85092 -609.962 2470.72 0 0 0 43.8226 -952.955 2538.72 143.855 -226.228 2486.9 107.446 -607.611 2488.66 0 0 0 85.7748 -959.11 2564.33
5822944 69.0418 407.729 2496.47 69.2883 162.953 2494.09 66.6697 -31.0808 2497.54 0 0 0 0 0 0 -70.1428 165.236 2516.61 -118.181 -64.0054 2552.96 0 0 0 -146.633 -301.389 2433.31 0 0 0 0 0 0 208.719 160.67 2471.56 266.081 -85.1525 2520.6 0 0 0 306.022 -282.024 2448.27 0 0 0 -15.5214 -223.812 2513.85 -7.41008 -613.465 2463.75 0 0 0 44.0518 -950.942 2535.39 143.624 -226.417 2488.14 105.214 -605.817 2492.63 0 0 0 88.7134 -956.738 2562.48
5872988 68.0841 408.069 2495.75 69.3478 163.203 2493.74 66.5188 -30.7066 2497.43 0 0 0 0 0 0 -70.4699 165.676 2516.54 -118.621 -63.3639 2553.57 0 0 0 -150.428 -301.495 2429.17 0 0 0 0 0 0 209.166 160.73 2470.95 265.766 -84.8023 2519.52 0 0 0 307.913 -284.443 2448.6 0 0 0 -16.4608 -223.199 2514.17 -6.74757 -615.436 2471.12 0 0 0 42.3574 -966.685 2513.88 143.84 -226.034 2488.04 106.682 -606.876 2496.58 0 0 0 89.584 -962.185 2567.48
5922823 67.9436 408.081 2495.45 69.3407 163.813 2493.29 66.6991 -29.9731 2497.54 0 0 0 0 0 0 -70.8738 166.221 2515.91 -118.879 -62.5673 2554.69 0 0 0 -150.663 -280.949 2430.63 0 0 0 0 0 0 209.555 161.406 2470.67 265.962 -83.9106 2519.69 0 0 0 310.315 -283.788 2449.71 0 0 0 -16.8027 -222.371 2514.84 -3.33113 -616.885 2471.47 0 0 0 43.573 -963.495 2522.91 144.918 -225.148 2488.75 109.628 -609.516 2500.4 0 0 0 64.3908 -997.27 2575.18
5956116 68.6733 407.576 2495.74 69.111 164.361 2493.34 66.7946 -29.5476 2497.52 0 0 0 0 0 0 -71.2286 166.522 2515.83 -119.287 -62.8646 2555.23 0 0 0 -154.814 -298.515 2425 0 0 0 0 0 0 209.451 162.201 2470.86 265.599 -82.7499 2518.98 0 0 0 311.116 -276.256 2450.11 0 0 0 -16.6376 -222.207 2514.69 -14.1909 -643.383 2506.44 0 0 0 42.3972 -978.239 2558.37 145.594 -224.705 2488.69 109.752 -611.165 2498.54 0 0 0 66.4142 -991.323 2544.18
6022702 69.5431 407.48 2495.06 68.7541 164.509 2492.78 66.9982 -29.6118 2497.38 0 0 0 0 0 0 -71.6981 166.306 2515.01 -119.585 -63.4728 2555.38 0 0 0 -156.871 -306.261 2422.39 0 0 0 0 0 0 209.206 162.711 2470.55 265.214 -81.0912 2517.8 0 0 0 309.083 -280.642 2452.15 0 0 0 -15.8491 -222.695 2514.82 -14.0159 -652.804 2518.27 0 0 0 44.8393 -978.276 2560.48 146.334 -224.77 2489.15 118.18 -594.095 2479.8 0 0 0 73.9075 -956.277 2559.29
6055995 70.3967 408.283 2494.1 68.0721 165.064 2492.43 66.9891 -29.8049 2497.42 0 0 0 0 0 0 -72.3257 166.42 2514.91 -119.943 -62.7904 2555.12 0 0 0 -160.098 -286.834 2425.48 0 0 0 0 0 0 208.47 163.708 2469.94 265.013 -79.8759 2516.87 0 0 0 309.171 -288.458 2452.19 0 0 0 -14.8458 -223.894 2515.35 -13.772 -650.633 2523.9 0 0 0 42.3253 -952.013 2539.46 146.658 -225.454 2489.48 117.423 -599.836 2489.26 0 0 0 75.6594 -948.591 2564.89
6106573 70.7356 408.672 2493.02 67.499 165.611 2491.75 66.8626 -29.4333 2497.31 0 0 0 0 0 0 -73.1813 166.721 2514.56 -119.98 -62.7694 2554.45 0 0 0 -162.468 -303.153 2427.28 0 0 0 0 0 0 208.179 164.5 2468.93 265.148 -78.6233 2516.21 0 0 0 310.561 -280.185 2452.3 0 0 0 -14.3517 -223.841 2515.95 -11.0681 -637.22 2528.17 0 0 0 43.4841 -959.093 2537.46 146.804 -225.113 2489.81 115.143 -603.418 2493.82 0 0 0 70.6449 -955.125 2566.61
6155874 70.8988 409.407 2491.66 67.3479 166.122 2490.93 66.864 -28.9206 2496.85 0 0 0 0 0 0 -73.3285 167.166 2513.84 -120.228 -61.9547 2553.65 0 0 0 -158.417 -302.297 2427.61 0 0 0 0 0 0 208.024 165.077 2468.02 265.019 -76.7575 2516.46 0 0 0 308.393 -283.85 2452.45 0 0 0 -13.6368 -223.369 2515.8 -0.636408 -631.139 2566.38 0 0 0 47.4339 -952.967 2526.97 146.397 -224.557 2489.74 114.414 -604.052 2495.88 0 0 0 71.3891 -958.849 2565.63
6206680 70.8037 409.857 2490.56 67.4026 166.171 2490.26 66.9742 -27.921 2496.41 0 0 0 0 0 0 -73.1106 167.201 2512.94 -120.463 -61.2044 2553.71 0 0 0 -157.15 -306.055 2426.98 0 0 0 0 0 0 207.916 165.142 2467.57 265.529 -75.6167 2516.52 0 0 0 310.494 -277.12 2459.03 0 0 0 -13.4658 -221.427 2515.49 -1.05317 -626.68 2559.56 0 0 0 47.3742 -955.313 2528.78 146.557 -222.6 2489.65 131.762 -604.885 2517.02 0 0 0 79.6679 -969.95 2566.41
6255753 71.4918 409.449 2489.06 67.2973 166.442 2489.51 67.0395 -27.4965 2495.79 0 0 0 0 0 0 -73.1533 167.369 2512.37 -120.686 -60.5646 2554.31 0 0 0 -155.887 -305.919 2425.67 0 0 0 0 0 0 207.748 165.514 2466.65 266.13 -75.1912 2515.82 0 0 0 307.23 -284.499 2447.56 0 0 0 -13.2993 -220.906 2515.11 -2.26386 -631.106 2543.22 0 0 0 46.8849 -960.58 2534.34 146.863 -221.964 2489.04 127.701 -604.448 2511.79 0 0 0 64.587 -1011.51 2574.81
6306788 72.051 410.103 2487.46 67.4492 166.547 2488.69 67.0198 -26.4999 2494.69 0 0 0 0 0 0 -72.9575 167.576 2511.74 -121.431 -59.8031 2553.98 0 0 0 -149.649 -309.227 2426.23 0 0 0 0 0 0 207.856 165.519 2465.65 266.957 -74.7192 2516.78 0 0 0 307.929 -287.09 2453.39 0 0 0 -13.343 -218.961 2513.81 -8.19346 -628.719 2519.17 0 0 0 43.8317 -958.992 2548.08 146.524 -220.132 2487.57 134.703 -604.182 2524.33 0 0 0 64.3086 -1013.21 2580.99
6355632 72.4732 410.583 2482.89 67.2117 167.472 2487.91 66.7867 -25.5467 2493.92 0 0 0 0 0 0 -72.7412 168.483 2510.53 -121.894 -58.5611 2553.13 0 0 0 -149.491 -308.436 2427.8 0 0 0 0 0 0 207.165 166.461 2465.3 267.152 -70.3033 2517.65 0 0 0 307.357 -285.999 2454.2 0 0 0 -13.6302 -217.987 2512.84 -13.1271 -618.732 2497.57 0 0 0 38.6839 -960.07 2557.79 146.354 -219.143 2486.99 140.741 -602.354 2527.56 0 0 0 68.3157 -1003.7 2582.52
6388925 72.7752 410.572 2480.85 67.076 167.963 2486.92 66.633 -25.4967 2493.36 0 0 0 0 0 0 -72.778 169.018 2508.99 -122.56 -57.9162 2551.64 0 0 0 -150.707 -308.215 2431.37 0 0 0 0 0 0 206.93 166.908 2464.84 267.008 -72.4236 2517.69 0 0 0 307.865 -290.091 2455.4 0 0 0 -13.9766 -218.351 2512.45 -19.0139 -644.89 2527.98 0 0 0 39.5948 -961.901 2549.88 146.357 -219.561 2487.14 136.227 -604.476 2518.48 0 0 0 67.3927 -996.179 2586
6455511 72.6131 410.675 2480.96 66.6339 168.167 2485.38 66.2765 -25.572 2492.65 0 0 0 0 0 0 -73.5581 169.223 2506.67 -123.393 -58.4038 2551.25 0 0 0 -155.852 -304.416 2440.78 0 0 0 0 0 0 206.826 167.11 2464.1 266.982 -73.8324 2518.08 0 0 0 306.836 -293.444 2463.48 0 0 0 -14.1849 -218.707 2512.07 -13.3533 -639.408 2516.53 0 0 0 36.0454 -970.08 2551.08 146.023 -219.914 2487.75 136.645 -616.548 2504.39 0 0 0 67.3614 -996.04 2585.7
6488804 72.0593 410.575 2479.37 66.5908 167.826 2484.06 66.0923 -25.8543 2492.29 0 0 0 0 0 0 -73.6532 169.109 2505.77 -124.537 -58.2767 2551.94 0 0 0 -154.162 -302.861 2445.06 0 0 0 0 0 0 206.835 166.543 2462.35 267.362 -74.9908 2518.46 0 0 0 306.789 -281.148 2458.39 0 0 0 -14.1337 -218.805 2512.85 -11.0587 -636.358 2513.51 0 0 0 39.3706 -969.453 2544.9 145.321 -220.264 2488.17 137.301 -623.012 2500.94 0 0 0 63.9684 -1002.84 2586.4
6555390 70.8722 409.371 2477.04 66.1543 166.911 2482.34 65.7915 -26.6151 2491.75 0 0 0 0 0 0 -74.5031 168.259 2504.67 -125.763 -58.8585 2553.99 0 0 0 -158.76 -295.984 2448.45 0 0 0 0 0 0 206.812 165.562 2460.02 269.358 -75.4327 2520.51 0 0 0 297.402 -286.577 2446.91 0 0 0 -13.6277 -219.383 2513.7 -10.1483 -636.389 2514.25 0 0 0 44.2159 -1002.85 2521.71 144.485 -220.899 2488.61 131.084 -629.305 2499.49 0 0 0 48.3473 -998.946 2545.05
6621976 67.8573 406.804 2468.84 65.9864 165.816 2479.87 65.7673 -27.3815 2490.63 0 0 0 0 0 0 -75.5276 167.251 2502.76 -127.117 -59.0859 2555.15 0 0 0 -148.38 -300.793 2445.73 0 0 0 0 0 0 207.501 164.38 2456.98 269.682 -76.8191 2519.96 0 0 0 288.486 -301.198 2457.52 0 0 0 -12.9715 -219.782 2514.09 -10.3945 -636.263 2515.9 0 0 0 42.5765 -1001.51 2522.87 144.068 -221.375 2488.69 131.272 -630.64 2498.34 0 0 0 47.2893 -996.739 2530.28
6655269 67.8463 406.332 2466.2 65.3719 165.392 2477.83 65.3053 -27.7503 2489.77 0 0 0 0 0 0 -76.3339 166.834 2500.36 -129.892 -58.9121 2554.3 0 0 0 -151.599 -297.969 2435.37 0 0 0 0 0 0 207.078 163.949 2455.29 271.058 -75.7388 2520.55 0 0 0 292.29 -288.854 2453.04 0 0 0 -12.8554 -220.097 2514.14 -38.1133 -640.474 2530.32 0 0 0 42.0414 -999.023 2521.15 143.333 -221.687 2489.3 133.927 -632.355 2494.55 0 0 0 53.6841 -966.447 2523.44
6721855 61.2004 389.657 2434.29 65.0464 164.765 2474.17 64.6506 -29.9421 2488.27 0 0 0 0 0 0 -76.7662 166.595 2495.46 -134.62 -59.0587 2551.79 0 0 0 -139.644 -304.255 2431.16 0 0 0 0 0 0 206.859 162.934 2452.87 273.696 -77.3123 2521.2 0 0 0 271.522 -296.86 2421.28 0 0 0 -12.7405 -223.655 2513.93 -44.4495 -670.222 2523.34 0 0 0 42.0304 -955.16 2522.81 141.25 -225.643 2490.8 134.628 -634.042 2492.04 0 0 0 46.7932 -971.859 2548.59
6755148 60.8824 388.947 2432.06 64.5877 163.428 2471.28 64.4278 -31.3239 2486.46 0 0 0 0 0 0 -77.3482 165.324 2494.11 -138.72 -60.1983 2548.81 0 0 0 -131.54 -304.853 2417.06 0 0 0 0 0 0 206.524 161.531 2448.45 276.16 -79.8601 2522.22 0 0 0 255.913 -302.245 2407.16 0 0 0 -12.1121 -225.055 2513.93 -16.1768 -669.006 2505.49 0 0 0 43.0397 -966.952 2520.93 140.648 -227.096 2489.36 134.622 -636.279 2488.16 0 0 0 40.4167 -977.594 2563.67
6821734 60.1393 381.78 2423.07 63.2178 160.597 2465.79 64.331 -33.7133 2483.47 0 0 0 0 0 0 -79.3634 161.758 2487.53 -152.642 -62.5846 2539.67 0 0 0 -116.523 -301.237 2402.22 0 0 0 0 0 0 205.799 159.437 2444.05 281.429 -82.5437 2520.32 0 0 0 234.286 -291.251 2378.2 0 0 0 -10.5891 -227.405 2512.74 0.638241 -658.814 2475.56 0 0 0 40.1552 -969.061 2524.22 141.477 -228.643 2489.55 136.244 -640.182 2476.93 0 0 0 40.275 -938.369 2557.92
6855027 62.1771 378.03 2419.05 61.4648 156.755 2457.47 64.0847 -36.6841 2479.03 0 0 0 0 0 0 -80.7077 157.498 2481.4 -161.862 -77.4022 2512.74 0 0 0 -111.304 -302.816 2384.87 0 0 0 0 0 0 203.637 156.012 2433.53 291.754 -72.617 2505.07 0 0 0 217.848 -284.428 2353.49 0 0 0 -9.21171 -229.726 2513.38 6.52432 -659.026 2474.16 0 0 0 16.8486 -1003.53 2541.79 142.621 -230.52 2487.81 134.236 -640.986 2451.81 0 0 0 42.7883 -944.827 2549.71
6921613 58.9643 364.273 2392.79 59.4267 148.898 2440.85 62.9668 -43.2541 2469.98 0 0 0 0 0 0 -80.7804 150.066 2465.59 -169.766 -80.2926 2508.96 0 0 0 -94.2683 -268.493 2347.5 0 0 0 0 0 0 199.634 147.731 2416.11 296.01 -70.61 2501.37 0 0 0 188.009 -273.455 2337.15 0 0 0 -8.42451 -234.783 2512.34 6.4305 -652.165 2464.16 0 0 0 16.3265 -998.86 2546.9 141.438 -236.03 2485.89 133.577 -646.652 2460.32 0 0 0 56.7252 -938.953 2534.7
6954906 59.8608 356.422 2382.5 58.1201 143.291 2427.11 61.3239 -46.7531 2463.23 0 0 0 0 0 0 -81.2083 146.444 2456.06 -174.789 -80.6258 2507.41 0 0 0 -79.205 -268.402 2331.64 0 0 0 0 0 0 197.448 140.138 2398.17 297.358 -70.2398 2494.92 0 0 0 189.459 -258.018 2319.3 0 0 0 -9.62315 -235.119 2514.76 5.65435 -652.755 2461.12 0 0 0 22.8791 -993.696 2542.49 138.679 -238.475 2483.95 128.215 -649.791 2451.91 0 0 0 58.0558 -926.46 2532.99
6988199 62.7241 353.388 2377.28 58.7307 136.809 2416.02 61.2222 -52.683 2456.52 0 0 0 0 0 0 -80.3025 140.37 2441.24 -177.43 -83.6813 2502.17 0 0 0 -70.3688 -254.682 2321.63 0 0 0 0 0 0 197.764 133.247 2390.81 298.135 -71.2034 2485.48 0 0 0 169.979 -261.102 2321.44 0 0 0 -9.4283 -240.301 2510.29 -9.93148 -676.622 2459.57 0 0 0 28.5601 -1040.77 2551.27 136.856 -244.048 2483.75 128.871 -649.583 2445.35 0 0 0 57.9703 -933.962 2536.29
7054785 68.5488 346.637 2365.77 58.6954 132.027 2407.12 61.2714 -56.5535 2449.96 0 0 0 0 0 0 -80.1492 134.763 2427.51 -178.817 -86.084 2494.71 0 0 0 -47.0076 -246.08 2287.96 0 0 0 0 0 0 197.54 129.29 2386.72 299.33 -72.4119 2470.83 0 0 0 160.665 -236.283 2281.44 0 0 0 -8.67124 -243.704 2503.45 -5.1216 -663.908 2456.68 0 0 0 27.1789 -1041.69 2552.78 136.366 -246.563 2482.15 130.23 -651.338 2438.93 0 0 0 59.7232 -939.041 2534.24
7088078 71.3942 334.051 2346.38 61.2917 127.026 2397.8 62.2151 -61.9062 2443.02 0 0 0 0 0 0 -76.1598 130.849 2416.58 -178.99 -84.1737 2489.62 0 0 0 -45.8354 -236.898 2294.39 0 0 0 0 0 0 198.743 123.204 2379.02 300.233 -77.3867 2456.25 0 0 0 145.741 -228.914 2273.8 0 0 0 -8.76188 -248.839 2498.06 -7.38859 -667.676 2442.09 0 0 0 26.1645 -1045.41 2552.4 135.039 -252.838 2478.41 131.036 -651.606 2436.3 0 0 0 67.0207 -926.626 2530.25
7154664 69.9515 328.983 2334.95 62.3571 121.759 2388.56 62.2644 -66.0096 2436.63 0 0 0 0 0 0 -73.4348 127.976 2412.59 -176.211 -84.6628 2460.88 0 0 0 -29.3547 -222.3 2281.71 0 0 0 0 0 0 198.149 115.541 2364.54 299.888 -83.051 2438.6 0 0 0 128.645 -212.069 2267.15 0 0 0 -8.53049 -250.541 2497.2 -5.72305 -668.32 2438.09 0 0 0 25.4451 -1054.43 2550.4 132.874 -257.015 2472.18 131.863 -648.256 2437.34 0 0 0 72.8573 -922.035 2534.54
7187957 67.2229 324.616 2324.42 64.065 118.362 2380.57 64.1369 -71.413 2428.94 0 0 0 0 0 0 -70.6722 125.214 2407.66 -173.427 -87.572 2447.99 0 0 0 -19.1638 -213.621 2277.28 0 0 0 0 0 0 198.802 111.509 2353.48 300.226 -93.9228 2417.38 0 0 0 117.987 -206.931 2255.76 0 0 0 -7.68628 -257.531 2491.75 -5.5708 -670.315 2432.7 0 0 0 27.059 -1059.17 2552.82 136.104 -264.844 2462.84 122.917 -640.392 2409.14 0 0 0 78.1718 -921.63 2533.66
7241127 65.8451 321.638 2317.47 64.9988 113.768 2371.76 65.7582 -75.3109 2422.28 0 0 0 0 0 0 -69.6666 120.961 2400.71 -176.068 -89.8774 2440.76 0 0 0 -2.29918 -195.423 2274.45 0 0 0 0 0 0 199.664 106.575 2342.81 301.713 -100.265 2404.45 0 0 0 113.157 -175.343 2244.1 0 0 0 -6.64482 -260.481 2488.52 -6.07077 -669.395 2428.29 0 0 0 26.8152 -1062.99 2553.04 139.68 -268.297 2457.07 119.091 -634.766 2400.32 0 0 0 80.0889 -902.867 2504.56
7287836 64.8453 313.436 2302.5 66.1418 103.631 2357.67 66.75 -81.996 2413.45 0 0 0 0 0 0 -68.2394 112.876 2389.9 -176.461 -93.6549 2429 0 0 0 12.5949 -191.113 2281.54 0 0 0 0 0 0 200.523 94.3857 2325.44 305.57 -105.965 2392.72 0 0 0 109.076 -182.206 2254.81 0 0 0 -5.71624 -262.595 2486.75 -3.62069 -666.797 2429.55 0 0 0 44.1555 -1042.04 2562.53 140.433 -272.65 2451.7 117.455 -636.99 2395.11 0 0 0 76.6366 -913.171 2519.81
7354422 66.2103 307.431 2294.79 66.1162 94.6417 2347.61 66.6455 -88.578 2407.89 0 0 0 0 0 0 -66.3364 105.354 2381.33 -177.71 -97.8665 2427.21 0 0 0 9.97926 -181.925 2278.96 0 0 0 0 0 0 198.569 83.929 2313.88 306.071 -105.406 2388.12 0 0 0 100.152 -172.594 2254.46 0 0 0 -3.83146 -266.055 2486.25 13.412 -660.981 2397.28 0 0 0 45.2299 -1040.7 2547.21 138.181 -277.541 2450.09 121.843 -643.166 2404.43 0 0 0 79.0792 -927.912 2517.7
7387715 67.466 299.986 2285.36 68.7656 89.1615 2341.13 67.7588 -92.7873 2403.61 0 0 0 0 0 0 -62.142 100.447 2371.88 -178.455 -96.1473 2423.04 0 0 0 6.96829 -187.093 2271.62 0 0 0 0 0 0 199.673 77.876 2310.38 304.945 -109.197 2382.84 0 0 0 83.3517 -180.521 2267.34 0 0 0 -3.83885 -268.65 2482.68 12.0619 -656.273 2378.89 0 0 0 40.9457 -1036.54 2541.98 137.343 -280.822 2449.51 125.796 -645.638 2409.76 0 0 0 81.278 -934.005 2515.31
7454301 65.7603 289.521 2269.77 73.8608 85.5144 2335.5 70.2945 -97.3711 2392.48 0 0 0 0 0 0 -58.0786 94.5985 2356.4 -177.819 -98.5312 2406.09 0 0 0 13.6786 -196.854 2273.5 0 0 0 0 0 0 205.8 76.4303 2314.6 307.568 -105.345 2392.27 0 0 0 91.5962 -175.55 2274.58 0 0 0 -2.28839 -275.505 2460.39 10.8852 -645.246 2357.04 0 0 0 39.1876 -1027.77 2539.44 135.745 -285.008 2438.52 126.927 -650.578 2402.97 0 0 0 80.7776 -942.744 2505.7
7487594 68.0151 286.928 2265.55 76.7641 82.2793 2330.7 72.4857 -100.397 2386.59 0 0 0 0 0 0 -56.1077 90.936 2348.83 -178.836 -96.6581 2398.96 0 0 0 4.50322 -196.596 2268.93 0 0 0 0 0 0 209.636 73.6225 2312.58 311.309 -106.138 2391.27 0 0 0 107.736 -187.833 2261.89 0 0 0 0.872025 -278.685 2451.66 10.1695 -635.086 2326.73 0 0 0 35.6781 -1020.28 2530.61 135.542 -287.459 2433.29 128.5 -654.421 2395.81 0 0 0 91.9402 -934.377 2507.84
7554180 69.6355 280.808 2251.02 79.7548 77.9069 2322.76 74.4741 -104.44 2379.62 0 0 0 0 0 0 -53.2119 87.5603 2341.37 -178.885 -93.4634 2397.57 0 0 0 -0.758148 -196.866 2265.82 0 0 0 0 0 0 212.721 68.2534 2304.15 314.415 -111.225 2386.05 0 0 0 112.561 -202.457 2278.14 0 0 0 3.0307 -281.984 2445.74 21.2951 -642.292 2292.37 0 0 0 35.6626 -1008.8 2510.94 135.356 -291.591 2427.22 131.247 -659.507 2391.67 0 0 0 87.4983 -939.712 2510.14
7587473 71.1497 271.711 2233.15 78.8268 74.8796 2313.39 75.6188 -107.058 2373.58 0 0 0 0 0 0 -53.1979 84.1997 2334.52 -179.709 -92.3695 2389.62 0 0 0 -12.3671 -200.622 2261.1 0 0 0 0 0 0 210.851 65.5595 2292.25 317.573 -113.444 2383.95 0 0 0 107.697 -202.564 2202.26 0 0 0 7.12768 -284.386 2444.23 16.6953 -628.238 2264.31 0 0 0 37.2055 -996.011 2491.2 137.694 -293.603 2423.33 129.868 -661.521 2386.39 0 0 0 84.5104 -948.979 2520.97
7641558 73.7477 264.362 2222.16 77.0047 68.551 2303.23 76.4419 -112.71 2364.33 0 0 0 0 0 0 -54.8841 78.0646 2330.24 -180.976 -99.7492 2384.35 0 0 0 2.09274 -215.799 2273.34 0 0 0 0 0 0 208.893 59.0375 2276.22 324.106 -120.246 2366.31 0 0 0 122.779 -240.77 2192.28 0 0 0 7.96761 -289.072 2439.33 12.311 -591.52 2232.55 0 0 0 51.1613 -913.128 2348.01 143.791 -298.87 2411.52 129.294 -665.596 2367.33 0 0 0 84.74 -949.624 2518.27
7687352 74.0837 253.686 2212.35 77.8857 59.9714 2293.8 78.5247 -119.778 2356.6 0 0 0 0 0 0 -53.8901 67.6767 2317.19 -181.266 -105.367 2376.91 0 0 0 -5.74646 -221.067 2254.58 0 0 0 0 0 0 209.662 52.2661 2270.4 328.331 -128.065 2355.47 0 0 0 140.87 -235.494 2262.25 0 0 0 9.88724 -295.477 2431.7 24.1344 -602.952 2216.02 0 0 0 48.9036 -912.166 2337.29 148.44 -303.579 2407.1 136.338 -663.371 2351.07 0 0 0 85.1128 -951.342 2487.24
7753938 72.6787 237.241 2197.34 79.032 49.3214 2278.3 80.0129 -127.904 2346.58 0 0 0 0 0 0 -53.422 56.938 2299.97 -195.425 -124.568 2348.36 0 0 0 -12.7968 -236.651 2247.6 0 0 0 0 0 0 211.486 41.7048 2256.63 337.842 -135.692 2335.14 0 0 0 151.567 -237.464 2224.14 0 0 0 11.2953 -301.122 2426.26 25.5813 -609.975 2202.87 0 0 0 47.7978 -909.95 2327.5 150.692 -309.138 2403.46 139.083 -668.561 2343.54 0 0 0 85.9555 -952.919 2501.28
7787231 73.3928 227.844 2180.08 77.141 37.072 2258.69 79.152 -137.158 2333.14 0 0 0 0 0 0 -57.555 43.5202 2277.42 -187.653 -149.256 2320.25 0 0 0 -0.612549 -245.776 2242.7 0 0 0 0 0 0 211.837 30.6238 2239.97 343.969 -135.35 2326.37 0 0 0 142.282 -238.122 2246.55 0 0 0 10.6721 -308.014 2417.39 29.1891 -615.149 2199.08 0 0 0 56.0245 -905.888 2351.47 151.654 -314.763 2397.79 140.308 -674.939 2334.42 0 0 0 86.5185 -954.304 2504.1
7853817 73.3106 220.085 2170.81 79.0273 24.6868 2242.18 79.3236 -147.355 2320.44 0 0 0 0 0 0 -53.9841 32.9503 2260.85 -182.554 -156.912 2305.9 0 0 0 6.5112 -265.184 2211.59 0 0 0 0 0 0 212.039 16.4232 2223.51 347.283 -136.56 2312.18 0 0 0 141.82 -255.898 2226.86 0 0 0 8.40622 -314.973 2408.7 35.1377 -624.881 2166.75 0 0 0 59.3429 -900.058 2341.73 150.834 -323.822 2388.71 138.846 -688.86 2322.4 0 0 0 84.2832 -955.204 2500.4
7887110 71.4788 206.911 2155.35 76.2934 10.0285 2224.29 75.2696 -160.664 2303.43 0 0 0 0 0 0 -58.5689 17.9179 2239.56 -184.434 -159.342 2293.47 0 0 0 -17.062 -272.338 2191.09 0 0 0 0 0 0 211.156 2.13908 2209.02 348.3 -145.229 2300.97 0 0 0 148.784 -264.644 2192.58 0 0 0 1.30437 -327.089 2390.83 37.186 -636.462 2140.11 0 0 0 86.0688 -926.23 2367.65 147.187 -335.623 2374.31 137.13 -697.091 2309.23 0 0 0 81.7874 -946.982 2497.84
7953696 71.0958 200.596 2144.92 66.6172 3.1534 2201.42 69.6486 -165.737 2281.49 0 0 0 0 0 0 -62.6432 15.5408 2232.43 -187.199 -175.014 2272.66 0 0 0 -7.73732 -268.613 2179.27 0 0 0 0 0 0 195.878 -9.23396 2170.4 345.025 -163.958 2258.57 0 0 0 140.68 -280.173 2157.96 0 0 0 -3.48377 -327.328 2379.85 31.3253 -629.815 2104.64 0 0 0 55.7386 -829.226 2126.46 148.844 -341.926 2343.3 148.198 -696.449 2280.39 0 0 0 85.2645 -942.772 2509.83
7986989 67.0591 194.299 2124.48 63.9109 0.164948 2180.23 66.8549 -166.868 2262.76 0 0 0 0 0 0 -66.1609 12.6175 2210.07 -195.658 -181.324 2238.91 0 0 0 -22.3919 -270.193 2148.93 0 0 0 0 0 0 193.983 -12.2876 2150.39 329.737 -175.853 2231.57 0 0 0 125.207 -317.625 2059.71 0 0 0 -7.14553 -326.535 2362.94 29.2912 -624.883 2093.4 0 0 0 53.4593 -829.242 2167.72 146.743 -341.268 2327.64 149.448 -691.676 2261.04 0 0 0 90.4503 -945.952 2509.71
8020282 61.2329 191.295 2084.77 63.6177 -0.668991 2156.19 65.4646 -169.655 2240.76 0 0 0 0 0 0 -69.0889 11.1707 2182.75 -189.367 -196.885 2198.08 0 0 0 -24.646 -279.316 2125.87 0 0 0 0 0 0 196.324 -12.5087 2129.63 332.791 -173.069 2228.5 0 0 0 142.639 -274.973 2117.1 0 0 0 -7.928 -331.928 2340.38 31.8482 -619.835 2053.48 0 0 0 59.2517 -832.207 2158.4 142.551 -345.353 2310.27 149.583 -691.166 2247.83 0 0 0 98.851 -953.073 2521.71
8086868 55.3481 188.34 2061.54 66.1358 -7.49625 2118.62 62.8182 -175.82 2208.52 0 0 0 0 0 0 -53.3273 10.9261 2148.71 -188.346 -189.633 2193.12 0 0 0 -16.4265 -269.073 2101.9 0 0 0 0 0 0 185.599 -25.9186 2088.54 329.578 -182.618 2195.05 0 0 0 130.963 -289.979 2080.14 0 0 0 -15.2615 -332.614 2317.24 25.6891 -603.033 2025.77 0 0 0 108.582 -860.275 2239.3 134.263 -355.672 2279.58 156.886 -685.85 2255.69 0 0 0 118.896 -947.354 2537.37
8120161 49.8235 182.092 2023.9 54.9813 -18.6253 2086.15 52.1645 -179.972 2178.03 0 0 0 0 0 0 -72.0384 -0.686646 2113.76 -212.124 -192.667 2141.64 0 0 0 -7.49655 -276.038 2076.14 0 0 0 0 0 0 182.001 -36.564 2058.54 332.853 -182.52 2156.13 0 0 0 114.302 -267.228 2054.91 0 0 0 -23.5722 -331.021 2285.76 30.4829 -603.693 1988.55 0 0 0 107.485 -829.701 2244.93 122.268 -351.617 2254.06 158.278 -680.606 2217.32 0 0 0 105.728 -933.059 2517.8
8186747 44.9354 179.21 1982.45 44.3703 -21.5713 2042.65 35.5797 -189.409 2123.73 0 0 0 0 0 0 -81.3452 4.34457 2082.67 -213.076 -179.467 2116.45 0 0 0 -24.632 -250.114 2025.1 0 0 0 0 0 0 170.086 -47.4871 2002.64 320.156 -197.004 2097.52 0 0 0 124.874 -297.462 1984.47 0 0 0 -63.1321 -338.709 2233.44 23.5412 -608.501 1920.81 0 0 0 66.751 -836.047 2225.89 116.71 -375.783 2176.19 176.68 -683.203 2217.14 0 0 0 122.457 -934.707 2537.07
8220040 44.4561 178.406 1963.69 40.9238 -22.5186 2024.76 38.9082 -186.024 2105.87 0 0 0 0 0 0 -92.7075 -8.94168 2048.81 -224.234 -190.586 2074.47 0 0 0 -27.396 -262.418 1989.81 0 0 0 0 0 0 174.555 -36.0956 2000.71 325.276 -184.703 2102.85 0 0 0 127.855 -284.567 1967.56 0 0 0 -24.9502 -343.246 2198.11 37.4347 -618.189 1911.61 0 0 0 74.1188 -846.894 2218.62 98.7355 -355.812 2175.85 153.423 -679.424 2200.17 0 0 0 104.147 -926.314 2510.37
8286626 42.8541 180.732 1949.66 38.1294 -8.61072 1992.65 38.1453 -181.293 2044.27 0 0 0 0 0 0 -92.2168 -15.1582 1970.79 -232.297 -198.326 1973.42 0 0 0 -32.7102 -268.503 1871.62 0 0 0 0 0 0 168.476 -2.06319 2014.51 312.22 -167.928 2093.51 0 0 0 125.403 -253.812 1953.49 0 0 0 -19.0695 -356.85 2086.3 32.3264 -611.398 1935.6 0 0 0 65.9081 -815.833 2229.86 95.392 -351.101 2105.5 152.996 -692.759 2143.72 0 0 0 107.75 -912.379 2411.27
8319919 40.6926 185.946 1910.58 34.2625 0.292877 1971.27 32.4786 -175.809 2026.23 0 0 0 0 0 0 -90.9259 -6.68893 1944.83 -227.916 -193.868 1927.44 0 0 0 -30.6397 -261.184 1831.38 0 0 0 0 0 0 159.451 7.27469 1997.7 303.166 -163.645 2068.99 0 0 0 121.344 -237.907 1918.81 0 0 0 -31.9206 -355.402 2067.97 26.3714 -609.717 1926.36 0 0 0 51.534 -807.381 2230.93 93.3099 -348.418 2094.41 114.573 -698.313 2044.72 0 0 0 131.081 -783.59 2074.03
8353212 30.9829 199.28 1878.54 30.9904 6.99466 1947.32 32.4729 -175.101 1997.23 0 0 0 0 0 0 -89.6974 -3.36748 1913.1 -230.399 -195.301 1876.08 0 0 0 -31.5127 -258.333 1789.63 0 0 0 0 0 0 151.678 17.3568 1981.54 303.665 -143.952 2027.93 0 0 0 116.945 -218.288 1885.46 0 0 0 -42.1365 -363.73 2025.57 21.9281 -589.112 1904.18 0 0 0 43.5427 -798.05 2234.68 110.047 -350.663 2068.72 121.1 -696.971 2009.26 0 0 0 119.425 -793.702 2072.77
8419798 23.8354 204.593 1839.13 26.7048 16.6578 1900.69 28.0301 -160.42 1964.71 0 0 0 0 0 0 -93.1486 2.29872 1863.46 -213.723 -184.994 1771.47 0 0 0 -16.2186 -248.963 1713.43 0 0 0 0 0 0 146.558 31.0169 1937.93 305.707 -127.386 1989.84 0 0 0 136.151 -191.895 1816.83 0 0 0 -56.7192 -347.809 2001.99 21.6106 -592.471 1891.74 0 0 0 43.0763 -796.997 2230.71 115.43 -327.185 2055.47 145.735 -674.735 2044.46 0 0 0 119.442 -799.66 2084.52
8453091 19.1464 209.266 1817.4 26.9538 24.0362 1881.27 28.7421 -151.764 1952.5 0 0 0 0 0 0 -93.0137 7.42418 1843.29 -216.91 -180.339 1762.65 0 0 0 -17.5444 -237.034 1669.91 0 0 0 0 0 0 146.921 40.6482 1919.26 306.914 -123.115 1961.16 0 0 0 140.012 -183.015 1775.23 0 0 0 -55.2142 -339.438 1996.59 23.7377 -597.228 1884 0 0 0 98.6739 -729.59 2281.5 116.275 -315.692 2050.89 159.475 -661.779 2061.49 0 0 0 93.2116 -899.032 2206.08
8519677 17.2281 217.756 1794.1 25.2788 35.068 1851.05 27.9864 -139.432 1928.23 0 0 0 0 0 0 -97.2933 18.7892 1818.54 -211.734 -167.392 1730.02 0 0 0 -18.0508 -214.866 1582.25 0 0 0 0 0 0 147.851 51.3469 1883.56 309.593 -107.143 1795.81 0 0 0 132.797 -168.456 1672.65 0 0 0 -48.9292 -324.508 1984.28 26.5575 -593.341 1861.58 0 0 0 115.445 -738.958 2269.68 110.317 -303.358 2026.52 163.806 -662.906 2080.8 0 0 0 81.9634 -906.941 2214.67
8552970 16.1836 228.421 1772.4 24.0517 42.7638 1836.09 26.9318 -131.459 1916.3 0 0 0 0 0 0 -100.489 27.5197 1807.45 -207.301 -151.152 1686.95 0 0 0 -26.2215 -206.421 1543.2 0 0 0 0 0 0 148.592 58.008 1864.73 311.888 -107.873 1778.43 0 0 0 141.953 -159.146 1618.41 0 0 0 -42.5287 -314.537 1979.86 26.0602 -591.244 1846.17 0 0 0 27.7907 -740.075 2055.74 102.153 -296.827 2013.14 165.19 -647.462 2089.9 0 0 0 74.1324 -909.511 2222
8619556 11.203 239.139 1754.4 26.6701 54.9243 1816.19 17.8426 -89.5491 1908.31 0 0 0 0 0 0 -96.7701 42.4901 1784.86 -205.471 -139.382 1669.02 0 0 0 -51.8098 -162.188 1451.97 0 0 0 0 0 0 150.11 67.3586 1847.52 314.938 -89.6034 1733.86 0 0 0 175.311 -117.006 1523.43 0 0 0 -62.5386 -241.23 1982.27 32.979 -619.236 1858.39 0 0 0 36.4583 -770.814 2075.53 80.5688 -226.815 2018.59 143.835 -595.191 2071.88 0 0 0 59.0058 -880.28 2207.42
8652849 5.46218 247.643 1737.49 30.8706 62.5734 1797.5 20.8562 -89.0217 1885.33 0 0 0 0 0 0 -91.4319 48.0162 1758.43 -208.728 -119.833 1642.34 0 0 0 -65.4363 -142.794 1401.73 0 0 0 0 0 0 153.173 77.1307 1836.58 309.589 -80.961 1719.19 0 0 0 172.96 -91.8193 1485.9 0 0 0 -59.8566 -249.032 1950.57 24.1755 -605.714 1859.58 0 0 0 27.1144 -763.023 2083.23 81.54 -232.202 1995.74 144.456 -597.301 2068.02 0 0 0 59.9695 -894.465 2206.47
8719435 5.65517 252.727 1726.49 32.2522 69.0243 1763.08 23.5189 -86.6543 1860.93 0 0 0 0 0 0 -89.8511 49.8034 1721.6 -203.582 -96.7982 1593.85 0 0 0 -82.6463 -102.639 1314.78 0 0 0 0 0 0 154.356 88.2453 1804.56 293.022 -60.4282 1692.44 0 0 0 207.159 -36.4324 1421.57 0 0 0 -58.0886 -253.804 1934.01 9.08387 -591.612 1868.83 0 0 0 21.8477 -752.796 2078.7 87.6597 -230.861 1983.53 142.848 -597.903 2057.62 0 0 0 61.1117 -901.566 2203.31
8786021 7.59769 260.593 1707.45 26.166 73.9628 1738.68 20.1797 -81.8707 1848.16 0 0 0 0 0 0 -100.146 49.7615 1697.32 -196.597 -70.9285 1552.71 0 0 0 -100.003 -54.6809 1250.49 0 0 0 0 0 0 152.478 98.1641 1780.03 275.213 -35.1197 1641.66 0 0 0 227.972 10.6675 1349.38 0 0 0 -54.669 -250.898 1935.11 11.8883 -593.824 1859.46 0 0 0 15.5677 -726.01 1961.12 83.0559 -224.51 1980.2 133.244 -591.998 2056.91 0 0 0 59.1734 -893.435 2213
8819314 8.50601 266.823 1696.33 23.612 84.625 1720.94 19.0127 -70.8704 1839.88 0 0 0 0 0 0 -102.474 59.0931 1682.69 -193.885 -62.0573 1546.06 0 0 0 -105.293 -28.5039 1220.98 0 0 0 0 0 0 149.698 110.157 1759.19 270.148 -5.11289 1601.76 0 0 0 243.58 28.0577 1317.86 0 0 0 -48.3231 -239.07 1939.79 14.7332 -594.465 1854.79 0 0 0 16.9503 -730.511 1960.85 77.1498 -213.662 1977.86 124.069 -581.552 2056.72 0 0 0 66.4236 -861.388 2259.23
8885900 8.75825 275.203 1686.32 21.9073 88.9115 1712.86 21.6187 -70.0052 1828.43 0 0 0 0 0 0 -102.958 65.378 1680.19 -151.312 16.182 1470.44 0 0 0 -147.579 27.8235 1153.51 0 0 0 0 0 0 146.773 112.445 1745.53 271.109 9.75327 1575.01 0 0 0 269.677 62.0338 1231.59 0 0 0 -42.196 -240.895 1927.37 18.0993 -589.255 1845.61 0 0 0 20.7539 -707.999 1937.39 84.8561 -216.949 1960.62 119.325 -580.489 2063.56 0 0 0 71.4501 -860.515 2278.63
8919193 8.96195 280.967 1683.73 17.4751 96.8473 1700.71 15.6847 -51.2944 1814.71 0 0 0 0 0 0 -104.118 85.5418 1684.11 -156.591 27.3027 1476.49 0 0 0 -184.966 73.9197 1137.93 0 0 0 0 0 0 139.068 108.153 1717.31 268.412 8.49438 1549.5 0 0 0 314.841 81.3356 1212.27 0 0 0 -53.3609 -205.689 1919.52 9.24717 -575.873 1847.15 0 0 0 23.5075 -715.266 1916.72 81.1493 -193.183 1937.89 113.089 -535.782 2063.61 0 0 0 75.7039 -824.472 2255.51
8985779 7.44416 288.219 1681.21 21.0081 109.403 1687.42 16.6096 -36.8052 1806.03 0 0 0 0 0 0 -93.8245 105.835 1678.76 -158.359 41.1294 1440.44 0 0 0 -222.428 115.935 1094.76 0 0 0 0 0 0 135.841 112.971 1696.08 271.532 54.1833 1450.83 0 0 0 385.712 121.072 1169.35 0 0 0 -56.7703 -185.157 1919.44 1.00205 -563.633 1854.94 0 0 0 16.1588 -714.395 1910.86 81.1927 -180.87 1929.84 112.699 -519.474 2071.62 0 0 0 57.7761 -809.591 2268.71
9019072 6.18497 290.618 1679.39 20.02 112.463 1653.2 18.2281 -27.9694 1781.21 0 0 0 0 0 0 -93.6271 109.549 1648.42 -177.167 56.5622 1414.48 0 0 0 -237.516 128.389 1101.92 0 0 0 0 0 0 133.667 115.378 1657.99 276.398 55.9998 1436.84 0 0 0 397.308 141.688 1164.16 0 0 0 -58.1526 -170.315 1906.07 -5.00193 -536.332 1832.42 0 0 0 11.7929 -712.067 1897.25 91.0249 -166.489 1912.36 109.816 -510.837 2097.56 0 0 0 64.8708 -818.029 2293.04
9085658 4.83096 294.639 1676.45 22.0048 117.85 1633.3 17.2586 -16.264 1766.41 0 0 0 0 0 0 -89.7023 118.609 1630.08 -182.703 67.8826 1403.11 0 0 0 -248.224 141.891 1099.43 0 0 0 0 0 0 133.712 117.091 1636.52 284.468 61.069 1420.78 0 0 0 383.026 157.514 1157.71 0 0 0 -67.2288 -149.836 1897.23 -7.52037 -527.946 1829.09 0 0 0 9.8696 -722.127 1901.65 92.2537 -150.92 1901.83 109.507 -509.819 2091.96 0 0 0 66.186 -817.001 2301.36
9118951 3.22652 300.317 1673.81 23.0117 123.869 1626.79 13.1027 -0.758461 1763.84 0 0 0 0 0 0 -86.3906 122.013 1617.19 -174.848 70.1727 1396.01 0 0 0 -244.491 143.944 1088.8 0 0 0 0 0 0 132.414 125.725 1636.39 286.731 69.6045 1419.91 0 0 0 374.941 165.357 1158.74 0 0 0 -67.5928 -126.587 1894.67 -7.62231 -512.985 1828.04 0 0 0 12.24 -719.387 1907.62 73.9803 -124.185 1907.09 127.521 -473.279 2093.13 0 0 0 57.2908 -783.577 2303.85
9185537 0.495422 306.193 1668.82 26.0258 127.978 1630.06 12.9082 0.828919 1766.51 0 0 0 0 0 0 -82.2095 128.834 1620.45 -175.392 77.7024 1388.77 0 0 0 -243.702 146.779 1081.14 0 0 0 0 0 0 134.261 127.121 1639.66 281.822 73.6518 1416.7 0 0 0 369.062 164.998 1156.6 0 0 0 -70.1748 -125.766 1896.76 -5.51783 -512.544 1836.02 0 0 0 16.0849 -825.252 1940.1 69.7561 -126.873 1909.18 129.933 -456.726 2091.51 0 0 0 60.8013 -789.707 2310.42
9218830 0.966061 310.586 1665.39 26.0115 132.365 1633.09 14.8282 0.22879 1768.3 0 0 0 0 0 0 -82.4466 134.11 1625.82 -176.714 83.4203 1382.67 0 0 0 -243.529 150.828 1077.59 0 0 0 0 0 0 134.47 130.621 1640.36 280.812 73.3746 1421.28 0 0 0 367.159 161.618 1159.01 0 0 0 -66.7445 -130.775 1898.8 -4.70615 -511.193 1836.85 0 0 0 16.9624 -825.775 1941.27 74.0343 -133.04 1908.23 126.619 -454.255 2092.23 0 0 0 57.5685 -769.128 2308.34
9285416 1.02203 314.369 1663.13 26.3238 138.444 1638.6 15.6124 2.20634 1770.79 0 0 0 0 0 0 -80.9589 142.722 1634.31 -175.949 81.5119 1376.98 0 0 0 -248.131 153.464 1070.08 0 0 0 0 0 0 133.606 134.167 1642.88 276.994 78.4067 1419.93 0 0 0 368.276 165.134 1156.35 0 0 0 -67.2226 -131.156 1900.1 -4.03432 -516.667 1843.52 0 0 0 19.5615 -825.654 1947.2 77.0246 -136.907 1905.86 117.732 -462.024 2079.96 0 0 0 54.4086 -740.119 2292.86
9318709 0.780487 316.374 1660.86 23.5685 141.133 1641.35 13.8401 5.04391 1771.79 0 0 0 0 0 0 -84.0356 144.528 1636.86 -176.05 80.3806 1373.16 0 0 0 -250.674 152.469 1065.35 0 0 0 0 0 0 131.173 137.738 1645.83 275.72 83.4401 1420.23 0 0 0 370.591 173.613 1151.79 0 0 0 -67.4615 -128.787 1899.25 -4.68599 -513.781 1847.27 0 0 0 22.1134 -822.512 1950.93 75.6849 -133.304 1905.21 112.657 -471.167 2062 0 0 0 49.9735 -760.368 2272.83
9385295 0.0490112 322.79 1656.24 20.3835 143.634 1644.61 16.8222 0.110172 1772.19 0 0 0 0 0 0 -89.1546 141.603 1639.27 -177.15 74.3806 1370.54 0 0 0 -250.287 148.408 1065.6 0 0 0 0 0 0 129.922 145.666 1649.96 274.226 92.2572 1420.74 0 0 0 371.218 182.75 1155.79 0 0 0 -51.6307 -144.618 1896.6 -8.24331 -533.13 1866.44 0 0 0 21.9864 -813.999 1955.05 78.1524 -142.21 1902.93 111.73 -480.393 2059.35 0 0 0 70.8548 -751.907 2260.39
9418588 -0.383717 323.327 1657.4 17.8752 145.09 1646.58 16.3401 -2.18668 1773.35 0 0 0 0 0 0 -93.3321 142.362 1642.07 -176.979 73.6558 1371.23 0 0 0 -251.168 147.912 1065.19 0 0 0 0 0 0 129.083 147.819 1651.1 273.226 94.2855 1417.77 0 0 0 372.488 186.49 1152.84 0 0 0 -50.6666 -151.07 1897.46 -18.4408 -539.851 1871.51 0 0 0 23.5193 -784.76 1947.78 80.2766 -147.857 1902.77 110.636 -484.605 2055.34 0 0 0 71.3891 -751.801 2264.35
9485174 -0.62019 324.255 1658.7 18.6194 142.763 1644.78 14.2086 -0.513132 1772.65 0 0 0 0 0 0 -90.8379 141.278 1639.34 -175.685 77.7628 1375.9 0 0 0 -249.894 150.352 1070.44 0 0 0 0 0 0 128.077 144.248 1650.22 269.837 90.5035 1415.01 0 0 0 368.699 185.358 1155.37 0 0 0 -57.0711 -144.697 1897.21 -14.5474 -539.324 1865.32 0 0 0 22.2221 -799.67 1937.11 76.6666 -142.882 1903.85 109.122 -476.69 2045.63 0 0 0 79.8325 -751.114 2231.67
9518467 -1.19808 324.975 1659.44 17.3454 143.623 1646.21 13.7097 -1.44448 1772.8 0 0 0 0 0 0 -92.3286 141.873 1641.05 -163.124 79.4174 1387.44 0 0 0 -251.57 150.501 1067.99 0 0 0 0 0 0 127.019 145.373 1651.37 265.952 92.1628 1414.3 0 0 0 367.389 186.738 1157.27 0 0 0 -57.5438 -147.591 1896.21 -15.1521 -546.617 1871.06 0 0 0 23.7635 -795.565 1935.12 77.6917 -145.433 1902.57 108.594 -476.627 2045.98 0 0 0 75.2711 -745.382 2241.69
9585053 -1.09564 323.142 1660.81 15.8304 143.544 1647.62 11.5625 -2.86422 1775.23 0 0 0 0 0 0 -93.7308 143.665 1644.09 -166.038 81.3276 1391.8 0 0 0 -248.856 150.492 1076.31 0 0 0 0 0 0 125.392 143.423 1651.15 262.992 90.8771 1413.35 0 0 0 366 186.371 1156.12 0 0 0 -59.3034 -149.199 1900.7 -12.2868 -543.426 1868.64 0 0 0 15.834 -749.766 1940.87 73.8928 -149.346 1904.99 105.713 -484.569 2047.92 0 0 0 68.2521 -724.096 2226.47
9618346 -2.79376 323.71 1661.52 11.0957 141.454 1659.98 8.81091 -2.96682 1781.15 0 0 0 0 0 0 -103.09 144.334 1661.26 -176.502 89.8854 1412.58 0 0 0 -252.125 157.429 1062.67 0 0 0 0 0 0 125.282 138.574 1658.7 261.603 86.3068 1422.41 0 0 0 363.988 182.265 1171.43 0 0 0 -60.3478 -145.701 1903.07 -14.0261 -542.917 1872.96 0 0 0 19.5363 -765.527 1945.02 73.4002 -149.075 1901.57 107.448 -485.099 2041.65 0 0 0 70.5379 -734.054 2231.89
9684932 -4.47715 324.158 1661.61 12.3757 143.318 1653.27 8.26156 -1.06137 1777.95 0 0 0 0 0 0 -98.7316 146.084 1652.8 -174.035 89.8838 1403.98 0 0 0 -251.632 155.824 1065.85 0 0 0 0 0 0 123.483 140.553 1653.73 262.276 87.8172 1420 0 0 0 362.833 183.554 1167.39 0 0 0 -63.375 -143.761 1902.36 -13.8408 -539.91 1867.52 0 0 0 22.0429 -774.61 1945.95 71.6699 -147.122 1902.92 109.191 -494.193 2045.22 0 0 0 96.2556 -864.368 2306.87
9718225 -5.66268 324.715 1662.55 12.3291 144.106 1650.9 8.21433 -0.46722 1776.86 0 0 0 0 0 0 -96.7064 146.693 1650.31 -173.949 90.214 1403.34 0 0 0 -250.599 153.755 1068.9 0 0 0 0 0 0 121.365 141.518 1651.49 261.514 88.7987 1418.46 0 0 0 361.491 182.965 1165.4 0 0 0 -64.0299 -143.423 1902.46 -8.3731 -520.573 1842.4 0 0 0 23.7316 -778.61 1948.67 72.2291 -146.657 1903.2 108.922 -490.334 2045.7 0 0 0 89.849 -857.949 2310.59
9784811 -7.01748 324.936 1663.1 11.7839 144.959 1650.09 7.7513 0.15147 1776.96 0 0 0 0 0 0 -95.1116 146.818 1648.82 -173.632 90.1592 1408 0 0 0 -250.896 149.354 1079.2 0 0 0 0 0 0 118.679 143.1 1651.37 260.891 89.725 1419.91 0 0 0 356.945 181.637 1167.66 0 0 0 -64.1886 -143.475 1903.01 -10.5528 -529.509 1852.37 0 0 0 22.4644 -768.281 1952.53 71.6261 -145.837 1904.63 109.887 -494.866 2046.34 0 0 0 89.0405 -854.007 2307.15
9818104 -8.41972 325.124 1662.87 11.6018 146.024 1648.93 7.39817 0.288981 1776.51 0 0 0 0 0 0 -93.7938 146.352 1645.84 -174.02 87.2443 1400.3 0 0 0 -251.758 147.408 1071.63 0 0 0 0 0 0 116.998 145.697 1652.03 258.489 91.0377 1420.43 0 0 0 356.14 183.154 1167.27 0 0 0 -64.9448 -145.234 1902.09 -9.58406 -531.117 1855.31 0 0 0 20.0515 -760.228 1950.52 71.3338 -145.658 1906.1 109.94 -492.928 2045.38 0 0 0 83.9601 -848.085 2301.96
9884690 -14.2801 326.22 1667.98 11.7341 147.136 1647.81 3.8854 10.1515 1772.96 0 0 0 0 0 0 -92.0939 145.455 1639.46 -174.289 85.0418 1398.14 0 0 0 -250.17 144.098 1068.86 0 0 0 0 0 0 115.562 148.816 1656.16 259.123 92.1643 1425.59 0 0 0 349.496 180.879 1176.41 0 0 0 -71.0122 -127.918 1892.73 -9.55519 -508.654 1838.96 0 0 0 11.3679 -786.965 1935.31 63.0856 -125.747 1903.51 118.513 -488.2 2052.95 0 0 0 84.5985 -852.863 2300.38
9951276 -12.5539 325.805 1668.36 11.866 147.275 1646.82 4.944 6.03809 1774.15 0 0 0 0 0 0 -92.3238 146.557 1640.36 -176.816 84.6309 1402.43 0 0 0 -251.717 151.267 1079.68 0 0 0 0 0 0 116.056 147.994 1653.28 260.094 91.504 1422.3 0 0 0 348.293 184.733 1171.76 0 0 0 -70.1495 -135.669 1897.25 -7.75192 -512.677 1839.45 0 0 0 14.7466 -782.684 1944.08 66.1935 -134.729 1905.71 115.337 -493.038 2053.04 0 0 0 97.528 -843.341 2329.6
9984569 -12.6145 325.336 1669.06 9.3522 154.078 1662.3 3.49532 7.92184 1783.25 0 0 0 0 0 0 -97.1054 159.974 1664.26 -178.633 84.5709 1400.67 0 0 0 -247.958 146.963 1089.28 0 0 0 0 0 0 115.81 148.183 1660.33 260.584 91.889 1427.5 0 0 0 347.392 186.286 1176.89 0 0 0 -72.2718 -134.363 1905.49 -9.5176 -513.263 1846.95 0 0 0 20.819 -799.446 1969.31 67.5486 -142.106 1902.91 114.793 -499.082 2048.83 0 0 0 92.1717 -843.029 2315.42
10017862 -15.4235 325.524 1671.61 9.95228 151.021 1655.62 4.06423 5.81021 1780.9 0 0 0 0 0 0 -95.3165 154.501 1654.71 -178.884 82.6805 1408.17 0 0 0 -247.272 151.139 1098.87 0 0 0 0 0 0 115.221 147.542 1656.54 259.19 92.1671 1422.01 0 0 0 345.775 184.139 1173.26 0 0 0 -72.1758 -137.076 1905.55 -31.4729 -518.032 1858.61 0 0 0 21.5776 -810.207 1977.56 68.5281 -141.726 1906.78 114.277 -494.363 2050.72 0 0 0 91.2328 -837.653 2309.9
10084448 -15.7177 326.768 1672.27 9.69014 150.324 1653.52 6.21439 6.23909 1781.33 0 0 0 0 0 0 -95.0352 153.595 1654.36 -178.764 81.9007 1416.32 0 0 0 -250.644 155.133 1105.97 0 0 0 0 0 0 114.415 147.053 1652.68 259.743 91.4459 1417.43 0 0 0 338.223 188.55 1177.03 0 0 0 -61.0075 -135.855 1909.65 -14.9658 -532.333 1883.33 0 0 0 21.2521 -821.041 1983.4 66.4848 -139.837 1908.63 115.677 -492.685 2051.72 0 0 0 87.1075 -807.709 2326.87
10117741 -16.4986 327.865 1675.01 7.90283 153.926 1657.88 6.96528 7.41073 1784.85 0 0 0 0 0 0 -97.9592 158.767 1662.69 -175.711 75.5596 1430.33 0 0 0 -246.008 150.085 1110.3 0 0 0 0 0 0 113.765 149.085 1653.08 259.524 92.4406 1417.22 0 0 0 330.975 188.041 1181.93 0 0 0 -55.0408 -136.312 1914.59 -14.998 -535.572 1893.28 0 0 0 20.9682 -831.012 1988.22 67.0963 -141.897 1909.05 117.551 -496.959 2059.31 0 0 0 90.3015 -811.477 2328.94
10184327 -17.8863 330.67 1684.59 4.98197 161.427 1680.67 6.54365 10.7522 1800.84 0 0 0 0 0 0 -104.164 172.719 1696.24 -175.226 76.996 1433.09 0 0 0 -239.267 142.477 1123.08 0 0 0 0 0 0 114.128 150.134 1665.09 262.075 91.5997 1436.03 0 0 0 322.35 176.274 1191.59 0 0 0 -50.3218 -133.877 1929.35 -17.4971 -529.969 1901.6 0 0 0 20.4832 -829.821 1992.25 66.5325 -145.967 1912.67 116.962 -488.693 2099.64 0 0 0 90.7334 -817.35 2332.17
10217620 -14.3518 341.426 1706.94 6.39363 163.13 1687.59 6.09834 9.96108 1809.01 0 0 0 0 0 0 -101.392 169.992 1695.98 -172.314 77.8863 1444.4 0 0 0 -239.079 138.209 1130.33 0 0 0 0 0 0 114.179 156.268 1679.19 252.572 93.859 1470.17 0 0 0 313.645 168.72 1203.7 0 0 0 -57.1018 -139.203 1935.34 -19.5504 -527.63 1897.97 0 0 0 14.4252 -831.815 1991.71 68.708 -147.213 1925.54 121.022 -488.969 2125.24 0 0 0 90.739 -813.329 2357.76
10284206 -10.9947 347.04 1728.11 7.56618 162.036 1686.89 7.30923 8.27175 1812.38 0 0 0 0 0 0 -100.209 167.002 1692.75 -173.187 76.4224 1438.79 0 0 0 -227.938 108.771 1138.12 0 0 0 0 0 0 115.341 157.069 1681.02 254.295 96.0233 1478.49 0 0 0 309.908 141.363 1222.54 0 0 0 -57.9212 -142.498 1941.42 -14.3182 -528.955 1919 0 0 0 11.7433 -837.252 2002.82 72.0257 -148.486 1934.34 122.173 -491.881 2119.86 0 0 0 91.1874 -816.669 2385.42
10317499 -10.459 348.504 1748.16 8.63641 161.152 1688.22 7.62682 6.06137 1817.7 0 0 0 0 0 0 -99.3267 165.104 1692.11 -173.011 73.6267 1442.03 0 0 0 -222.37 95.9976 1147.17 0 0 0 0 0 0 116.6 157.2 1684.32 258.133 87.2344 1482.56 0 0 0 311.884 129.25 1228.05 0 0 0 -62.0551 -146.516 1949.66 -16.0608 -523.727 1927.01 0 0 0 10.067 -836.001 2008.81 75.2895 -151.543 1944.71 124.641 -498.932 2117.19 0 0 0 94.2147 -825.105 2394.61
10384085 -9.66534 355.093 1767.09 15.882 168.428 1749.47 14.1896 5.58464 1857.27 0 0 0 0 0 0 -101.094 157.578 1731.25 -173.427 57.4899 1493.88 0 0 0 -213.696 48.384 1212.48 0 0 0 0 0 0 132.858 179.279 1767.7 218.889 60.4078 1580.52 0 0 0 300.062 81.837 1265.86 0 0 0 -60.4652 -164.027 1953.7 -14.5039 -541.661 1938.54 0 0 0 9.37134 -857.001 2012.77 85.4595 -150.491 1976.44 124.749 -482.903 2118.61 0 0 0 92.683 -804.864 2388.03
10450671 -16.531 354.316 1800.17 13.1382 171.337 1779.26 14.324 3.79768 1879.83 0 0 0 0 0 0 -101.073 165.442 1770.78 -167.129 43.3825 1535.26 0 0 0 -197.257 -5.00423 1259.4 0 0 0 0 0 0 127.349 177.232 1787.73 229.97 43.487 1593.12 0 0 0 297.631 20.847 1312.14 0 0 0 -63.236 -167.806 1974.56 -14.4534 -542.966 1955 0 0 0 8.02106 -858.966 2025.6 94.2557 -159.677 1986.24 128.863 -488.722 2114.34 0 0 0 96.4109 -812.551 2383.58
10483964 -12.4655 359.086 1806.99 10.8686 166.26 1800.18 17.6235 -1.12059 1901 0 0 0 0 0 0 -105.006 158.643 1795.3 -162.867 29.0257 1552.35 0 0 0 -187.698 -28.2184 1282.04 0 0 0 0 0 0 126.744 173.876 1805.06 236.679 33.5859 1603.05 0 0 0 299.278 -8.91161 1346.17 0 0 0 -49.0147 -173.325 1998.72 -12.9619 -552.849 1971.68 0 0 0 8.31594 -860.381 2035.31 97.7715 -163.677 2004.9 137.576 -521.617 2108.58 0 0 0 100.074 -835.1 2380.49
10550550 -9.47311 364.136 1849.12 14.717 168.024 1836.55 19.2185 -1.60301 1923.32 0 0 0 0 0 0 -107.063 160.789 1828.72 -156.276 9.65836 1575.85 0 0 0 -170.3 -94.15 1339.97 0 0 0 0 0 0 136.497 175.259 1844.38 250.144 17.0742 1660.89 0 0 0 283.11 -79.7247 1427.64 0 0 0 -53.4631 -175.816 2005.12 -12.7836 -559.506 1981.49 0 0 0 7.94213 -861.008 2047.33 100.903 -166.645 2015.04 138.047 -519.569 2110.26 0 0 0 100.269 -837.357 2376.7
10583843 -8.009 368.269 1872.99 15.5353 167.416 1856.2 21.7296 -3.72854 1935.4 0 0 0 0 0 0 -107.5 158.866 1847.35 -152.322 3.08385 1594.67 0 0 0 -164.468 -117.971 1378.66 0 0 0 0 0 0 138.57 175.965 1865.05 252.496 4.87872 1691.86 0 0 0 280.669 -121.144 1465.05 0 0 0 -48.9598 -180.215 2009.07 -13.185 -564.308 1986.54 0 0 0 7.02694 -861.843 2058.92 104.808 -169.53 2020.14 141.343 -532.488 2111.77 0 0 0 98.9329 -836.571 2378.84
10650429 -6.80033 372.509 1887.06 15.6785 163.623 1876.54 22.7781 -7.72073 1946.94 0 0 0 0 0 0 -109.179 154.863 1867.81 -152.878 1.72751 1636.93 0 0 0 -153.705 -142.447 1416.2 0 0 0 0 0 0 140.536 172.382 1885.27 239.373 -16.3661 1735.51 0 0 0 278.849 -151.907 1510.72 0 0 0 -47.6229 -184.501 2011.92 -12.4855 -566.307 1986.43 0 0 0 7.51807 -864.131 2065.93 107.378 -173.627 2022.75 144.728 -540.245 2115.28 0 0 0 99.2607 -836.61 2382.5
10683722 -2.33583 379.542 1927.33 20.8794 160.947 1906.88 25.85 -10.6905 1963.89 0 0 0 0 0 0 -105.452 152.049 1891.11 -143.087 -18.6577 1685.74 0 0 0 -138.13 -205.309 1520.87 0 0 0 0 0 0 147.211 169.844 1922.65 232.313 -37.2811 1787 0 0 0 264.701 -211.075 1624.61 0 0 0 -47.5995 -187.851 2011.11 -11.4126 -568.516 1982.76 0 0 0 9.74521 -872.217 2068.59 109.241 -176.805 2030.69 145.079 -544.704 2121.18 0 0 0 99.7517 -836.081 2388.95
10750308 -0.485445 384.107 1967.71 27.8031 157.826 1937.68 30.8878 -15.605 1980.9 0 0 0 0 0 0 -98.9043 152.861 1926.8 -126.783 -47.9143 1809.12 0 0 0 -116.574 -260.526 1633.02 0 0 0 0 0 0 154.51 162.792 1948.56 233.961 -85.4681 1899.46 0 0 0 253.435 -258.609 1759.22 0 0 0 -45.3921 -192.147 2017.31 -7.63143 -573.121 2013.91 0 0 0 12.671 -883.077 2073.6 113.337 -185.926 2030.94 145.981 -549.254 2124.67 0 0 0 113.722 -853.981 2404.56
10783601 6.46636 387.054 1988.59 32.4353 148.106 1958.64 34.9765 -30.5993 1999.47 0 0 0 0 0 0 -95.8091 144.134 1949.24 -135.981 -70.5621 1862.78 0 0 0 -117.216 -283.785 1694.21 0 0 0 0 0 0 160.68 152.078 1968.04 241.474 -89.6352 1928.17 0 0 0 255.893 -290.582 1816.86 0 0 0 -41.7371 -211.759 2034.49 -2.95283 -573.592 2023.19 0 0 0 15.4965 -884.401 2073.86 116.772 -206.85 2046.12 143.704 -579.118 2150.79 0 0 0 110.629 -883.88 2397.36
10850187 19.4236 382.962 2030.76 38.925 148.467 1999.75 38.8693 -30.1973 2031.04 0 0 0 0 0 0 -87.8307 148.123 1997.56 -142.346 -66.5146 1983.32 0 0 0 -108.825 -312.989 1837.82 0 0 0 0 0 0 165.681 148.812 2001.95 226.304 -88.8785 2031.55 0 0 0 258.69 -324.751 1948.26 0 0 0 -37.8243 -209.071 2061.01 1.26531 -583.612 2020.28 0 0 0 12.9766 -900.742 2068.42 115.451 -208.654 2063.66 143.386 -578.258 2164.72 0 0 0 112.594 -886.606 2412.05
10883480 25.0917 373.859 2068.54 40.4495 146.619 2024.81 41.5975 -30.9021 2054.87 0 0 0 0 0 0 -86.4183 144.678 2018.19 -130.472 -68.3305 2012.49 0 0 0 -105.453 -332.784 1896.02 0 0 0 0 0 0 167.317 148.56 2031.42 229.983 -93.7459 2065.74 0 0 0 256.238 -329.628 2021.14 0 0 0 -31.1854 -209.555 2081.08 2.31207 -593.455 2029.86 0 0 0 12.4265 -912.798 2075.72 116.677 -207.293 2088.79 148.955 -576.69 2171.37 0 0 0 115.546 -881.616 2410.34
10950066 31.5643 373.305 2108.86 47.3649 133.638 2074.22 49.9585 -43.6773 2100.71 0 0 0 0 0 0 -82.4615 131.194 2070.57 -124.66 -118.292 2107.86 0 0 0 -104.828 -354.304 2020.38 0 0 0 0 0 0 177.191 136.082 2077.87 238.738 -100.815 2117.43 0 0 0 262.684 -342.998 2140.82 0 0 0 -23.6577 -222.427 2125.05 6.34639 -595.676 2033.1 0 0 0 13.2365 -913.394 2075.94 128.762 -219.558 2129.34 154.948 -582.884 2199.02 0 0 0 112.497 -893.449 2422.04
10983359 33.7833 372.087 2131.46 49.1194 128.389 2104.32 53.4921 -48.7889 2126.1 0 0 0 0 0 0 -82.065 124.935 2102.56 -128.439 -112.28 2136.62 0 0 0 -107.856 -368.002 2069.12 0 0 0 0 0 0 180.304 131.843 2106.08 236.852 -107.405 2169.67 0 0 0 268.393 -344.569 2197.92 0 0 0 -18.8374 -227.987 2146.86 11.3245 -594.738 2041.01 0 0 0 14.1721 -916.758 2075.63 134.567 -223.948 2148.91 158.287 -586.423 2221.34 0 0 0 111.237 -893.22 2425.74
11049945 42.0084 365.992 2174.15 50.4268 122.055 2156.91 56.5027 -52.8861 2166.85 0 0 0 0 0 0 -84.7615 116.945 2149.61 -125.393 -114.704 2166.27 0 0 0 -104.747 -377.731 2157.22 0 0 0 0 0 0 185.615 127.165 2164.22 244.324 -116.336 2227.87 0 0 0 282.868 -356.27 2300.67 0 0 0 -17.6935 -230.862 2172.45 17.2916 -589.358 2081.48 0 0 0 89.4341 -870.874 2408.61 142.851 -224.793 2181.12 162.105 -588.696 2222.31 0 0 0 111.372 -894.493 2416.31
11083238 52.2696 364.742 2216.98 52.8474 123.557 2191.61 64.5891 -51.3264 2202.26 0 0 0 0 0 0 -80.2942 113.493 2173.15 -118.964 -126.531 2200.26 0 0 0 -108.936 -383.563 2192.3 0 0 0 0 0 0 185.989 133.62 2210.07 248.754 -106.042 2282.86 0 0 0 281.711 -346.218 2359.84 0 0 0 -15.2317 -233.13 2200.22 14.9224 -589.753 2106.43 0 0 0 86.2236 -877.681 2412.64 167.893 -219.289 2225.61 171.368 -593.275 2234.15 0 0 0 109.107 -895.85 2419.51
11149824 58.3531 361.302 2260.34 56.0529 126.858 2234.3 65.7767 -57.8252 2238.38 0 0 0 0 0 0 -82.538 119.312 2223.01 -120.252 -137.161 2301.88 0 0 0 -113.842 -385.227 2250.57 0 0 0 0 0 0 194.644 134.405 2245.59 245.541 -95.4148 2327.82 0 0 0 297.29 -328.734 2400.44 0 0 0 -15.2459 -247.45 2235.07 16.1439 -606.615 2126.78 0 0 0 87.0204 -893.556 2416.6 166.247 -237.567 2249.86 171.685 -588.32 2251.7 0 0 0 104.99 -884.925 2426.05
11183117 62.1436 362.345 2267.18 60.8234 126.908 2255.5 68.8232 -60.2842 2261.73 0 0 0 0 0 0 -78.7114 120.859 2252.91 -119.19 -134.706 2316.68 0 0 0 -115.085 -380.693 2289.65 0 0 0 0 0 0 200.358 132.958 2258.09 248.86 -96.6128 2345.65 0 0 0 319.858 -337.631 2413.35 0 0 0 -8.2745 -251.166 2266.38 17.5359 -609.636 2128.52 0 0 0 104.421 -889.742 2439.94 161.921 -243.787 2269.54 168.711 -589.546 2272.2 0 0 0 101.153 -880.111 2438.09
11249703 71.8104 366.905 2299.97 66.4593 128.077 2276.07 72.4859 -55.4775 2285.26 0 0 0 0 0 0 -73.1022 123.315 2272.48 -110.932 -119.765 2346.59 0 0 0 -138.282 -367.011 2312.78 0 0 0 0 0 0 206.021 132.839 2279.66 256.125 -99.4211 2366.43 0 0 0 331.654 -325.089 2426.89 0 0 0 -4.75041 -241.873 2292.31 31.2811 -592.866 2157.21 0 0 0 34.4144 -913.901 2293.34 161.775 -236.191 2296.59 165.742 -603.182 2292.84 0 0 0 100.339 -886.785 2450.32
11282996 71.3086 367.759 2318.99 70.4791 129.909 2298.2 75.3565 -53.7661 2305.92 0 0 0 0 0 0 -70.0932 126.146 2297.47 -108.841 -110.784 2359.71 0 0 0 -141.594 -354.205 2322.36 0 0 0 0 0 0 211.051 133.673 2298.93 260.485 -101.521 2375.64 0 0 0 337.433 -329.452 2423.81 0 0 0 -1.03167 -239.617 2313.21 28.5564 -591.837 2154.42 0 0 0 34.5285 -918.556 2286.63 161.499 -235.266 2314.05 165.973 -607.042 2307 0 0 0 101.478 -893.329 2475.71
11349582 68.675 379.474 2348.47 73.7104 134.783 2317.37 76.6512 -49.5869 2321.13 0 0 0 0 0 0 -68.24 132.544 2318.6 -109.537 -101.421 2371.53 0 0 0 -142.577 -331.463 2322.54 0 0 0 0 0 0 215.661 137.022 2316.13 266.958 -97.2093 2390.2 0 0 0 349.534 -328.887 2405.3 0 0 0 -0.737829 -235.224 2325.6 30.0937 -587.614 2164.68 0 0 0 29.7601 -934.023 2267.68 159.922 -232.69 2324.2 166.648 -604.053 2326.8 0 0 0 102.21 -899.77 2488.87
11382875 66.1584 381.779 2366.68 76.3403 140.448 2331.17 77.5442 -45.9295 2332.56 0 0 0 0 0 0 -65.69 139.538 2332.16 -111.288 -100.558 2375.59 0 0 0 -143.612 -328.386 2313.96 0 0 0 0 0 0 218.371 141.359 2330.18 279.716 -103.232 2416.29 0 0 0 348.525 -321.465 2391.27 0 0 0 -0.790219 -232.817 2334.49 22.3771 -593.758 2206.25 0 0 0 23.0809 -945.299 2265.34 158.286 -231.798 2333.39 161.509 -614.609 2347.54 0 0 0 104.292 -904.055 2486.26
11449461 62.4064 379.929 2386.75 77.1469 142.847 2340.5 77.8279 -44.0052 2340.36 0 0 0 0 0 0 -64.7836 142.329 2341.88 -112.782 -101.54 2379.43 0 0 0 -153.544 -332.937 2307.03 0 0 0 0 0 0 219.077 143.365 2339.12 282.842 -98.369 2421.41 0 0 0 347.935 -313.686 2365.57 0 0 0 -0.512865 -231.146 2341 14.9447 -593.853 2225.16 0 0 0 21.6245 -943.114 2272.64 157.531 -230.569 2339.46 160.24 -621.737 2363.12 0 0 0 100.319 -932.391 2479.2
11482754 74.2803 382.165 2419.51 76.7465 144.589 2350.75 77.6761 -40.7393 2351.26 0 0 0 0 0 0 -64.8932 143.872 2348.45 -114.028 -99.0254 2388.31 0 0 0 -143.675 -323.705 2309.22 0 0 0 0 0 0 218.386 145.305 2353.04 284.111 -94.8836 2417.95 0 0 0 337.747 -296.468 2323.66 0 0 0 -0.950758 -226.47 2350.48 -3.65886 -590.927 2263.39 0 0 0 7.59068 -917.58 2387.94 158.162 -225.665 2353.06 155.254 -605.322 2387.49 0 0 0 101.793 -925.418 2485.87
11549340 80.6113 389.997 2435.18 76.6142 149.88 2361.19 78.1054 -32.1822 2363.36 0 0 0 0 0 0 -63.3209 148.686 2357.16 -113.375 -97.872 2386.38 0 0 0 -140.458 -315.613 2285.84 0 0 0 0 0 0 216.549 151.074 2365.22 286.412 -90.9383 2419.62 0 0 0 332.224 -295.302 2307.24 0 0 0 -1.25777 -214.934 2363.2 -8.01553 -593.469 2303.79 0 0 0 -0.530337 -927.942 2412.54 160.451 -213.554 2367.86 153.359 -598.791 2394.72 0 0 0 102.376 -925.69 2490.49
11582633 80.7555 395.906 2444.48 76.1863 152.157 2373.38 77.1264 -31.6839 2378.12 0 0 0 0 0 0 -62.2063 151.53 2376.52 -114.259 -93.2798 2400.38 0 0 0 -140.277 -297.758 2264.62 0 0 0 0 0 0 214.579 152.783 2370.25 283.74 -91.4065 2407.1 0 0 0 315.224 -287.905 2279.73 0 0 0 -2.76378 -215.89 2384.7 -9.74323 -582.489 2337.29 0 0 0 -10.7515 -916.844 2448.14 158.897 -215.158 2381.03 148.625 -596.02 2408.54 0 0 0 101.174 -925.849 2505.44
11615926 79.9949 399.488 2455.15 75.5063 154.732 2384.68 73.4782 -31.8936 2388.97 0 0 0 0 0 0 -62.4751 156.407 2392.34 -115.218 -88.1065 2408.99 0 0 0 -134.375 -298.594 2258.87 0 0 0 0 0 0 213.488 153.056 2377.01 282.786 -92.3636 2403.79 0 0 0 308.625 -281.319 2271.62 0 0 0 -6.17945 -217.576 2397.57 -11.3171 -581.735 2355.65 0 0 0 -12.5539 -919.016 2470.48 149.08 -219.462 2388.94 146.724 -589.655 2412.56 0 0 0 99.7817 -917.937 2521.86
11682512 78.0804 398.252 2457.2 69.5379 159.253 2395.19 69.3537 -28.4823 2398.74 0 0 0 0 0 0 -71.9938 159.637 2408.17 -119.095 -87.8398 2422.64 0 0 0 -141.834 -296.306 2254.55 0 0 0 0 0 0 211.07 158.868 2382.22 282.187 -88.4521 2406.91 0 0 0 290.136 -262.716 2271.85 0 0 0 -8.88855 -216.005 2409.45 -22.6965 -578.019 2390.3 0 0 0 -14.5182 -922.47 2493.95 147.228 -216.429 2395.14 139.979 -585.702 2420.1 0 0 0 100.833 -921.599 2519.92
11715805 71.7544 398.508 2462.3 64.8464 158.82 2403.55 62.9217 -30.7469 2407.3 0 0 0 0 0 0 -76.6442 160.635 2422.72 -121.434 -83.2179 2442.5 0 0 0 -132.808 -292.455 2254.47 0 0 0 0 0 0 206.337 157.004 2384.38 279.239 -89.4492 2400.97 0 0 0 281.033 -272.674 2260.62 0 0 0 -15.8652 -219.327 2421.46 -27.77 -580.527 2398.73 0 0 0 -16.3755 -924.839 2512.33 137.859 -221.3 2400.63 136.313 -586.321 2429.97 0 0 0 103.08 -924.294 2527.42
11782391 60.9922 399.948 2466.85 59.0056 156.713 2410.19 56.7124 -32.1103 2412.72 0 0 0 0 0 0 -84.0828 158.728 2430.86 -124.534 -81.4983 2451.41 0 0 0 -136.343 -289.686 2260.17 0 0 0 0 0 0 202.094 154.699 2389.52 261.557 -83.0527 2403.36 0 0 0 260.993 -282.883 2269.89 0 0 0 -22.5158 -219.851 2426.36 -29.3552 -587.906 2413.74 0 0 0 -16.2385 -924.275 2513.95 131.354 -222.017 2404.13 130.451 -585.726 2442.07 0 0 0 104.21 -926.115 2531.17
11815684 51.1079 403.196 2473.85 50.1982 157.175 2417.01 49.8298 -30.5903 2418.75 0 0 0 0 0 0 -93.2127 157.651 2437.95 -132.092 -92.1201 2453.01 0 0 0 -135.346 -288.762 2268.66 0 0 0 0 0 0 193.609 156.699 2396.06 245.125 -79.051 2410.4 0 0 0 256.824 -294.014 2285.14 0 0 0 -26.7622 -218.102 2431.63 -30.3105 -587.386 2420.59 0 0 0 -15.5089 -926.247 2522.81 125.685 -218.609 2409.37 130.634 -587.622 2443.13 0 0 0 104.727 -927.323 2538.33
11882270 45.5981 405.291 2478.92 45.7963 159.319 2418.48 45.1054 -27.3584 2422.04 0 0 0 0 0 0 -96.444 160.244 2439.38 -137.909 -95.2457 2449.51 0 0 0 -133.882 -288.128 2272.51 0 0 0 0 0 0 188.037 158.395 2397.58 244.892 -84.0589 2410.43 0 0 0 246.498 -302.545 2300.31 0 0 0 -32.8506 -213.534 2436.94 -30.3599 -588.413 2424.67 0 0 0 -14.6442 -930.779 2528.6 121.68 -214.538 2414.24 127.334 -586.449 2448.97 0 0 0 104.353 -927.629 2542.67
11915563 41.0338 406.611 2481.4 39.4073 160.043 2422.99 41.0182 -26.4458 2426.59 0 0 0 0 0 0 -100.013 159.214 2442.46 -144.188 -96.3238 2450.64 0 0 0 -138.872 -303.787 2310.19 0 0 0 0 0 0 178.828 160.872 2403.53 237.334 -83.6349 2415.57 0 0 0 225.501 -301.313 2337.84 0 0 0 -34.7022 -213.395 2440.98 -28.7193 -591.835 2437.14 0 0 0 -13.8282 -939.773 2540.14 119.961 -212.475 2419.38 123.734 -592.884 2458.07 0 0 0 97.5904 -962.21 2552.81
11982149 36.2106 408.133 2486.56 35.8995 160.496 2425.86 38.7171 -24.7477 2431.23 0 0 0 0 0 0 -102.807 158.81 2440.48 -147.867 -95.7768 2452.08 0 0 0 -148.293 -313.731 2336.11 0 0 0 0 0 0 174.606 162.182 2411.24 230.795 -82.0554 2438.32 0 0 0 220.294 -307.556 2360.33 0 0 0 -33.9347 -210.909 2444.56 -29.0692 -589.27 2447.46 0 0 0 -14.6255 -937.988 2546.92 117.004 -209.074 2428.65 120.16 -595.2 2460.36 0 0 0 99.2742 -960.337 2551
12015442 34.5807 408.972 2489.61 34.83 160.971 2427.39 36.6809 -23.6946 2434.73 0 0 0 0 0 0 -102.521 160.085 2439.72 -149.209 -94.3578 2456.34 0 0 0 -151.459 -315.213 2347.9 0 0 0 0 0 0 172.181 161.857 2415.06 226.863 -84.4448 2448.49 0 0 0 208.344 -302.083 2384.53 0 0 0 -37.7923 -208.853 2448.93 -29.4125 -589.149 2452.5 0 0 0 -14.8624 -937.854 2551.11 114.856 -207.868 2435.23 114.708 -600.92 2470.65 0 0 0 100.335 -970.696 2557.31
12082028 32.5905 408.371 2492.3 33.9054 159.935 2428.16 34.9174 -23.823 2436.32 0 0 0 0 0 0 -102.454 159.809 2442.22 -147.609 -91.6333 2462.32 0 0 0 -154.299 -326.172 2365.53 0 0 0 0 0 0 170.264 160.061 2414.1 223.246 -117.797 2446.23 0 0 0 188.725 -280.874 2323.34 0 0 0 -41.5548 -207.653 2452.47 -30.5846 -588.11 2453.74 0 0 0 -18.2237 -936.997 2563.03 113.414 -207.509 2436.49 114.887 -601.303 2469.43 0 0 0 100.865 -973.712 2559.44
12115321 30.8941 407.483 2494.91 32.8749 158.636 2431.74 34.3293 -24.579 2438.63 0 0 0 0 0 0 -103.726 158.109 2446.56 -149.174 -84.1089 2474.68 0 0 0 -170.69 -333.139 2401.76 0 0 0 0 0 0 169.476 159.163 2416.91 219.003 -116.301 2455.63 0 0 0 184.045 -275.316 2326.76 0 0 0 -40.7849 -208.089 2453.83 -31.7133 -587.065 2457.67 0 0 0 -18.4959 -938.345 2565.62 112.352 -207.499 2437.21 115.767 -600.732 2464.17 0 0 0 101.397 -973.469 2557.39
12181907 28.8014 406.913 2495.63 30.4832 156.83 2436.11 33.1625 -25.9561 2441.22 0 0 0 0 0 0 -105.249 155.229 2450 -148.533 -77.4816 2480.67 0 0 0 -168.796 -334.308 2395.62 0 0 0 0 0 0 166.216 158.431 2422.21 217.105 -109.254 2460.41 0 0 0 165.277 -278.144 2333.09 0 0 0 -40.0371 -209.637 2454.1 -32.5662 -589.554 2458.61 0 0 0 -18.5612 -939.399 2561.37 111.721 -207.847 2438.57 114.784 -600.155 2464.93 0 0 0 101.517 -972.47 2555.36
12215200 23.2778 406.227 2498.13 26.5647 156.376 2444.45 30.0261 -26.9061 2447.63 0 0 0 0 0 0 -111.153 154.032 2459.22 -149.113 -74.4847 2483.49 0 0 0 -165.243 -313.99 2402.93 0 0 0 0 0 0 164.283 158.72 2429.67 215.576 -108.232 2467.62 0 0 0 159.87 -283.843 2337.65 0 0 0 -42.1831 -211.476 2458.93 -33.5172 -592.724 2461.22 0 0 0 -18.5397 -942.13 2562.96 109.158 -208.9 2442.69 113.195 -599.251 2463.19 0 0 0 100.321 -971.345 2553.77
12248493 21.1005 406.184 2498.1 25.6396 155.812 2445.49 29.7287 -28.2739 2449.28 0 0 0 0 0 0 -111.675 152.995 2456.81 -151.071 -76.2607 2485.73 0 0 0 -170.075 -329.413 2409.2 0 0 0 0 0 0 162.954 158.629 2434.17 216.13 -103.791 2472.33 0 0 0 211.391 -311.68 2428.71 0 0 0 -41.1059 -213.897 2459.24 -33.9277 -596.294 2463.25 0 0 0 -18.2875 -948.223 2566.05 108.741 -210.823 2446.89 110.86 -601.805 2464.25 0 0 0 100.342 -972.08 2552.82
