7436938 -20.6799 404.884 2611.75 -19.6213 164.628 2618.92 -15.8755 -30.6902 2620.41 0 0 0 0 0 0 -159.992 162.133 2644.62 -192.611 -77.9009 2680.38 0 0 0 -194.351 -321.224 2566.57 0 0 0 0 0 0 120.749 167.124 2593.21 176.151 -40.8873 2636.77 0 0 0 190.373 -294.845 2558.06 0 0 0 -85.2864 -227.31 2635.29 -73.0294 -631.038 2644.77 0 0 0 -45.7402 -1001.53 2707 61.027 -224.708 2608.5 56.7517 -627.42 2630.44 0 0 0 53.0605 -997.628 2693.43
7474712 -20.5771 404.831 2610.25 -19.1316 164.199 2618.5 -16.0335 -30.5131 2620.12 0 0 0 0 0 0 -159.525 162.178 2644.04 -190.893 -72.7392 2683.97 0 0 0 -192.531 -322.611 2573.23 0 0 0 0 0 0 121.262 166.22 2592.95 178.041 -55.6752 2630.22 0 0 0 192.886 -291.93 2556.38 0 0 0 -84.9108 -226.261 2634.84 -72.7047 -630.6 2645.52 0 0 0 -43.7886 -993.271 2688.72 59.04 -224.189 2608.64 56.7155 -627.718 2629.19 0 0 0 53.2515 -995.698 2685.63
7536817 -17.9626 404.135 2607.28 -18.5273 164.18 2617.46 -15.4355 -30.1153 2619.59 0 0 0 0 0 0 -158.413 162.235 2643.11 -190.814 -69.0122 2684.66 0 0 0 -189.197 -325.494 2565.52 0 0 0 0 0 0 121.358 166.124 2591.8 179.241 -60.0278 2629.3 0 0 0 199.514 -290.995 2559.61 0 0 0 -84.3027 -225.411 2634.92 -71.1918 -627.172 2645.12 0 0 0 -43.5824 -996.682 2696.38 59.6152 -223.41 2608.52 56.6505 -626.29 2628.36 0 0 0 54.1393 -997.742 2684.36
7574820 -18.2542 404.412 2607.29 -17.5371 164.277 2616.76 -14.1432 -28.0214 2618.66 0 0 0 0 0 0 -157.1 162.073 2642.92 -190.642 -71.0789 2682.07 0 0 0 -194.356 -308.951 2554.8 0 0 0 0 0 0 122.026 166.481 2590.59 179.946 -62.3247 2630.77 0 0 0 201.365 -292.07 2560.69 0 0 0 -81.6454 -221.439 2633.86 -69.4429 -625.638 2643.94 0 0 0 -41.1656 -993.513 2696.12 60.1466 -219.2 2607.28 56.6265 -622.347 2627.76 0 0 0 52.636 -996.891 2684
7636696 -18.1392 404.806 2606.8 -17.2674 164.062 2615.89 -12.1193 -22.5177 2616.85 0 0 0 0 0 0 -156.187 160.373 2643.63 -188.338 -74.0753 2681.59 0 0 0 -190.515 -308.044 2550.99 0 0 0 0 0 0 121.653 167.752 2588.15 181.142 -56.7556 2636.16 0 0 0 197.266 -298.93 2554.15 0 0 0 -82.5804 -211.106 2632.92 -70.3838 -616.925 2641.95 0 0 0 -43.9999 -1001.54 2717.2 68.6378 -207.09 2602.72 60.2005 -616.809 2628.34 0 0 0 53.2888 -1001.63 2683.21
7674928 -17.187 405.228 2605.38 -17.2918 163.885 2615.65 -13.5244 -21.7345 2615.64 0 0 0 0 0 0 -156.753 161.053 2640.54 -189.372 -74.1396 2677.91 0 0 0 -191.709 -308.981 2545.33 0 0 0 0 0 0 122.17 166.717 2590.75 182.41 -57.1479 2642.53 0 0 0 202.608 -296.388 2549.75 0 0 0 -84.3862 -208.87 2628.95 -68.8439 -622.841 2643.43 0 0 0 -41.0311 -1001.64 2710.88 64.8723 -205.839 2602.3 58.4984 -611.786 2625.49 0 0 0 51.7535 -990.789 2682.32
7736575 -16.3358 405.405 2604.62 -16.8883 162.888 2615.24 -13.7853 -24.9795 2616.41 0 0 0 0 0 0 -156.333 160.741 2640.49 -185.831 -82.9228 2672.41 0 0 0 -193.701 -309.118 2552.04 0 0 0 0 0 0 122.557 165.034 2589.99 182.689 -63.3276 2641.59 0 0 0 212.473 -292.805 2541.46 0 0 0 -84.4614 -213.982 2630.93 -66.2788 -609.911 2634.97 0 0 0 -27.2508 -982.744 2687.86 63.0966 -211.711 2604.21 58.521 -615.69 2626.72 0 0 0 51.4777 -993.688 2685.35
7775036 -15.7409 405.879 2603.47 -15.9417 161.972 2613.8 -12.6973 -26.979 2616.03 0 0 0 0 0 0 -155.238 159.88 2639.21 -186.331 -81.4053 2674.66 0 0 0 -190.907 -315.493 2558.97 0 0 0 0 0 0 123.355 164.065 2588.4 182.37 -78.6878 2635.87 0 0 0 205.633 -287.273 2544.88 0 0 0 -83.9282 -217.049 2631.84 -67.3884 -612.713 2637.06 0 0 0 -12.7893 -999.056 2674.79 65.0223 -214.812 2604.67 51.3366 -637.405 2639.89 0 0 0 42.8899 -1018.88 2704.89
7836454 -15.8278 406.298 2601.68 -15.8893 161.007 2613.19 -11.0899 -30.1321 2615.69 0 0 0 0 0 0 -155.334 157.818 2636.97 -186.403 -82.4672 2674.77 0 0 0 -196.704 -307.057 2543.65 0 0 0 0 0 0 123.556 164.196 2589.4 186.773 -83.3966 2630.71 0 0 0 205.467 -288.641 2540.74 0 0 0 -81.9278 -223.001 2631.1 -67.9048 -608.951 2639.51 0 0 0 -27.3146 -1005.55 2688.96 69.3467 -219.542 2605.3 55.6717 -633.823 2633.04 0 0 0 46.5091 -1013.17 2698.1
7875143 -15.6893 407.008 2600.18 -15.5072 160.787 2612.5 -11.2629 -29.5005 2616.05 0 0 0 0 0 0 -155.055 158.11 2635.86 -186.051 -81.8208 2675.01 0 0 0 -190.754 -317.512 2551.42 0 0 0 0 0 0 124.04 163.464 2589.13 187.933 -79.9274 2633.13 0 0 0 202.156 -288.313 2546.17 0 0 0 -81.5585 -221.218 2632.08 -68.4691 -610.691 2638.02 0 0 0 -39.597 -1012.33 2692.98 67.5215 -218.358 2607.11 57.5188 -628.603 2630.74 0 0 0 47.5519 -1007.75 2694
7936333 -15.0441 407.99 2599.53 -14.8096 160.223 2612.03 -10.9898 -28.9162 2615.55 0 0 0 0 0 0 -154.71 157.835 2635.52 -185.875 -80.6884 2675.52 0 0 0 -198.749 -313.947 2558.66 0 0 0 0 0 0 125.091 162.61 2588.53 190.932 -85.85 2627.57 0 0 0 205.763 -292.089 2548.35 0 0 0 -81.8407 -219.329 2631.62 -69.2645 -612.033 2637.86 0 0 0 -44.5771 -1013.26 2690.87 67.5009 -216.781 2606.54 58.9112 -626.808 2629.55 0 0 0 48.5783 -1007.09 2691.9
7975251 -14.6253 408.781 2599.64 -13.7613 159.868 2611.89 -10.3473 -29.0274 2615.33 0 0 0 0 0 0 -153.85 157.769 2635.66 -185.749 -79.1658 2675.7 0 0 0 -197.16 -312.851 2549.55 0 0 0 0 0 0 126.327 161.968 2588.13 193.345 -87.7459 2624.75 0 0 0 202.244 -290.564 2548.99 0 0 0 -81.315 -219.038 2631.39 -69.7767 -614.437 2638.2 0 0 0 -40.9122 -1007.29 2693.38 67.4484 -216.809 2606.15 59.9165 -624.91 2628.3 0 0 0 47.3997 -1004.71 2691.78
8036212 -14.5856 408.386 2599.86 -12.5194 159.038 2611.39 -9.5749 -29.1957 2615.29 0 0 0 0 0 0 -152.582 157.331 2634.79 -185.185 -78.1319 2675.15 0 0 0 -184.761 -324.97 2556.26 0 0 0 0 0 0 127.544 160.745 2587.99 193.835 -89.6171 2622.26 0 0 0 201.106 -297.181 2551.16 0 0 0 -80.711 -218.332 2631.56 -69.1217 -615.343 2637.68 0 0 0 -43.3806 -1011.17 2696.86 67.4503 -216.527 2606.8 62.2695 -625.468 2626.91 0 0 0 47.4255 -1002.55 2689.42
8075359 -13.9735 407.61 2599.19 -11.8386 159.421 2610.56 -9.48996 -29.2332 2615.02 0 0 0 0 0 0 -152.145 158.234 2634.23 -184.108 -78.0462 2675.33 0 0 0 -183.001 -320.601 2545.05 0 0 0 0 0 0 128.467 160.608 2586.89 193.339 -85.235 2625.45 0 0 0 203.336 -305.645 2556.24 0 0 0 -80.9185 -218.512 2631.92 -67.8451 -616.961 2629.53 0 0 0 -40.5904 -1006.06 2696.53 66.6357 -217.263 2607.03 63.2125 -625.601 2624.58 0 0 0 46.2141 -992.945 2680.34
8136091 -13.1168 407.097 2597.15 -11.4488 158.65 2609.49 -8.95123 -28.7513 2614.08 0 0 0 0 0 0 -152.028 157.34 2632.48 -183.574 -78.2332 2675.74 0 0 0 -188.121 -331.429 2554.18 0 0 0 0 0 0 129.13 159.961 2586.5 194.786 -89.2426 2623.79 0 0 0 200.541 -309.824 2546.29 0 0 0 -81.585 -216.853 2630.96 -65.9684 -615.859 2609.14 0 0 0 -38.5532 -1006.17 2695.53 68.6777 -215.453 2606.39 66.7481 -622.891 2612.78 0 0 0 46.4837 -991.428 2679.27
8169384 -12.2563 405.972 2595.75 -10.6026 156.841 2608.25 -8.63089 -29.7884 2613.26 0 0 0 0 0 0 -151.505 155.966 2631.13 -179.082 -85.0665 2678.45 0 0 0 -182.967 -331.431 2549.55 0 0 0 0 0 0 130.3 157.715 2585.36 194.553 -93.1778 2622.91 0 0 0 194.672 -318.591 2553.54 0 0 0 -82.2865 -216.887 2630.55 -68.2403 -617.987 2609.65 0 0 0 -39.825 -1008.39 2704.37 68.968 -215.948 2605.99 72.3583 -607.879 2596.13 0 0 0 48.2823 -983.08 2670.23
8208836 -11.4487 404.446 2594.91 -10.4089 149.847 2603.6 -8.44133 -33.5425 2610.38 0 0 0 0 0 0 -151.964 149.24 2628.25 -181.032 -90.9097 2675.78 0 0 0 -189.457 -334.414 2542.39 0 0 0 0 0 0 131.146 150.455 2578.96 194.889 -89.8652 2625.24 0 0 0 197.991 -311.234 2558.73 0 0 0 -82.1785 -217.257 2630.34 -70.8313 -621.851 2593.27 0 0 0 -42.3881 -1011.07 2703.39 69.231 -216.607 2603.98 74.3687 -602.627 2585.76 0 0 0 47.3607 -973.86 2663.35
8269263 -11.2675 403.287 2593.65 -9.6685 151.098 2603.49 -8.04406 -32.3319 2609.4 0 0 0 0 0 0 -151.775 150.565 2625.98 -182.196 -89.424 2674.5 0 0 0 -189.885 -337.216 2549.67 0 0 0 0 0 0 132.438 151.631 2580.99 193.777 -91.8431 2626.81 0 0 0 197.8 -311.568 2556.09 0 0 0 -82.8594 -216.048 2627.42 -69.8301 -624.696 2588 0 0 0 -43.1616 -1012.2 2701.23 70.0202 -215.475 2603.21 75.1509 -601.098 2579.17 0 0 0 46.3567 -967.335 2659.68
8308944 -10.7597 401.885 2593.19 -9.66455 149.709 2602.03 -8.24849 -33.1982 2605.93 0 0 0 0 0 0 -152.148 149.002 2620.66 -182.784 -99.9792 2672.82 0 0 0 -196.108 -339.361 2554.17 0 0 0 0 0 0 132.819 150.416 2583.41 193.245 -93.425 2630.96 0 0 0 201.126 -316.096 2556.12 0 0 0 -84.3148 -216.49 2619.94 -72.6516 -629.789 2583.73 0 0 0 -43.7882 -1013.37 2700.81 70.6499 -215.721 2599.69 72.1113 -606.167 2567.67 0 0 0 45.8715 -966.851 2656.04
8369142 -10.6537 399.901 2593.29 -10.8588 145.316 2597.05 -8.31669 -35.453 2602.92 0 0 0 0 0 0 -153.255 143.941 2616.33 -182.543 -105.165 2670.82 0 0 0 -189.138 -344.422 2546.18 0 0 0 0 0 0 131.537 146.692 2577.76 181.328 -74.8375 2629.29 0 0 0 202.549 -310.077 2563.38 0 0 0 -83.6484 -216.975 2619.34 -72.9899 -630.585 2586.5 0 0 0 -45.3985 -1014.33 2700.2 72.0992 -215.47 2598.25 72.4049 -608.672 2563.98 0 0 0 44.5019 -972.827 2657.97
8409051 -10.0644 393.335 2591.07 -11.5519 143.282 2596.74 -7.77712 -36.8655 2602.61 0 0 0 0 0 0 -153.136 140.953 2616.3 -182.295 -105.626 2669.44 0 0 0 -189.959 -353.364 2527.58 0 0 0 0 0 0 130.032 145.61 2577.17 185.448 -87.0437 2630.59 0 0 0 205.964 -334.462 2561.82 0 0 0 -82.1063 -218.297 2619.28 -74.7195 -632.419 2583.04 0 0 0 -45.384 -1014.83 2699.25 74.1017 -215.728 2597.69 73.5965 -609.909 2562.45 0 0 0 43.8257 -974.815 2660.66
8469021 -9.14052 388.317 2588.58 -11.6715 141.199 2596.92 -7.30767 -39.1423 2601.26 0 0 0 0 0 0 -152.993 138.298 2618.46 -181.292 -103.704 2669.79 0 0 0 -190.267 -353.216 2533.65 0 0 0 0 0 0 129.65 144.1 2575.38 187.104 -93.6986 2629.84 0 0 0 202.595 -330.899 2564.99 0 0 0 -81.4529 -221.095 2617.57 -76.3363 -638.759 2576.26 0 0 0 -45.2303 -1018.03 2696.28 75.5651 -217.872 2593.64 72.2817 -615.328 2558.03 0 0 0 44.2552 -978.181 2665.59
8509159 -8.66589 382.622 2587.39 -12.6914 132.469 2594.19 -8.25756 -47.6668 2594.18 0 0 0 0 0 0 -153.378 129.004 2617.98 -181.619 -104.494 2668.3 0 0 0 -196.19 -357.366 2555.5 0 0 0 0 0 0 127.996 135.933 2570.4 186.185 -104.768 2631.28 0 0 0 201.15 -347.876 2546.72 0 0 0 -82.3785 -229.737 2607.45 -79.8733 -648.99 2572.27 0 0 0 -44.6515 -1021.29 2697.21 74.731 -225.868 2580.88 65.7269 -631.083 2551.54 0 0 0 44.0662 -985.272 2660.78
8568900 -8.05342 370.342 2582.64 -13.5723 127.22 2592.61 -8.81127 -54.4835 2590.66 0 0 0 0 0 0 -154.181 123.265 2617.79 -181.213 -103.41 2670.11 0 0 0 -196.757 -350.158 2545.67 0 0 0 0 0 0 127.036 131.175 2567.44 188.233 -125.821 2628.34 0 0 0 195.085 -348.719 2552.36 0 0 0 -81.6641 -238.37 2602.6 -78.8518 -662.546 2554.06 0 0 0 -44.4747 -1028.95 2691.57 73.5635 -234.004 2574.81 63.3459 -636.288 2547.84 0 0 0 44.7467 -977.015 2658.82
8609267 -8.14668 363.585 2578.02 -13.965 121.925 2589.99 -9.23714 -63.3372 2587.02 0 0 0 0 0 0 -154.469 117.953 2614.1 -181.487 -105.725 2668.8 0 0 0 -192.033 -363.777 2540.69 0 0 0 0 0 0 126.539 125.897 2565.87 187.959 -135.631 2628.99 0 0 0 198.766 -353.555 2553.91 0 0 0 -82.822 -250.813 2597.49 -77.9699 -657.527 2533.17 0 0 0 -37.95 -991.997 2699.75 73.8034 -246.385 2570.6 63.516 -646.192 2544.43 0 0 0 41.6922 -984.844 2654.55
8668779 -6.51689 351.107 2571.88 -14.8626 115.538 2584.65 -7.89371 -74.7245 2583.06 0 0 0 0 0 0 -154.857 110.227 2606.56 -181.502 -109.617 2670.02 0 0 0 -190.88 -362.801 2542.56 0 0 0 0 0 0 125.131 120.849 2562.74 187.909 -141.048 2624.8 0 0 0 199.731 -357.218 2544.35 0 0 0 -82.8096 -268.094 2594.29 -78.4559 -661.533 2535.02 0 0 0 -41.5683 -1005.02 2693.5 80.96 -261.881 2568.65 65.1811 -653.326 2545.17 0 0 0 41.2225 -994.105 2656.1
8709375 -5.18906 348.765 2571.48 -12.7984 107.111 2585.07 -6.97222 -81.3875 2582.47 0 0 0 0 0 0 -153.233 102.472 2606.79 -180.853 -123.172 2666.37 0 0 0 -191.247 -379.215 2537.82 0 0 0 0 0 0 127.636 111.751 2563.35 188.546 -141.753 2623.15 0 0 0 203.732 -367.632 2546.59 0 0 0 -82.9236 -272.588 2592.52 -75.6539 -668.338 2541.16 0 0 0 -43.0848 -1018.98 2688.17 80.6315 -267.185 2567.23 65.4716 -655.499 2540.64 0 0 0 39.6087 -993.484 2658.32
8768658 -3.39715 340.536 2564.57 -10.4932 101.402 2585.66 -6.94846 -86.0039 2585.08 0 0 0 0 0 0 -152.714 98.6483 2606.09 -181.116 -127.678 2663.91 0 0 0 -190.225 -384.267 2545.83 0 0 0 0 0 0 131.727 104.155 2565.22 188.93 -141.526 2626.16 0 0 0 203.47 -379.119 2545.7 0 0 0 -83.9748 -274.969 2596.07 -72.5949 -679.387 2546.75 0 0 0 -42.4365 -1035.42 2686.82 77.1674 -271.85 2572.92 73.5819 -672.906 2516.5 0 0 0 29.6232 -981.802 2659.76
8809482 0.0997791 334.173 2558.38 -7.98598 97.466 2583.92 -5.07662 -89.4552 2582.8 0 0 0 0 0 0 -150.535 95.1144 2606.1 -178.478 -142.3 2660.52 0 0 0 -179.048 -383.766 2532.49 0 0 0 0 0 0 134.563 99.8176 2561.74 190.923 -144.38 2622.63 0 0 0 207.834 -372.9 2542.08 0 0 0 -82.7394 -277.706 2594.22 -70.0159 -676.148 2546.19 0 0 0 -39.4044 -1031.25 2680.84 78.4049 -275.047 2569.15 70.763 -671.91 2523.1 0 0 0 31.0211 -985.758 2659.61
8868537 1.67566 334.059 2554.98 -5.1496 94.2691 2580.65 -4.18629 -94.9689 2581.26 0 0 0 0 0 0 -147.734 93.6143 2602.67 -175.922 -148.096 2657.7 0 0 0 -176.019 -384.462 2520.2 0 0 0 0 0 0 137.435 94.9239 2558.62 195.486 -153.271 2618.25 0 0 0 209.851 -369.955 2560.47 0 0 0 -82.1346 -284.569 2594.05 -66.1931 -714.949 2574.02 0 0 0 -39.5032 -1031.59 2678.68 75.6887 -283.844 2569.68 66.7327 -683.831 2529.68 0 0 0 26.7172 -1028.17 2658.05
8909590 3.36645 335.813 2551.68 -0.232106 93.2255 2576.06 -0.958216 -95.4104 2577.97 0 0 0 0 0 0 -144.811 94.0293 2600.44 -175.901 -143.295 2657.29 0 0 0 -167.119 -391.976 2529 0 0 0 0 0 0 144.347 92.4217 2551.68 197.692 -153.498 2616.25 0 0 0 223.709 -368.82 2547.87 0 0 0 -79.8461 -283.612 2593.06 -59.2765 -714.348 2561.79 0 0 0 -40.9164 -1030.16 2680.13 76.4775 -284.481 2566.7 68.1666 -681.715 2528.26 0 0 0 28.7167 -1029.56 2650.43
8968416 7.29208 335.924 2547.24 0.675888 94.8793 2575.83 -0.139373 -93.4263 2577.59 0 0 0 0 0 0 -142.946 95.7337 2600.68 -173.387 -147.934 2653.8 0 0 0 -162.306 -384.279 2526.59 0 0 0 0 0 0 144.298 94.0249 2550.98 199.504 -151.211 2613.65 0 0 0 223.277 -374.989 2546.9 0 0 0 -78.5914 -281.27 2592.79 -59.0934 -701.292 2558.93 0 0 0 -41.0248 -1028.28 2679.48 76.6821 -282.194 2565.92 70.6912 -682.045 2525.76 0 0 0 35.2784 -1031.79 2647.73
9009698 11.4996 336.509 2543.26 8.11051 98.909 2570.88 4.66998 -91.2727 2574.88 0 0 0 0 0 0 -133.032 101.972 2595.15 -165.429 -144.46 2649.05 0 0 0 -164.681 -384.29 2532.89 0 0 0 0 0 0 149.253 95.8457 2546.61 208.233 -147.439 2606.36 0 0 0 221.881 -360.544 2543.08 0 0 0 -76.7134 -279.763 2592.27 -57.4378 -697.825 2549.82 0 0 0 -40.6008 -1032.56 2687.28 79.1723 -283.146 2565.47 72.7307 -681.476 2521 0 0 0 32.4848 -1021.5 2652.29
9068295 12.849 337.644 2539.55 13.5277 101.147 2566.41 8.55135 -89.6395 2572.18 0 0 0 0 0 0 -126.359 105.516 2590.24 -152.998 -132.159 2651.03 0 0 0 -161.311 -381.722 2530.66 0 0 0 0 0 0 153.414 96.7779 2542.58 217.317 -138.598 2607.1 0 0 0 227.508 -359.967 2534.06 0 0 0 -74.5592 -277.986 2591.25 -54.8371 -691.443 2541.24 0 0 0 -41.3868 -1036.18 2684.37 81.7092 -282.866 2564.64 71.9538 -675.649 2523.52 0 0 0 27.7271 -1017.05 2653.7
9109806 15.5436 339.528 2536.5 18.0737 103.779 2562.78 12.7051 -87.6145 2569.64 0 0 0 0 0 0 -121.091 108.569 2587.53 -149.602 -122.182 2655.01 0 0 0 -162.604 -375.899 2537.66 0 0 0 0 0 0 157.238 98.9881 2538.03 228.276 -134.497 2606.49 0 0 0 233.904 -368.919 2541.42 0 0 0 -68.8281 -276.386 2590.04 -49.0449 -671.464 2518.51 0 0 0 -43.4319 -1035.78 2679.24 83.5011 -281.63 2562.95 74.4756 -675.719 2522.02 0 0 0 29.2014 -1024.69 2650.72
9168174 19.2202 341.235 2531.53 21.2731 105.619 2559.62 17.7566 -84.4845 2566.8 0 0 0 0 0 0 -117.832 109.125 2584.32 -147.651 -118.956 2655.17 0 0 0 -159.765 -374.203 2539.94 0 0 0 0 0 0 160.379 102.113 2534.92 234.56 -132.463 2603.9 0 0 0 236.76 -365.631 2526.44 0 0 0 -62.8266 -272.646 2587.66 -46.2027 -660.101 2497.1 0 0 0 -41.3696 -1032.54 2673.42 91.3069 -276.53 2560.29 76.5611 -674.239 2521.5 0 0 0 31.8173 -1023.48 2646.02
9209913 21.883 339.691 2521.5 26.4551 106.312 2554.75 24.195 -83.2347 2564.39 0 0 0 0 0 0 -110.529 109.11 2577.65 -147.882 -116.233 2655.11 0 0 0 -154.943 -375.583 2527.36 0 0 0 0 0 0 163.439 103.514 2531.85 238.165 -130.959 2601.56 0 0 0 244.556 -366.291 2534.84 0 0 0 -55.3598 -271.203 2586.95 -45.2067 -662.058 2495.08 0 0 0 -41.1194 -1034.77 2671.75 99.2296 -274.36 2561.1 89.9008 -674.477 2526.05 0 0 0 33.3028 -1022.04 2642.89
9268053 26.0575 330.84 2510.72 28.6103 106.878 2549.73 27.5114 -83.1846 2562.58 0 0 0 0 0 0 -110.616 109.519 2576.86 -149.003 -114.219 2654.27 0 0 0 -159.841 -365.643 2531.16 0 0 0 0 0 0 167.836 104.237 2522.59 240.857 -130.446 2600.64 0 0 0 255.299 -357.488 2534.92 0 0 0 -50.5326 -271.788 2590.44 -43.81 -662.666 2495.1 0 0 0 -40.3229 -1034.56 2671.27 103.357 -274.707 2560.45 97.7731 -674.628 2526.79 0 0 0 54.8041 -987.308 2614.5
9310021 29.1359 325.177 2506.25 29.9848 104.024 2546.73 30.1719 -85.073 2561.99 0 0 0 0 0 0 -111.528 106.178 2575.17 -151.003 -114.944 2653.74 0 0 0 -167.363 -342.04 2524.02 0 0 0 0 0 0 171.497 101.869 2518.29 243.149 -131.183 2600.91 0 0 0 248.691 -346.921 2529.68 0 0 0 -51.3338 -272.926 2593.66 -30.233 -666.079 2460.34 0 0 0 -33.4705 -1037.75 2663.27 112.052 -275.413 2560.83 94.7105 -672.572 2521.64 0 0 0 53.2901 -995.222 2613.1
9367932 33.0582 321.26 2500 33.0281 103.376 2541.66 34.6981 -84.1453 2559.56 0 0 0 0 0 0 -107.249 104.858 2570.26 -154.861 -110.751 2651.5 0 0 0 -163.513 -335.22 2523.37 0 0 0 0 0 0 173.306 101.894 2513.05 248.464 -129.713 2595.08 0 0 0 239.298 -344.632 2517.88 0 0 0 -45.0065 -270.807 2594.06 -26.9077 -659.248 2442.08 0 0 0 -30.1689 -1038.23 2647.76 117.743 -272.526 2560.88 93.6977 -670.041 2519.21 0 0 0 51.8425 -998.437 2612.12
9410129 36.7657 321.322 2484.23 34.4508 102.291 2534.68 36.0478 -84.3627 2555.25 0 0 0 0 0 0 -104.941 104.434 2564.93 -167.262 -100.366 2638.3 0 0 0 -167.693 -320.636 2511.35 0 0 0 0 0 0 173.842 100.148 2504.42 261.292 -122.135 2581.56 0 0 0 231.949 -330.274 2500.83 0 0 0 -41.6539 -269.797 2593.04 -27.0731 -660.26 2408.03 0 0 0 -29.6811 -1029.63 2632.11 116.944 -272.235 2558.62 94.0988 -670.387 2516.79 0 0 0 51.3739 -1000.16 2612.17
9467811 38.3161 322.151 2473.9 37.4342 102.042 2527.77 37.8923 -83.9124 2551.13 0 0 0 0 0 0 -100.8 105.389 2557.12 -175.453 -93.9064 2632.54 0 0 0 -175.471 -305.665 2505.32 0 0 0 0 0 0 175.668 98.6944 2498.41 268.294 -119.231 2572.73 0 0 0 210.069 -325.002 2515.15 0 0 0 -40.644 -267.954 2591.26 -27.7995 -635.127 2383.25 0 0 0 -28.9556 -1022.35 2626.89 117.345 -271.779 2557.71 91.3751 -671.567 2518.48 0 0 0 47.6185 -1002.16 2618.79
9510237 37.5983 321.298 2462.43 42.3727 101.423 2517 41.7152 -83.8922 2545.25 0 0 0 0 0 0 -92.1456 105.701 2541.93 -197.436 -77.8244 2612.82 0 0 0 -166.941 -290.335 2503.41 0 0 0 0 0 0 176.891 97.1455 2492.07 276.699 -112.207 2567.59 0 0 0 239.194 -341.887 2441.31 0 0 0 -40.3451 -266.619 2588.59 -23.6621 -626.161 2371.07 0 0 0 -25.2507 -1013.56 2596.55 122.46 -271.797 2558.42 96.9257 -671.649 2513.22 0 0 0 32.9794 -985.79 2594.78
9567690 37.8661 311.852 2447.86 44.4944 100.556 2507.9 42.5608 -84.9612 2540.11 0 0 0 0 0 0 -88.4853 105.619 2529.08 -210.468 -78.7934 2604.56 0 0 0 -162.641 -279.698 2498.18 0 0 0 0 0 0 177.474 95.4935 2486.72 293.246 -108.281 2562.59 0 0 0 244.338 -326.64 2431.52 0 0 0 -41.2432 -267.362 2585.35 -20.5877 -627.011 2361.75 0 0 0 0.619867 -907.679 2383.89 122.497 -273.596 2559.28 98.5815 -671.641 2510.45 0 0 0 49.3601 -963.657 2580.89
9610344 36.5764 295.81 2435.58 48.4449 87.0328 2490.2 47.571 -95.6653 2528.75 0 0 0 0 0 0 -81.9409 91.7885 2509.78 -219.584 -79.7051 2597.04 0 0 0 -172.514 -256.572 2497.2 0 0 0 0 0 0 178.831 82.2772 2470.62 320.93 -94.7899 2539.86 0 0 0 244.323 -315.539 2437.25 0 0 0 -37.5109 -275.292 2579.95 -4.43968 -616.092 2329.89 0 0 0 -0.309239 -938.788 2339.68 130.905 -281.435 2554.66 88.5625 -666.98 2470.33 0 0 0 57.2076 -953.439 2584.2
9667569 38.0622 287.737 2428.24 47.7595 79.106 2480.22 49.8047 -106.411 2520.36 0 0 0 0 0 0 -85.1772 81.9208 2500.01 -238.227 -87.6302 2565.08 0 0 0 -160.666 -245.477 2492.51 0 0 0 0 0 0 180.696 76.2912 2460.44 334.567 -89.0592 2529.72 0 0 0 249.123 -262.789 2492.61 0 0 0 -33.9271 -290.112 2573.26 -6.53415 -623.464 2330.63 0 0 0 -9.49487 -935.69 2224.96 137.627 -293.745 2547.72 92.9372 -663.046 2471.12 0 0 0 53.5778 -962.717 2599.95
9700862 40.3302 279.051 2418.76 46.8784 70.6587 2470.54 48.0887 -118.512 2510.91 0 0 0 0 0 0 -88.8807 73.9555 2490.07 -239.976 -110.443 2539.92 0 0 0 -163.87 -237.226 2480.61 0 0 0 0 0 0 182.638 67.362 2451.02 343.233 -85.8621 2523.61 0 0 0 252.777 -261.922 2489.92 0 0 0 -38.2087 -305.559 2563.85 -3.22149 -609.857 2326.36 0 0 0 -0.195902 -952.249 2251 136.807 -309.809 2538.69 81.9051 -690.983 2462.41 0 0 0 37.1092 -1068.22 2589.15
9743821 36.509 271.608 2384.68 42.6282 55.722 2450.12 42.9982 -129.483 2495.85 0 0 0 0 0 0 -92.9837 61.3378 2473.96 -245.439 -122.394 2521.41 0 0 0 -169.988 -241.707 2486.02 0 0 0 0 0 0 178.24 50.1062 2426.28 354.046 -83.8046 2507.01 0 0 0 253.822 -256.092 2503.86 0 0 0 -41.1002 -311.19 2556.43 -2.84617 -602.315 2320.39 0 0 0 0.410085 -958.938 2250.89 127.837 -318.185 2526.73 84.7551 -693.579 2463.61 0 0 0 27.557 -1054.24 2602.73
9800741 35.4822 262.034 2365.98 38.456 48.349 2433.11 42.3529 -141.482 2477.48 0 0 0 0 0 0 -100.121 49.1685 2448.78 -250.505 -133.667 2505.25 0 0 0 -172.304 -254.254 2474.79 0 0 0 0 0 0 177.033 47.5295 2417.43 357.495 -79.2022 2502.02 0 0 0 273.233 -239.751 2514.76 0 0 0 -34.4563 -330.836 2530.99 -0.923542 -618.498 2305.88 0 0 0 3.93819 -943.706 2266.61 126.956 -331.791 2512.73 87.7882 -702.446 2453.28 0 0 0 37.4498 -1035.49 2590.35
9843929 32.9276 242.04 2335.2 34.204 40.443 2414.46 37.8543 -146.589 2457.61 0 0 0 0 0 0 -107.455 39.0928 2420.59 -251.942 -146.746 2470.93 0 0 0 -173.301 -259.506 2472.37 0 0 0 0 0 0 175.863 41.7933 2408.33 359.668 -90.2342 2479.31 0 0 0 281.349 -234.63 2543.3 0 0 0 -38.5929 -334.384 2504.22 -2.23051 -625.679 2294.96 0 0 0 2.28579 -938.945 2275.42 121.602 -332.857 2497.29 104.526 -706.725 2422.26 0 0 0 44.3483 -1023.16 2581.37
9900620 31.4446 231.392 2314.22 31.5124 23.1682 2388.68 33.3056 -159.89 2436.89 0 0 0 0 0 0 -110.756 24.5125 2399.08 -253.376 -159.147 2453.33 0 0 0 -176.877 -273.038 2465.16 0 0 0 0 0 0 173.781 21.8238 2378.29 362.736 -82.0843 2477.96 0 0 0 273.27 -226.424 2545.89 0 0 0 -42.6003 -342.215 2490.78 -1.87382 -641.353 2277.37 0 0 0 5.20772 -941.696 2281.18 112.798 -343.683 2479.43 111.923 -699.807 2402.49 0 0 0 45.3984 -1010.71 2582.08
9944037 30.1558 217.081 2276.11 30.6321 2.40689 2365.23 31.0467 -171.933 2420.68 0 0 0 0 0 0 -110.354 4.09224 2371.59 -254.337 -162.872 2441.38 0 0 0 -177.409 -272.701 2451.26 0 0 0 0 0 0 171.619 0.721542 2358.88 362.303 -95.354 2464.1 0 0 0 150.473 -147.018 2429.93 0 0 0 -43.9897 -345.371 2479.53 -5.01916 -644.74 2260.63 0 0 0 6.342 -940.368 2280.91 106.913 -347.175 2472.73 106.758 -689.698 2376.7 0 0 0 56.387 -974.686 2601.83
10000499 30.1441 206.081 2253.8 30.1147 -7.98428 2348.29 29.2605 -176.66 2409.21 0 0 0 0 0 0 -111.551 -3.29587 2359.28 -255.835 -162.79 2436.87 0 0 0 -179.039 -272.177 2442.27 0 0 0 0 0 0 171.781 -12.6727 2337.29 351.242 -113.562 2444.94 0 0 0 256.713 -235.626 2497.58 0 0 0 -41.8261 -343.011 2475.58 -8.69548 -629.758 2237.4 0 0 0 8.31978 -934.247 2280.31 98.6388 -347.659 2464.67 111.476 -693.402 2364.15 0 0 0 56.4201 -973.244 2640.87
10044145 23.6146 187.887 2217.7 28.7296 -17.9162 2314.22 30.8982 -186.816 2386.22 0 0 0 0 0 0 -112.815 -10.0553 2336.92 -257.498 -162.484 2441.42 0 0 0 -181.305 -278.666 2420.1 0 0 0 0 0 0 170.274 -25.7772 2291.51 346.92 -131.756 2402.37 0 0 0 244.049 -236.086 2487.82 0 0 0 -39.5116 -351.685 2469.86 -5.50966 -639.338 2191.32 0 0 0 84.8951 -898.223 2510.63 105.645 -359.747 2446.57 94.5751 -700.848 2358.43 0 0 0 66.0947 -970.154 2685.86
10100378 21.1337 175.216 2196.95 26.8917 -36.7327 2279.57 30.0849 -192.595 2366.63 0 0 0 0 0 0 -106.322 -23.1464 2308.78 -255.029 -151.647 2444.47 0 0 0 -192.364 -270.72 2410.46 0 0 0 0 0 0 160.105 -50.3191 2250.36 341.422 -133.797 2364.61 0 0 0 258.397 -250.987 2425.89 0 0 0 -44.386 -340.536 2470.72 -6.78335 -649.653 2166.47 0 0 0 88.7642 -888.408 2536.03 110.942 -356.378 2436.66 87.8709 -698.648 2366.13 0 0 0 79.6964 -959.034 2702.37
10144252 18.487 156.576 2159.15 25.0676 -44.8745 2260.22 27.8803 -196.611 2351.28 0 0 0 0 0 0 -107.063 -28.2179 2292.05 -248.963 -165.18 2410.8 0 0 0 -66.9721 -130.587 2249.96 0 0 0 0 0 0 157.198 -61.531 2228.38 335.01 -140.828 2326.54 0 0 0 249.836 -279.942 2383.07 0 0 0 -46.5568 -338.61 2460.96 -8.43737 -625.748 2142.98 0 0 0 38.0339 -963.266 2279.77 107.943 -358.087 2423.74 82.0683 -726.859 2391.86 0 0 0 88.0526 -975.893 2720.53
10200257 11.3501 151.448 2118.87 21.0709 -54.3544 2220.29 22.3645 -203.144 2321.01 0 0 0 0 0 0 -110.539 -30.9708 2256.52 -254.056 -170.627 2357.8 0 0 0 -153.216 -73.0767 2222.98 0 0 0 0 0 0 152.681 -77.7381 2184.06 329 -157.153 2301.47 0 0 0 235.177 -298.463 2373.12 0 0 0 -58.1842 -337.392 2444.27 -19.9968 -601.967 2085.07 0 0 0 23.1242 -945.84 2259.89 105.5 -366.474 2399.21 94.1727 -741.109 2411.15 0 0 0 56.5633 -920.865 2774.89
10244360 7.81075 148.112 2092.66 16.8581 -59.6541 2187.99 13.8069 -209.684 2292.32 0 0 0 0 0 0 -117.883 -34.6023 2220.08 -271.104 -232.475 2247.95 0 0 0 -188.661 -85.933 2168.32 0 0 0 0 0 0 151.599 -84.7059 2155.91 330.988 -176.109 2272.31 0 0 0 238.195 -329.604 2299.4 0 0 0 -68.4821 -344.982 2415.52 -16.818 -596.806 2046.7 0 0 0 -50.4647 -830.427 2233.19 89.9935 -374.447 2377.78 86.8954 -754.557 2368.47 0 0 0 47.3387 -905.816 2697.86
10300136 6.07857 141.037 2066.21 5.82033 -63.9087 2157.87 3.83677 -219.637 2264.3 0 0 0 0 0 0 -138.076 -50.6023 2174.66 -274.688 -243.568 2243.96 0 0 0 -70.5561 -191.113 2160.42 0 0 0 0 0 0 149.716 -77.215 2141.08 330.968 -185.399 2245.4 0 0 0 234.769 -324.264 2270.53 0 0 0 -75.1086 -368.249 2379.7 -11.2258 -591.516 2031.94 0 0 0 -35.1083 -831.378 2237.31 78.815 -382.483 2361.74 79.4118 -762.829 2332.17 0 0 0 39.9965 -904.566 2670.78
10344468 0.975452 135.551 2025.25 -2.20949 -70.0852 2121.61 -0.671854 -206.689 2205.52 0 0 0 0 0 0 -148.317 -68.7816 2126.41 -276.488 -265.165 2196.92 0 0 0 -127.672 -130.399 2093.71 0 0 0 0 0 0 143.898 -71.3889 2116.81 322.708 -190.691 2198 0 0 0 219.208 -349.519 2204.96 0 0 0 -83.6833 -342.538 2292.2 -10.875 -631.755 2038.02 0 0 0 -27.5464 -865.94 2256.29 85.4149 -344.046 2286.65 82.3104 -722.405 2278.44 0 0 0 38.8673 -870.592 2605.38
10400015 -2.20187 133.643 2005.72 -4.86499 -69.2523 2097.17 -0.954741 -206.975 2189.64 0 0 0 0 0 0 -148.64 -66.1559 2107.86 -267.852 -271.535 2153.71 0 0 0 -224.121 -216.905 2217.23 0 0 0 0 0 0 138.91 -72.3486 2086.48 307.373 -202.8 2152.47 0 0 0 200.452 -366.358 2159.39 0 0 0 -82.5424 -342.856 2288.47 -10.9346 -632.545 2015.17 0 0 0 9.26126 -807.155 2077.87 88.4534 -346.538 2275.76 78.5217 -726.128 2272.57 0 0 0 25.3048 -892.601 2603.16
10444576 -4.39504 130.187 1972.46 -7.31655 -66.6783 2067.48 -2.24189 -207.915 2166.83 0 0 0 0 0 0 -144.936 -56.8063 2088.54 -261.323 -262.872 2103.02 0 0 0 -190.865 -319.495 2015.31 0 0 0 0 0 0 130.303 -76.5502 2046.41 281.852 -219.279 2103.67 0 0 0 195.565 -370.856 2050.2 0 0 0 -86.483 -342.745 2279.86 -10.9627 -636.847 1997.39 0 0 0 -2.60476 -953.072 2156.93 92.1486 -355.559 2252.52 72.9663 -727.048 2259.07 0 0 0 23.6848 -875.18 2549.58
10499894 -5.30161 129.754 1954.42 -2.12666 -67.24 2035.63 -3.7974 -200.131 2140.31 0 0 0 0 0 0 -132.091 -54.8498 2049.28 -258.171 -248.903 2057.35 0 0 0 -174.215 -331.988 1978.96 0 0 0 0 0 0 127.838 -79.6302 2021.97 272.334 -227.58 2078.36 0 0 0 179.349 -373.621 2000.52 0 0 0 -91.7715 -324.795 2254.05 -8.2562 -628.465 1986.63 0 0 0 -4.01138 -948.932 2148.76 80.8353 -341.251 2235.92 78.0173 -724.865 2264.31 0 0 0 21.783 -900.252 2542.38
10544683 -12.0947 136.67 1939.49 -8.98451 -60.6736 1996.28 -11.7368 -188.863 2112.97 0 0 0 0 0 0 -139.306 -47.9726 2007.16 -249.827 -244.905 2009.98 0 0 0 -135.852 -329.687 1893.34 0 0 0 0 0 0 121.337 -73.3746 1985.4 258.317 -238.537 2027.64 0 0 0 121.997 -376.387 1903.51 0 0 0 -95.9384 -309.114 2236.45 -5.6553 -620.849 1972.45 0 0 0 -10.1177 -926.897 2126.65 66.9603 -324.99 2222.85 84.0572 -699.987 2244.82 0 0 0 19.0531 -908.43 2527.16
10599773 -21.059 142.05 1919.85 -8.99987 -54.9739 1977.1 -10.3104 -186.925 2094.37 0 0 0 0 0 0 -138.176 -47.9805 1983.53 -236.874 -246.615 1962.95 0 0 0 -112.652 -334.38 1846.99 0 0 0 0 0 0 120.177 -61.9674 1970.68 253.087 -237.274 1990.21 0 0 0 101.446 -363.743 1858.29 0 0 0 -88.6996 -314.703 2215.47 0.0836563 -624.938 1982.08 0 0 0 -12.2588 -892.234 2113.77 65.4577 -323.049 2207.8 89.2629 -692.974 2219.11 0 0 0 16.5156 -903.792 2501.43
10644791 -26.7818 144.101 1897.15 -7.53627 -49.1242 1958.56 -1.15407 -186.987 2065.47 0 0 0 0 0 0 -135.743 -48.0269 1967.63 -233.869 -243.124 1919.93 0 0 0 -58.9425 -315.141 1760.56 0 0 0 0 0 0 120.671 -50.2216 1949.49 224.758 -231.484 1888.37 0 0 0 78.6898 -332.924 1742.54 0 0 0 -74.1243 -324.17 2177.99 -1.73257 -640.856 1960.26 0 0 0 35.7373 -768.966 2097.63 84.5806 -325.528 2166.76 88.4423 -669.414 2171.36 0 0 0 11.4828 -896.111 2490.73
10699652 -29.5098 149.628 1885.45 -8.6931 -41.7037 1937.06 -3.85588 -177.69 2038.75 0 0 0 0 0 0 -137.057 -41.0876 1943.99 -231.887 -221.838 1867.76 0 0 0 -61.2722 -301.803 1719.88 0 0 0 0 0 0 119.67 -42.3197 1930.13 227.056 -229.567 1881.33 0 0 0 76.2527 -315.575 1692.47 0 0 0 -74.4926 -313.315 2144.52 11.2278 -653.546 1940.88 0 0 0 15.0457 -758.937 2068.16 76.4553 -314.039 2136.37 71.5036 -674.247 2133.64 0 0 0 11.889 -907.283 2498.58
10744899 -31.6199 162.646 1868.43 -10.6389 -33.5001 1922.28 -9.51165 -170.443 1998.28 0 0 0 0 0 0 -136.772 -21.1971 1946.32 -223.27 -189.943 1838.72 0 0 0 -62.8374 -249.461 1640.28 0 0 0 0 0 0 115.494 -45.8032 1898.24 218.041 -222.254 1811.28 0 0 0 64.4627 -279.874 1574.22 0 0 0 -95.1765 -298.921 2090.83 -7.34453 -635.443 1903.56 0 0 0 -34.2734 -700.876 1943.79 78.4078 -315.852 2057.74 92.9162 -673.033 2188.75 0 0 0 25.5247 -928.921 2534.02
10799531 -32.7781 170.351 1858.76 -14.2319 -26.9552 1913.84 -10.9528 -168.996 1993.39 0 0 0 0 0 0 -141.522 -17.177 1936.55 -219.637 -181.87 1809.72 0 0 0 -77.5235 -224.914 1591.59 0 0 0 0 0 0 113.058 -36.7334 1891.14 215.528 -195.244 1766.98 0 0 0 64.4697 -251.033 1534.69 0 0 0 -90.3288 -304.688 2087.69 4.04826 -616.484 1893.93 0 0 0 -36.9533 -708.461 1945.99 74.9814 -317.387 2058.2 81.8392 -658.062 2193.28 0 0 0 21.7283 -917.883 2484.84
10845007 -34.066 180.641 1846.85 -19.2455 -18.9172 1891.09 -11.6376 -158.368 1980.31 0 0 0 0 0 0 -144.989 -3.52969 1925.86 -205.087 -119.558 1708.45 0 0 0 -64.0409 -195.329 1504.23 0 0 0 0 0 0 106.498 -34.3047 1856.32 195.435 -189.264 1723.04 0 0 0 67.2548 -211.421 1458.87 0 0 0 -76.1245 -288.996 2089.48 1.20884 -644.224 1909.09 0 0 0 -33.17 -739.391 1963.3 68.0652 -306.641 2049.61 82.1505 -609.505 2199.79 0 0 0 17.9152 -883.293 2436.91
10899410 -36.9038 194.123 1831.75 -24.7779 -4.89258 1875.66 -14.3075 -154.199 1972.75 0 0 0 0 0 0 -150.217 10.8182 1913.35 -203.978 -110.285 1685.5 0 0 0 -74.5994 -175.193 1466.33 0 0 0 0 0 0 100.661 -20.6034 1837.97 172.864 -165.979 1695.37 0 0 0 88.9957 -175.349 1421.28 0 0 0 -59.0973 -296.584 2086.44 -8.77275 -663.927 1927.43 0 0 0 -38.5867 -766.462 1982.01 51.423 -310.426 2053.24 90.4224 -569.994 2196.43 0 0 0 26.0488 -853.449 2409.8
10945114 -39.0084 202.096 1823.42 -28.7065 18.8616 1854.98 -8.30422 -138.711 1947.28 0 0 0 0 0 0 -153.266 -1.3741 1847.97 -207.59 -129.608 1616.38 0 0 0 -111.116 -145.285 1347.11 0 0 0 0 0 0 95.8525 39.0973 1862 173.027 -122.347 1731.94 0 0 0 118.628 -107.679 1434.05 0 0 0 -33.9332 -303.762 2036.99 -13.5553 -630.384 1969.93 0 0 0 -38.6847 -737.122 2021.15 58.1293 -288.806 2042.17 91.3484 -595.739 2159.76 0 0 0 24.8283 -885.618 2355.22
10999289 -40.7451 205.903 1817.88 -25.5321 25.3206 1832.49 -7.40846 -128.132 1938.24 0 0 0 0 0 0 -145.149 -0.526428 1815.48 -203.309 -119.456 1594.77 0 0 0 -114.695 -124.374 1316.2 0 0 0 0 0 0 94.085 51.1677 1849.49 168.879 -105.405 1693.46 0 0 0 104.72 -92.9486 1400.9 0 0 0 -41.2774 -292.82 2036.6 -18.8851 -617.258 1967.8 0 0 0 -42.4593 -726.926 2014.79 62.7077 -270.35 2051.38 102.425 -587.069 2152.89 0 0 0 25.2467 -896.731 2347.22
11032582 -43.2488 210.561 1809.41 -26.5915 36.4859 1817.8 -11.9865 -115.457 1934.18 0 0 0 0 0 0 -146.838 9.99452 1798.3 -194.273 -112.539 1583.43 0 0 0 -119.923 -111.786 1297.47 0 0 0 0 0 0 93.6553 62.9773 1837.29 162.691 -85.4916 1665.01 0 0 0 115.479 -64.5841 1384.93 0 0 0 -53.3414 -279.727 2041.49 -20.839 -606.456 1959.06 0 0 0 -43.3015 -717.317 2005.46 58.5782 -255.071 2059.64 101.578 -596.55 2165.74 0 0 0 23.3108 -908.32 2345.97
11099168 -44.6174 216.654 1802.52 -24.4186 50.1778 1805.75 -15.5174 -98.6711 1929.84 0 0 0 0 0 0 -142.538 21.5414 1779.88 -181.821 -80.7768 1548.86 0 0 0 -135.544 -72.017 1250.63 0 0 0 0 0 0 93.7005 78.8142 1831.63 165.233 -61.8231 1645.72 0 0 0 125.092 -36.5418 1368.64 0 0 0 -74.5817 -263.997 2039.04 -38.6019 -589.958 1947.69 0 0 0 -54.6412 -702.22 1999.57 61.3494 -231.043 2068.82 113.205 -604.205 2164.25 0 0 0 31.3226 -926.258 2337.67
11145330 -46.09 221.647 1798.21 -23.037 59.7742 1798.82 -16.3511 -93.0061 1926.42 0 0 0 0 0 0 -141.357 32.8431 1772.78 -181.612 -42.2777 1515.19 0 0 0 -155.85 -34.541 1214.6 0 0 0 0 0 0 95.2825 86.7054 1824.87 168.498 -53.3878 1636.02 0 0 0 134.289 -18.6982 1337.88 0 0 0 -79.309 -261.638 2038.67 -38.8767 -587.601 1949.14 0 0 0 -53.5279 -701.672 1999.84 59.9788 -229.935 2069.34 108.614 -608.948 2166.6 0 0 0 27.6834 -932.767 2328.67
11199047 -47.7105 229.082 1791.98 -20.4079 62.3251 1798.5 -16.9242 -90.6878 1927.01 0 0 0 0 0 0 -136.951 39.3124 1774.26 -183.548 -28.2214 1507.8 0 0 0 -171.109 -18.8399 1203.88 0 0 0 0 0 0 96.1352 85.3377 1822.74 166.297 -43.0009 1623.23 0 0 0 146.561 1.82521 1316.71 0 0 0 -84.716 -257.775 2040.7 -33.7414 -588.159 1948.25 0 0 0 -51.1362 -701.157 2000.67 57.8352 -229.627 2070.35 106.269 -605.28 2162.49 0 0 0 24.2944 -936.744 2321.98
11245438 -50.101 238.358 1789.41 -22.3403 71.0966 1791.33 -19.8422 -78.4963 1918.83 0 0 0 0 0 0 -141.674 59.2695 1779.79 -187.149 -13.5133 1510.69 0 0 0 -212.595 25.6917 1180.95 0 0 0 0 0 0 96.9937 82.9237 1802.87 181.295 -27.7745 1591.38 0 0 0 198.997 27.1081 1272.83 0 0 0 -88.3116 -235.123 2039.46 -23.8266 -584.268 1935.43 0 0 0 -39.3408 -712.585 2000.97 53.6235 -221.056 2053.18 93.488 -599.343 2174.59 0 0 0 11.3188 -937.66 2329.23
11298926 -51.6922 244.944 1788.62 -37.9403 88.1508 1785.36 -29.8134 -66.0001 1917.08 0 0 0 0 0 0 -153.26 74.6017 1776.62 -187.531 -6.42366 1508.35 0 0 0 -237.147 51.8986 1166.21 0 0 0 0 0 0 77.3796 101.7 1794.11 183.12 -14.9733 1580.15 0 0 0 226.702 48.5742 1267.53 0 0 0 -93.5211 -228.591 2043.34 -19.41 -590.69 1937.62 0 0 0 -32.3445 -734.07 2015.25 50.1483 -211.711 2054.23 88.6744 -590.671 2174.76 0 0 0 8.59059 -922.463 2331.82
11332219 -53.6479 254.818 1787.11 -41.6376 93.6402 1781.46 -33.3361 -59.4447 1911.34 0 0 0 0 0 0 -158.411 84.8481 1778.56 -190.678 0.196823 1509.75 0 0 0 -260.413 66.7007 1170.42 0 0 0 0 0 0 75.1356 102.432 1784.36 185.603 -8.15673 1576.29 0 0 0 241.619 64.4827 1294.45 0 0 0 -95.5101 -217.836 2039.46 -17.0871 -592.874 1938.83 0 0 0 -28.8139 -729.476 2008.08 45.4409 -207.223 2042.96 85.6525 -583.946 2170.85 0 0 0 7.5345 -911.939 2335.08
11398805 -56.103 263.817 1786.01 -39.4005 94.3635 1782.44 -32.2187 -56.5431 1910.04 0 0 0 0 0 0 -158.042 89.7872 1783.7 -195.749 4.10369 1515.5 0 0 0 -315.638 92.4334 1188.78 0 0 0 0 0 0 79.2409 98.9398 1781.17 182.173 3.93994 1571.69 0 0 0 305.705 101.284 1285.74 0 0 0 -95.746 -210.177 2038.39 -20.5093 -586.674 1939.56 0 0 0 -26.1796 -729.661 2008.88 45.6722 -204.722 2036.88 79.861 -556.396 2161.68 0 0 0 21.9203 -877.613 2376.25
11432098 -56.9836 268.539 1786.78 -39.3249 96.597 1780.64 -32.204 -49.6103 1908.82 0 0 0 0 0 0 -158.923 96.1281 1786.75 -214.528 16.7258 1522.83 0 0 0 -330.825 100.013 1210.69 0 0 0 0 0 0 80.2726 97.0658 1774.54 213.247 42.5976 1573.26 0 0 0 327.795 115.456 1294.05 0 0 0 -94.8692 -196.091 2040.57 -23.9979 -585.986 1939.79 0 0 0 -24.4073 -732.095 2004.41 44.7029 -195.544 2033.44 76.1159 -536.89 2157.63 0 0 0 23.1734 -855.121 2378.28
11479022 -57.3633 275.872 1782.8 -38.8782 102.498 1774.34 -31.9133 -37.2729 1899.58 0 0 0 0 0 0 -155.708 103.576 1782.04 -249.128 41.0142 1545.34 0 0 0 -369.078 115.49 1233.29 0 0 0 0 0 0 77.9512 101.419 1766.64 224.63 61.3374 1565.58 0 0 0 373.035 148.822 1315.34 0 0 0 -93.9136 -176.407 2029.36 -35.647 -576.535 1942.01 0 0 0 -24.3896 -734.135 2000.92 44.0166 -177.68 2020.27 76.9696 -526.203 2159.58 0 0 0 44.6869 -826.158 2368.9
11531977 -74.2874 284.821 1759.4 -38.6905 103.035 1772.91 -36.3796 -29.3401 1894.91 0 0 0 0 0 0 -154.744 103.148 1775.23 -260.773 51.2193 1545.81 0 0 0 -387.747 127.069 1237.79 0 0 0 0 0 0 77.363 102.921 1770.59 235.225 68.7082 1575 0 0 0 391.651 163.2 1336.39 0 0 0 -92.6249 -161.658 2018.08 -39.2137 -569.364 1949.67 0 0 0 -26.1268 -730.694 2002.17 24.4876 -161.772 2015.74 79.0965 -527.531 2156.86 0 0 0 57.7964 -825.333 2395.65
11579130 -68.5795 284.547 1764.36 -34.3754 103.21 1765.21 -33.6 -26.2269 1888.88 0 0 0 0 0 0 -146.152 101.846 1764.48 -269.458 59.3361 1551.4 0 0 0 -424.945 145.419 1261.16 0 0 0 0 0 0 77.4018 104.574 1765.94 247.655 75.5654 1580.08 0 0 0 424.348 191.508 1367.04 0 0 0 -94.8807 -156.421 2012.15 -36.934 -566.595 1958.7 0 0 0 -24.3523 -862.517 2026.32 29.2315 -154.907 2012.96 79.4221 -528.807 2163.06 0 0 0 50.5216 -821.274 2393.54
11631856 -65.3723 286.418 1766.88 -30.8949 109.206 1761.16 -30.574 -22.6302 1887.16 0 0 0 0 0 0 -144.263 108.153 1760.35 -280.475 77.3346 1527.22 0 0 0 -442.314 154.437 1265.57 0 0 0 0 0 0 82.4729 110.259 1761.97 260.482 83.3065 1582.04 0 0 0 445.45 201.678 1381.31 0 0 0 -93.9125 -155.058 2012.71 -39.3294 -559.589 1960.82 0 0 0 -25.1858 -863.819 2024.69 33.4062 -153.875 2013.62 80.2285 -523.684 2165.81 0 0 0 56.4176 -826.778 2406.2
11679238 -64.6453 293.258 1763.65 -28.3714 114.941 1759.39 -29.4084 -19.5434 1887.52 0 0 0 0 0 0 -143.134 114.381 1757.87 -281.393 78.8584 1533.39 0 0 0 -473.253 168.465 1284.48 0 0 0 0 0 0 86.3908 115.501 1760.9 268.583 89.7939 1583.89 0 0 0 479.314 226.32 1409.09 0 0 0 -95.8061 -154.347 2014.78 -39.4364 -555.726 1957.12 0 0 0 -30.6832 -866.896 2022.28 34.915 -153.709 2016.51 80.1558 -523.659 2167.27 0 0 0 52.5264 -907.5 2306.14
11731735 -63.6378 299.345 1763.29 -26.8728 123.92 1763.62 -28.329 -17.038 1891.86 0 0 0 0 0 0 -145.826 121.538 1759.65 -287.253 90.4405 1535.92 0 0 0 -480.034 175.463 1298.5 0 0 0 0 0 0 92.0808 126.302 1767.59 271.214 90.0351 1583.5 0 0 0 487.339 228.416 1424.11 0 0 0 -95.8237 -159.319 2017.89 -38.3006 -558.535 1954.28 0 0 0 -30.7486 -872.08 2029.81 36.2532 -156.674 2022.3 79.5711 -527.095 2171.27 0 0 0 47.0971 -896.107 2299.87
11765028 -58.8083 310.404 1764.06 -29.2311 129.141 1771.37 -30.1542 -12.562 1895.28 0 0 0 0 0 0 -149.052 124.292 1764.93 -289.33 99.1795 1538.23 0 0 0 -494.313 180.333 1311.85 0 0 0 0 0 0 90.5898 133.991 1777.81 272.067 100.12 1590.95 0 0 0 472.748 191.489 1411.4 0 0 0 -97.5589 -156.956 2015.61 -35.7836 -558.787 1952.4 0 0 0 -28.0094 -838.503 2028.36 35.4043 -151.575 2022.75 80.6059 -522.597 2176.03 0 0 0 47.5191 -888.213 2308.93
11831614 -58.0267 310.62 1763.56 -30.2416 132.196 1771.06 -30.5121 -10.8627 1894.82 0 0 0 0 0 0 -151.429 127.293 1765.13 -293.049 106.83 1542.03 0 0 0 -514.343 186.734 1331.89 0 0 0 0 0 0 90.9463 137.099 1776.99 277.976 110.309 1604.67 0 0 0 510.534 249.062 1454.42 0 0 0 -99.5913 -156.705 2015.21 -28.507 -559.27 1947.15 0 0 0 -33.1097 -850.159 2032.82 38.0262 -151.138 2021.95 80.8382 -520.395 2177.89 0 0 0 43.033 -794.198 2364.29
11864907 -56.4835 311.684 1764.85 -29.7973 135.064 1770.26 -25.238 -7.58801 1886.14 0 0 0 0 0 0 -150.991 125.94 1763.79 -298.532 109.712 1547.56 0 0 0 -517.565 183.467 1343 0 0 0 0 0 0 91.3966 144.189 1776.72 284.535 120.316 1613.43 0 0 0 510.265 254.369 1459.13 0 0 0 -83.6934 -154.985 1998.67 -31.5908 -559.684 1951.44 0 0 0 -28.9574 -833.856 2035.97 42.3359 -145.496 2005.39 82.1468 -515.263 2172.27 0 0 0 41.3252 -779.814 2388.4
11912823 -52.4112 318.995 1769.86 -33.1217 142.307 1768.15 -29.5864 -3.57443 1885.29 0 0 0 0 0 0 -157.119 132.977 1760.27 -309.568 112.034 1552.56 0 0 0 -524.531 180.061 1351.47 0 0 0 0 0 0 90.8757 151.637 1776.02 288.753 127.913 1614.83 0 0 0 512.715 264.506 1459.14 0 0 0 -91.6534 -154.392 1998.26 -32.837 -557.506 1954.88 0 0 0 -27.3535 -827.524 2034.01 39.5513 -144.52 2006.59 81.991 -512.583 2169.76 0 0 0 -24.9778 -863.619 2049.08
11964786 -50.4843 321.173 1772.79 -32.9747 140.813 1770.86 -30.58 -5.23702 1888.93 0 0 0 0 0 0 -156.464 132.458 1763.03 -316.18 117.144 1555.11 0 0 0 -524.896 181.461 1350.78 0 0 0 0 0 0 90.5148 149.167 1778.69 289.874 127.474 1616.81 0 0 0 511.633 262.685 1460.66 0 0 0 -95.6682 -155.852 2002.73 -34.3267 -557.549 1951.68 0 0 0 -24.0259 -802.738 2032.13 39.2978 -146.721 2011.29 82.8775 -512.228 2170.92 0 0 0 17.1403 -824.731 2273.64
12031372 -49.9734 322.036 1775.3 -32.5147 140.591 1771.63 -30.6779 -5.21305 1887.98 0 0 0 0 0 0 -155.722 132.592 1763.55 -312.688 118.005 1552.9 0 0 0 -522.612 183.059 1349.22 0 0 0 0 0 0 90.6929 148.59 1779.71 291.275 129.236 1620.68 0 0 0 506.297 260.421 1460.28 0 0 0 -98.6623 -155.551 1999.76 -34.7723 -557.869 1952.22 0 0 0 -23.0637 -807.151 2036.08 40.9802 -146.485 2008.92 82.7398 -512.67 2168.4 0 0 0 20.3281 -810.316 2308.38
12064665 -49.5616 324.267 1777.64 -32.2905 140.949 1772.47 -30.1621 -4.98712 1889.37 0 0 0 0 0 0 -155.618 133.752 1765.73 -315.331 120.491 1554.17 0 0 0 -520.908 185.828 1349.81 0 0 0 0 0 0 91.0368 148.145 1779.21 292.55 131.658 1625.06 0 0 0 504.729 259.02 1464.42 0 0 0 -98.714 -155.047 2002.42 -41.4942 -557.912 1955.58 0 0 0 -22.8435 -792.989 2037.79 42.6468 -146.798 2010.14 83.48 -513.12 2168.94 0 0 0 47.2589 -819.603 2358.07
12131251 -49.4868 326.493 1779.22 -33.6057 144.035 1773.89 -30.7664 -3.11917 1890.72 0 0 0 0 0 0 -157.902 137.606 1768.82 -313.637 118.439 1556.1 0 0 0 -518.177 182.579 1350.73 0 0 0 0 0 0 90.6906 150.464 1778.97 293.468 134.517 1626.19 0 0 0 507.631 259.756 1459.61 0 0 0 -99.1838 -153.959 2004.63 -62.1101 -555.841 1977.76 0 0 0 -23.1625 -783.906 2037.94 43.3295 -146.588 2010.45 82.4267 -511.334 2168.2 0 0 0 47.1755 -797.37 2338.52
12164544 -50.0574 327.101 1779.68 -35.2156 146.625 1775.8 -31.6409 -2.12001 1892.14 0 0 0 0 0 0 -161.04 140.034 1771.24 -313.681 117.849 1557.09 0 0 0 -515.254 182.484 1353.19 0 0 0 0 0 0 90.6089 153.216 1780.36 294.468 135.957 1627.51 0 0 0 507.07 259.091 1458.15 0 0 0 -99.1263 -154.587 2005.91 -63.9214 -565.128 1981.74 0 0 0 -28.6248 -768.874 2031.83 42.9939 -147.143 2011.06 83.3688 -510.277 2165.34 0 0 0 52.8299 -788.411 2335.1
12231130 -50.0753 329.797 1781.84 -35.2863 147.371 1776.39 -30.5578 -2.76051 1893.04 0 0 0 0 0 0 -160.12 140.543 1772.66 -316.793 118.256 1561.54 0 0 0 -514.067 182.563 1356.74 0 0 0 0 0 0 89.5472 154.198 1780.11 293.98 136.596 1627.08 0 0 0 504.918 258.756 1458.48 0 0 0 -98.9648 -156.892 2007.5 -52.7771 -565.691 1972.45 0 0 0 -31.035 -761.922 2027.23 47.3062 -148.892 2011.87 83.0302 -511.109 2166.01 0 0 0 55.221 -790.095 2341.16
12264423 -50.9818 332.242 1783.26 -35.2886 149.865 1779.65 -30.9632 -1.02131 1894.86 0 0 0 0 0 0 -159.303 144.692 1777.53 -317.191 119.034 1563.16 0 0 0 -513.631 181.262 1353.04 0 0 0 0 0 0 88.7253 155.038 1781.77 292.227 136.115 1628.01 0 0 0 503.892 256.723 1458.98 0 0 0 -98.9199 -154.923 2008.84 -48.7586 -562.988 1968.08 0 0 0 -32.2175 -756.471 2025.45 45.6444 -148.893 2011.31 84.0855 -511.67 2165.33 0 0 0 35.6042 -787.486 2368.34
12331009 -52.2912 336.836 1787.64 -36.581 151.059 1797.85 -31.796 -0.536759 1904.14 0 0 0 0 0 0 -161.084 151.412 1803.96 -307.386 127.573 1569.92 0 0 0 -509.277 185.025 1349.19 0 0 0 0 0 0 87.9216 150.705 1791.74 291.61 130.86 1637.34 0 0 0 503.579 250.93 1467.02 0 0 0 -98.5493 -151.929 2013.93 -47.0171 -560.469 1972.28 0 0 0 -32.8528 -752.12 2027.74 44.5273 -152.336 2006.91 83.954 -515.088 2160.59 0 0 0 38.3237 -791.894 2352.34
12364302 -52.1408 336.34 1787.28 -35.6491 152.544 1800.75 -29.5281 -7.48046 1901.94 0 0 0 0 0 0 -158.73 150.142 1804.4 -308.95 123.174 1567.7 0 0 0 -506.315 183.188 1342.63 0 0 0 0 0 0 87.4319 154.946 1797.11 291.957 133.724 1642.86 0 0 0 502.499 253.185 1470.59 0 0 0 -92.3587 -168.851 2005.16 -45.3267 -556.061 1976.33 0 0 0 -31.0316 -751.569 2033.59 45.5445 -166.159 2001.08 81.6433 -527.709 2155.15 0 0 0 40.0162 -792.564 2340.54
12430888 -51.7662 336.416 1787.94 -35.0577 152.298 1796.02 -31.0754 -11.3446 1899.78 0 0 0 0 0 0 -157.375 154.127 1803.6 -310.603 127.614 1574.87 0 0 0 -504.174 188.066 1352.04 0 0 0 0 0 0 87.2592 150.469 1788.44 292.085 129.471 1634.39 0 0 0 500.145 247.601 1455.72 0 0 0 -94.7347 -173.975 2007.73 -34.9007 -552.443 1950.93 0 0 0 -23.0489 -784.17 2035.44 40.5485 -175.998 1999.35 82.6471 -511.829 2160.27 0 0 0 44.8638 -803.243 2384.97
12464181 -51.2695 337.061 1788.67 -34.4818 151.43 1791.31 -30.8066 -12.9127 1898.53 0 0 0 0 0 0 -156.838 155.226 1801.32 -311.386 130.947 1580.64 0 0 0 -504.357 190.057 1357.44 0 0 0 0 0 0 87.8739 147.635 1781.3 292.86 127.085 1628.36 0 0 0 497.93 244.407 1447.34 0 0 0 -96.9076 -175.091 2011.46 -40.4415 -560.546 1954.04 0 0 0 -29.1058 -784.677 2029.65 42.6449 -179.42 2000.04 92.1453 -488.01 2182.83 0 0 0 55.8159 -811.378 2379.79
12530767 -50.7572 337.724 1790.55 -33.9888 151.653 1789.74 -30.3239 -12.6516 1899.51 0 0 0 0 0 0 -156.241 155.618 1799.76 -312.202 132.665 1584.1 0 0 0 -498.037 192.401 1360.52 0 0 0 0 0 0 88.2633 147.688 1779.72 292.719 125.701 1625.98 0 0 0 496.175 245.404 1442.75 0 0 0 -99.1194 -174.606 2015.22 -50.0138 -572.047 1943.55 0 0 0 -32.6623 -784.035 2026.83 45.8013 -179.307 2003.34 90.2646 -488.458 2174.49 0 0 0 49.8767 -792.513 2369.72
12564060 -50.8362 337.246 1791.12 -33.85 151.743 1790.79 -30.9362 -10.8779 1900.11 0 0 0 0 0 0 -155.984 155.874 1800.19 -312.096 133.168 1583.1 0 0 0 -495.797 192.553 1357.89 0 0 0 0 0 0 88.2839 147.611 1781.39 292.877 125.814 1627.44 0 0 0 493.255 243.824 1443.34 0 0 0 -99.0422 -171.096 2014.89 -49.4697 -561.229 1944.72 0 0 0 -29.2377 -786.994 2026.76 42.9975 -175.901 2003.96 88.7232 -490.108 2170.21 0 0 0 44.5137 -773.908 2364.29
12630646 -50.8609 341.414 1796.22 -34.0129 152.193 1790.62 -29.9164 0.963147 1905.4 0 0 0 0 0 0 -156.548 151.15 1793.62 -312.906 128.234 1583.3 0 0 0 -487.264 186.571 1351.93 0 0 0 0 0 0 88.5222 153.237 1787.62 293.963 130.943 1634.69 0 0 0 488.472 248.382 1442.66 0 0 0 -94.1076 -150.849 2021.84 -46.6811 -550.91 1952.52 0 0 0 -23.1373 -793.543 2035.72 42.468 -149.686 2018.5 85.0197 -494.905 2161.49 0 0 0 39.6492 -754.219 2376.06
12663939 -51.2041 340.77 1798.1 -34.1743 153.267 1790.96 -29.9746 6.70174 1907.78 0 0 0 0 0 0 -156.431 148.809 1789.76 -313.363 123.561 1577.38 0 0 0 -480.578 179.787 1342.64 0 0 0 0 0 0 88.0823 157.725 1792.16 294.191 133.85 1639.4 0 0 0 482.236 249.599 1441.29 0 0 0 -93.5259 -142.334 2023.93 -45.0434 -534.872 1952.55 0 0 0 -17.0176 -813.795 2050.81 41.976 -137.393 2025.26 84.0383 -504.003 2159.46 0 0 0 54.0337 -782.386 2352.19
12730525 -51.3516 341.725 1798.91 -33.9511 153.968 1793.53 -30.3721 6.37378 1908.74 0 0 0 0 0 0 -155.789 150.533 1792.92 -310.934 125.081 1584.83 0 0 0 -468.925 173.578 1341.12 0 0 0 0 0 0 87.8869 157.404 1794.15 293.79 131.344 1638.2 0 0 0 470.429 239.755 1425.29 0 0 0 -93.8723 -143.112 2023.61 -45.895 -530.649 1952.98 0 0 0 -18.4399 -807.554 2044.04 40.2862 -139.329 2024.29 83.9237 -502.908 2161.71 0 0 0 50.6324 -792.882 2378.36
12780423 -51.2918 344.126 1799.79 -36.802 154.006 1807.07 -29.3479 0.486691 1916.28 0 0 0 0 0 0 -161.531 156.839 1819.57 -309.79 127.845 1599.71 0 0 0 -454.626 152.448 1336.94 0 0 0 0 0 0 87.9271 151.173 1794.57 293.071 123.026 1635.99 0 0 0 456.133 205.134 1413.56 0 0 0 -97.9163 -151.306 2033.1 -48.5064 -537.346 1956.7 0 0 0 -17.1633 -831.67 2051.63 54.1288 -154.759 2017.87 86.5902 -497.511 2167.97 0 0 0 54.1948 -783.68 2393.02
12830404 -50.0021 345.713 1802.67 -24.2947 149.997 1812.84 -24.7252 1.63585 1920.61 0 0 0 0 0 0 -138.885 155.98 1820.62 -297.894 125.475 1624.76 0 0 0 -446.072 141.618 1327.39 0 0 0 0 0 0 90.2958 144.014 1805.06 294.731 112.679 1643.37 0 0 0 452.843 172.158 1415.2 0 0 0 -98.8745 -142.876 2033.39 -47.2054 -534.074 1951.97 0 0 0 -16.615 -830.906 2051.49 48.5629 -150.574 2023.38 87.1186 -502.058 2166.83 0 0 0 61.4712 -818.591 2362.07
12896990 -48.9395 346.854 1806.34 -24.7221 152.618 1819.02 -19.7504 -5.00296 1931.17 0 0 0 0 0 0 -146.031 149.533 1820.06 -300.308 93.0191 1619.65 0 0 0 -425.709 71.1507 1338.2 0 0 0 0 0 0 96.587 155.703 1817.98 279.573 112.433 1666.69 0 0 0 445.116 114.465 1422.87 0 0 0 -87.4426 -164.472 2043.95 -51.7625 -551.057 1967.89 0 0 0 -14.844 -829.067 2058.08 57.8852 -160.776 2042.7 86.7501 -507.159 2165.2 0 0 0 52.3376 -771.79 2402.02
12930283 -47.563 349.499 1813.88 -25.4891 153.56 1827.71 -18.4649 -7.63465 1937.76 0 0 0 0 0 0 -146.419 148.158 1827.51 -290.73 68.3729 1634.37 0 0 0 -411.028 43.5541 1356.22 0 0 0 0 0 0 95.4408 158.963 1827.9 280.28 95.2378 1709.97 0 0 0 433.32 86.301 1452.57 0 0 0 -84.9939 -172.116 2047.69 -49.1984 -558.087 1980.74 0 0 0 -14.0761 -873.73 2090.33 62.1124 -165.544 2047.93 91.8761 -516.86 2165.38 0 0 0 78.2597 -840.376 2470.12
12996869 -46.1767 352.911 1829.94 -26.5491 153.508 1838.98 -19.3025 -9.32079 1943.74 0 0 0 0 0 0 -148.353 145.114 1834.36 -287.249 54.1647 1651.85 0 0 0 -394.068 -23.8037 1384.23 0 0 0 0 0 0 95.2548 161.902 1843.6 275.038 84.3347 1728.04 0 0 0 429.921 13.2051 1472.05 0 0 0 -86.6094 -177.287 2045.66 -46.7772 -562.445 1992.03 0 0 0 -13.6572 -878.782 2094.4 62.4978 -167.012 2051.32 94.0448 -520.872 2169.29 0 0 0 76.6102 -838.862 2469.79
13030162 -45.8692 355.667 1838.94 -30.2946 165.193 1860.39 -22.264 -2.95127 1955.54 0 0 0 0 0 0 -153.933 161.11 1863.61 -269.298 36.641 1683.1 0 0 0 -379.394 -46.2621 1407.16 0 0 0 0 0 0 93.3443 169.276 1857.18 272.542 81.6821 1740.03 0 0 0 425.611 -22.733 1495.45 0 0 0 -91.466 -173.646 2052.71 -41.8625 -564.561 2007.49 0 0 0 -13.7854 -882.665 2102.53 62.9991 -168.545 2048.68 95.843 -524.728 2170.04 0 0 0 75.6733 -837.962 2463.86
13080746 -43.9972 361.357 1855.3 -25.8074 169.096 1886.77 -18.6138 -0.328025 1975.73 0 0 0 0 0 0 -146.177 164.882 1888.48 -259.975 25.3629 1690.25 0 0 0 -362.807 -114.754 1436.27 0 0 0 0 0 0 94.5617 173.31 1885.06 267.311 55.0218 1784.51 0 0 0 408.219 -100.295 1577.33 0 0 0 -93.3929 -172.622 2065.85 -42.1696 -564.433 2032.35 0 0 0 -14.4731 -883.531 2117.71 70.5527 -166.882 2063.53 98.9771 -530.548 2162.07 0 0 0 75.7439 -843.078 2448.23
13130041 -41.2612 365.265 1882.97 -23.7365 169.847 1903.42 -16.9812 -1.94355 1985.38 0 0 0 0 0 0 -144.923 167.189 1907.83 -249.508 15.5684 1706.37 0 0 0 -351.271 -142.485 1461.59 0 0 0 0 0 0 97.4496 172.504 1899 259.81 26.2664 1811.11 0 0 0 405.351 -143.213 1605.56 0 0 0 -92.0318 -175.528 2070.33 -42.4954 -568.712 2039.73 0 0 0 -13.8026 -889.984 2120.58 71.5798 -171.94 2064.37 104.738 -533.516 2170.63 0 0 0 76.8456 -840.461 2446.44
13163334 -39.2631 366.077 1906.44 -22.9548 169.472 1910.98 -15.1319 -5.62932 1992.84 0 0 0 0 0 0 -142.814 166.826 1916.77 -244.792 -4.32866 1739.59 0 0 0 -338.116 -176.566 1499.79 0 0 0 0 0 0 96.9049 172.119 1905.18 254.949 12.6684 1827.09 0 0 0 386.259 -179.79 1655.69 0 0 0 -85.8156 -182.464 2078.5 -44.1155 -573.215 2045.44 0 0 0 -12.6178 -888.324 2117.9 71.1975 -178.997 2070.91 104.98 -538.982 2173.12 0 0 0 93.9681 -851.19 2428.06
13229920 -34.6722 366.542 1928.34 -20.048 169.946 1941.03 -12.4358 -5.74735 2011.76 0 0 0 0 0 0 -141.572 165.399 1942.82 -243.265 -17.7076 1788.93 0 0 0 -299.312 -235.376 1594.34 0 0 0 0 0 0 101.476 174.492 1939.25 219.969 -6.41167 1921.98 0 0 0 344.583 -234.921 1780.19 0 0 0 -83.6235 -184.388 2083.64 -46.1826 -576.876 2047.53 0 0 0 -12.3458 -891.052 2116.11 73.9764 -178.492 2081.32 106.274 -540.821 2177.94 0 0 0 88.2751 -850.77 2439.27
13296506 -23.467 375.784 1963.48 -12.271 164.997 1966.77 -6.68285 -9.65373 2028.86 0 0 0 0 0 0 -135.699 161.286 1967.44 -207.297 -62.6988 1927.06 0 0 0 -257.508 -300.976 1726.48 0 0 0 0 0 0 111.157 168.708 1966.1 227.283 -33.0143 1958.98 0 0 0 304.017 -301.114 1894.95 0 0 0 -78.9232 -186.644 2091.38 -46.2344 -582.495 2051.97 0 0 0 -12.3088 -892.604 2112.46 76.7338 -181.964 2090.53 111.54 -548.313 2191.75 0 0 0 88.1761 -857.198 2443.12
13329799 -18.3367 376.753 1985.53 -7.92895 160.118 1985.19 -1.61491 -16.0373 2041.57 0 0 0 0 0 0 -131.99 156.68 1988.35 -205.986 -66.6622 1949.32 0 0 0 -241.223 -317.103 1793.58 0 0 0 0 0 0 116.132 163.556 1982.04 223.147 -47.2483 1983.31 0 0 0 275.597 -308.912 1959.06 0 0 0 -71.4872 -194.304 2099.88 -45.7621 -579.527 2049.41 0 0 0 -12.7338 -892.45 2112.6 80.8855 -190.081 2096.01 114.166 -556.407 2197.56 0 0 0 86.5131 -861.173 2447.88
13396385 -14.2073 377.081 2010.55 -4.36544 150.947 2013.05 2.57089 -25.7661 2062.32 0 0 0 0 0 0 -130.936 147.855 2019.78 -194.354 -85.9792 1995.79 0 0 0 -205.762 -351.66 1918.46 0 0 0 0 0 0 122.205 154.039 2006.32 204.63 -84.6724 2102.46 0 0 0 236.033 -339.767 2086.86 0 0 0 -65.7242 -204.317 2115.6 -42.8545 -587.519 2061.21 0 0 0 -12.149 -898.395 2123.05 84.7387 -200.641 2107.6 114.501 -575.351 2214.24 0 0 0 86.0194 -864.121 2437.64
13429678 -8.33869 377.444 2037.53 1.0927 141.102 2044.55 12.2094 -35.8682 2088.8 0 0 0 0 0 0 -127.766 132.237 2041.47 -181.622 -115.424 2049.89 0 0 0 -184.432 -381.475 1995.78 0 0 0 0 0 0 129.951 149.967 2047.63 199.417 -78.7772 2122.82 0 0 0 223.163 -325.895 2132.5 0 0 0 -58.6885 -218.481 2131.09 -33.8003 -603.992 2071.59 0 0 0 -10.4058 -900.639 2147.74 105.341 -207.196 2135.01 120.297 -581.939 2228.28 0 0 0 87.48 -888.217 2453.35
13496264 -4.29115 373.791 2063.95 6.48495 134.234 2085.92 18.1096 -40.7937 2115.83 0 0 0 0 0 0 -129.143 124.821 2083.55 -164.918 -112.197 2197.5 0 0 0 -160.983 -360.88 2124.92 0 0 0 0 0 0 142.113 143.646 2088.29 197.992 -86.5504 2177.32 0 0 0 209.402 -318.026 2232.42 0 0 0 -57.3919 -221.868 2144.21 -25.0223 -614.048 2088.5 0 0 0 105.197 -935.384 2479.23 116.86 -209.775 2147.26 122.971 -584.292 2242.24 0 0 0 84.1859 -897.45 2451.16
13529557 -0.711986 365.228 2113.9 10.4395 129.303 2110.72 23.1804 -43.4812 2138.14 0 0 0 0 0 0 -127.992 118.996 2110.09 -163.099 -136.428 2203.14 0 0 0 -150.045 -376.255 2179.1 0 0 0 0 0 0 148.871 139.61 2111.34 195.981 -96.0821 2202.51 0 0 0 235.09 -346.192 2146.93 0 0 0 -53.6778 -222.937 2165.16 -19.6209 -618.244 2098.19 0 0 0 99.6428 -936.475 2482.55 125.52 -209.594 2165.97 124.164 -589.276 2252.28 0 0 0 83.5261 -910.691 2455.12
13596143 8.09381 360.319 2163.48 13.7552 117.765 2156.19 28.9422 -51.306 2181.58 0 0 0 0 0 0 -127.022 105.447 2158.37 -159.502 -155.068 2237.66 0 0 0 -135.314 -389.979 2276.79 0 0 0 0 0 0 154.532 130.082 2154 204.713 -103.932 2254.3 0 0 0 231.444 -350.357 2141.53 0 0 0 -42.406 -227.948 2208.32 -11.7123 -619.015 2123.96 0 0 0 71.1244 -935.458 2461.66 130.664 -212.805 2205.63 126.205 -585.853 2267.21 0 0 0 83.9817 -902.254 2453.55
13629436 15.3074 359.538 2205.69 20.0933 122.732 2190.27 33.9827 -49.7592 2215.47 0 0 0 0 0 0 -119.713 112.465 2197.05 -157.069 -156.733 2252.54 0 0 0 -133.26 -396.381 2312.38 0 0 0 0 0 0 159.9 132.998 2183.49 207.4 -98.4971 2285.23 0 0 0 239.21 -341.64 2183.55 0 0 0 -40.0849 -228.709 2244.94 -9.97847 -599.24 2138.81 0 0 0 58.9292 -916.467 2452.08 135.829 -215.791 2236.41 126.195 -593.867 2271.1 0 0 0 84.2792 -911.277 2450.51
13681393 19.6468 358.05 2248.64 23.8358 124.827 2224.06 34.3628 -48.6252 2247.13 0 0 0 0 0 0 -116.825 117.48 2233 -154.443 -154.706 2301.32 0 0 0 -142.114 -377.124 2364.55 0 0 0 0 0 0 164.497 132.174 2215.11 210.384 -98.7153 2298.04 0 0 0 279.075 -332.537 2330.42 0 0 0 -40.0142 -226.512 2275.61 -3.66355 -591.19 2136.64 0 0 0 47.3961 -883.508 2446.04 129.794 -217.642 2264.81 129.607 -602.859 2294.19 0 0 0 83.3109 -914.188 2466.69
13729315 28.723 362.01 2287.67 26.9591 123.83 2248.35 33.9851 -50.8123 2268.07 0 0 0 0 0 0 -114.826 119.636 2261.72 -152.605 -147.824 2326.63 0 0 0 -141.537 -372.563 2360.03 0 0 0 0 0 0 168.744 128.024 2234.98 220.828 -100.727 2320.48 0 0 0 293.71 -337.5 2337.01 0 0 0 -38.1835 -227.797 2295.26 9.03127 -588.272 2151.83 0 0 0 86.3193 -887.69 2471.63 120.205 -223.112 2280.33 131.438 -616.337 2314.09 0 0 0 74.035 -907.457 2488.9
13762608 28.8078 365.335 2306.63 35.4163 125.723 2276.87 40.079 -52.6949 2292.25 0 0 0 0 0 0 -106.419 122.539 2282.93 -130.274 -121.611 2352.33 0 0 0 -137.033 -372.394 2348.4 0 0 0 0 0 0 177.251 128.908 2270.82 233.717 -101.19 2346.73 0 0 0 309.844 -336.53 2343.11 0 0 0 -36.3055 -232.933 2311.08 3.64265 -609.299 2177.18 0 0 0 97.59 -889.101 2482.93 125.789 -229.293 2304.16 132.449 -619.682 2321.22 0 0 0 77.1663 -904.688 2479.58
13829194 28.7585 368.394 2326.13 40.3621 127.069 2298.09 43.2064 -53.1865 2311.17 0 0 0 0 0 0 -100.228 125.354 2305.04 -126.727 -107.99 2365.96 0 0 0 -137.883 -360.5 2332.55 0 0 0 0 0 0 180.953 128.783 2291.14 245.23 -101.403 2364.55 0 0 0 323.172 -330.373 2333.86 0 0 0 -33.422 -234.411 2328.18 10.0065 -614.148 2202.81 0 0 0 106.502 -933.219 2479.02 125.523 -232.473 2320.32 139.892 -635.026 2359.77 0 0 0 82.9476 -925.549 2533.2
13862487 33.0687 366.269 2352.25 41.662 129.481 2321.15 45.2596 -51.5903 2330.28 0 0 0 0 0 0 -97.4011 127.148 2329.68 -125.203 -102.974 2377.27 0 0 0 -135.529 -362.021 2315.44 0 0 0 0 0 0 180.725 131.814 2312.62 250.181 -97.9575 2370.12 0 0 0 325.921 -322.296 2322.51 0 0 0 -29.8139 -233.982 2344.23 10.8731 -614.256 2215.19 0 0 0 90.7088 -953.168 2495.17 127.528 -231.342 2334.58 140.224 -641.016 2380.04 0 0 0 88.3649 -961.87 2549.81
13929073 41.0632 368.164 2377.32 45.2001 141.184 2349.02 49.5129 -39.6173 2354.31 0 0 0 0 0 0 -92.1684 138.433 2366.98 -125.613 -108.846 2380.24 0 0 0 -128.603 -356.723 2283.58 0 0 0 0 0 0 182.569 143.936 2331.06 257.341 -85.8318 2385.8 0 0 0 322.508 -308.917 2321.87 0 0 0 -24.5951 -221.989 2369.85 11.8764 -619.206 2252.55 0 0 0 80.3924 -936.558 2519.81 132.246 -218.848 2349.35 135.844 -635.94 2381.96 0 0 0 85.8796 -957.025 2558.52
13962366 41.8084 369.426 2412.55 48.5708 147.573 2366.79 52.752 -36.2882 2372.55 0 0 0 0 0 0 -86.5103 145.294 2392.12 -126.692 -94.8154 2417.88 0 0 0 -134.675 -328.656 2287.26 0 0 0 0 0 0 183.652 149.852 2341.47 260.202 -83.288 2387.19 0 0 0 315.454 -310.159 2318.8 0 0 0 -18.5544 -221.423 2392.46 9.63904 -618.865 2267.14 0 0 0 10.7632 -1020.38 2322.92 132.421 -218.876 2364.16 129.248 -635.629 2392.11 0 0 0 79.8668 -964.574 2580.65
14015085 43.2415 373.898 2435.79 49.7388 154.728 2390.39 54.0477 -26.6297 2391.35 0 0 0 0 0 0 -86.5676 151.678 2425.84 -129.173 -87.1342 2436.62 0 0 0 -123.831 -317.384 2281.25 0 0 0 0 0 0 186.045 157.778 2354.94 262.565 -75.7925 2392.94 0 0 0 293.035 -300.097 2317.19 0 0 0 -16.6184 -209.665 2411.82 1.92692 -614.173 2301.9 0 0 0 7.40088 -1023.4 2326.29 133.332 -206.31 2372.82 127.348 -613.422 2401.36 0 0 0 82.1499 -958.011 2579.71
14062245 48.8896 381.104 2456.17 52.069 153.151 2407.85 55.5757 -26.9367 2403.23 0 0 0 0 0 0 -85.5889 149.549 2443.74 -136.1 -101.066 2445.97 0 0 0 -123.187 -312.338 2282.66 0 0 0 0 0 0 189.727 156.752 2371.96 262.525 -80.2726 2398.54 0 0 0 277.607 -307.376 2319.95 0 0 0 -15.0292 -208.963 2417.93 -1.96364 -607.084 2323.59 0 0 0 5.69814 -1018.54 2332.38 133.194 -205.085 2379.29 126.913 -607.404 2407.58 0 0 0 83.7471 -959.04 2577.55
14115193 56.6725 387.016 2473.59 53.3885 149.358 2423.16 54.7578 -28.2857 2417.48 0 0 0 0 0 0 -84.8978 147.326 2453.36 -135.329 -97.5898 2451.86 0 0 0 -112.7 -316.342 2304.49 0 0 0 0 0 0 191.675 151.389 2392.95 261.756 -83.775 2404.14 0 0 0 252.509 -301.439 2320.17 0 0 0 -18.3334 -207.023 2428.06 -8.50591 -603.253 2346.33 0 0 0 -23.3267 -958.377 2457.2 130.587 -204.836 2395.54 127.894 -601.015 2417.6 0 0 0 91.4258 -947.439 2569.24
14162124 60.7686 390.775 2483.97 55.1552 160.592 2440.22 56.5398 -18.1482 2434.89 0 0 0 0 0 0 -82.5243 158.72 2467.23 -130.39 -81.0306 2460.99 0 0 0 -111.628 -301.159 2336.26 0 0 0 0 0 0 192.835 162.465 2413.21 256.711 -82.7812 2420.68 0 0 0 236.444 -305.879 2323.02 0 0 0 -16.6259 -197.902 2444.18 -14.6243 -599.767 2358.71 0 0 0 -22.0307 -953.057 2474.96 132.475 -195.875 2414.93 127.986 -592.817 2431.44 0 0 0 91.3191 -944.206 2577.02
