4543296 37.3112 408.051 2474.21 37.2033 172.488 2503.8 37.9945 -22.6731 2513.53 0 0 0 0 0 0 -104.321 173.474 2535.07 -155.688 -57.1814 2599.61 0 0 0 -190.607 -293.882 2481.03 0 0 0 0 0 0 178.728 171.502 2472.52 241.67 -59.5961 2544.8 0 0 0 278.126 -281.339 2456.63 0 0 0 -44.9193 -217.251 2541.76 -35.1537 -618.015 2540.67 0 0 0 -15.5437 -999.377 2623.9 122.491 -218.418 2504.77 113.765 -621.508 2519.09 0 0 0 95.7661 -997.313 2592.44
4576589 36.1623 407.344 2473.37 35.2164 173.121 2504.41 36.9875 -21.5914 2513.52 0 0 0 0 0 0 -106.731 173.297 2535.78 -155.095 -57.0843 2599.78 0 0 0 -190.929 -293.781 2475.85 0 0 0 0 0 0 177.164 172.945 2473.04 242.493 -58.1487 2545.48 0 0 0 276.764 -275.484 2462.77 0 0 0 -44.9147 -216.2 2541.12 -35.8046 -618.19 2541.9 0 0 0 -14.6378 -996.255 2625.06 122.432 -216.408 2504.14 113.519 -620.297 2518.97 0 0 0 95.296 -994.744 2589.06
4643175 35.5412 407.027 2473.35 34.4413 173.452 2504.34 36.6832 -21.1772 2513.32 0 0 0 0 0 0 -107.077 173.269 2535.72 -154.867 -57.3437 2598.58 0 0 0 -192.107 -294.862 2474.1 0 0 0 0 0 0 175.96 173.636 2472.97 245.505 -55.2162 2546.31 0 0 0 283.905 -277.046 2459.2 0 0 0 -44.2346 -215.915 2540.73 -34.6238 -618.213 2542.46 0 0 0 -14.2988 -996.104 2626.11 122.085 -215.699 2503.86 113.366 -618.944 2519.21 0 0 0 95.9647 -987.115 2572.14
4676468 35.0562 406.489 2473.8 33.6325 173.241 2503.93 35.4673 -22.5273 2512.95 0 0 0 0 0 0 -107.732 173.351 2535.07 -155.289 -57.0085 2598.44 0 0 0 -191.605 -295.221 2468.97 0 0 0 0 0 0 174.997 173.131 2472.79 244.355 -56.8108 2546.36 0 0 0 286.771 -270.641 2454.58 0 0 0 -44.3834 -218.232 2539.97 -33.5084 -619.229 2542.43 0 0 0 -2.63732 -956.028 2639.37 118.988 -218.359 2503.98 112.433 -617.899 2521.04 0 0 0 93.6946 -984.076 2569.18
4743054 34.4748 405.618 2473.75 32.9781 172.595 2504.09 33.9498 -23.1287 2511.86 0 0 0 0 0 0 -108.453 173.178 2536.48 -155.446 -56.222 2598.85 0 0 0 -191.094 -294.135 2470.34 0 0 0 0 0 0 174.409 172.012 2471.71 244.275 -57.5668 2544.9 0 0 0 284.14 -274.192 2459.43 0 0 0 -45.0234 -218.523 2537.93 -32.7335 -620.318 2541.06 0 0 0 -6.49023 -973.55 2636.23 114.866 -219.182 2501.32 112.753 -616.99 2522.97 0 0 0 92.8655 -982.892 2570.06
4776347 33.6375 404.871 2473.05 31.7231 170.878 2505.18 33.1611 -24.2851 2512.67 0 0 0 0 0 0 -109.616 171.079 2537.58 -156.114 -57.4285 2598.55 0 0 0 -191.452 -297.411 2471.18 0 0 0 0 0 0 173.063 170.678 2472.79 243.551 -59.272 2545.87 0 0 0 277.116 -271.806 2459.21 0 0 0 -45.6892 -219.335 2538.55 -33.6414 -620.414 2540.8 0 0 0 -20.9059 -967.371 2618.06 114.887 -219.563 2501.75 112.222 -616.026 2523.49 0 0 0 91.5076 -981.512 2572.15
4809640 32.8258 404.009 2472.74 31.2981 169.893 2505.5 32.8248 -25.4796 2513.18 0 0 0 0 0 0 -110.103 170.052 2537.67 -156.225 -58.4014 2597.94 0 0 0 -193.366 -299.656 2468.75 0 0 0 0 0 0 172.699 169.734 2473.33 242.225 -61.8107 2545.54 0 0 0 273.889 -275.177 2457.78 0 0 0 -45.4525 -220.763 2539.01 -34.7914 -621.358 2540.21 0 0 0 -16.2359 -979.068 2625.98 114.155 -220.942 2502.7 110.5 -615.903 2524.07 0 0 0 81.3361 -991.584 2595.65
4876226 32.2296 403.55 2472.6 31.1911 170.065 2505.66 32.6478 -25.0883 2513.58 0 0 0 0 0 0 -110.311 170.298 2537.44 -156.743 -58.7391 2596.66 0 0 0 -193.299 -299.161 2465.45 0 0 0 0 0 0 172.693 169.832 2473.88 240.68 -62.7447 2545.35 0 0 0 270.824 -262.64 2446.61 0 0 0 -45.5488 -220.11 2539.39 -35.3556 -621.368 2539.77 0 0 0 -15.4341 -980.608 2627.63 113.758 -220.373 2503.61 109.065 -617.775 2523.57 0 0 0 80.0682 -999.524 2601.51
4942812 31.4772 402.621 2472.42 30.7278 169.793 2505.51 32.2772 -25.1885 2513.63 0 0 0 0 0 0 -110.903 169.967 2536.7 -157.111 -59.0468 2595.03 0 0 0 -192.056 -298.206 2468.3 0 0 0 0 0 0 172.358 169.62 2474.33 240.129 -62.3024 2544.84 0 0 0 273.808 -273.944 2454.7 0 0 0 -45.6198 -220.073 2539.24 -35.8719 -620.588 2538.01 0 0 0 -13.6867 -985.805 2629.21 113.273 -220.268 2504.26 108.287 -618.889 2522.28 0 0 0 78.1125 -999.043 2606.61
4976105 30.2032 401.874 2471.79 29.8285 168.916 2505.9 31.5327 -25.6597 2513.57 0 0 0 0 0 0 -111.885 168.878 2536.37 -158.523 -60.7475 2593.81 0 0 0 -190.506 -297.338 2469.33 0 0 0 0 0 0 171.542 168.954 2475.42 238.166 -63.9613 2544.47 0 0 0 273.027 -259.073 2464.14 0 0 0 -45.75 -220.257 2538.24 -35.1015 -621.423 2535.4 0 0 0 -12.3987 -991.708 2627.86 112.224 -220.214 2504.27 108.696 -619.533 2520.7 0 0 0 82.9376 -993.732 2597.49
5009398 29.3215 401.794 2470.99 29.5237 168.66 2506.05 30.7534 -25.8579 2512.72 0 0 0 0 0 0 -112.21 168.774 2535.53 -159.113 -60.3169 2592.63 0 0 0 -190.131 -299.114 2467.58 0 0 0 0 0 0 171.257 168.546 2476.58 237.533 -64.477 2543.23 0 0 0 269.922 -267.657 2454.22 0 0 0 -46.2479 -220.313 2535.65 -35.3934 -625.305 2532.38 0 0 0 -7.28004 -1005.7 2629.24 110.214 -220.439 2503.11 108.954 -620.438 2519.4 0 0 0 98.063 -978.74 2586.5
5075984 28.0525 402.351 2470.62 29.3288 168.387 2505.75 30.2571 -27.1379 2512.23 0 0 0 0 0 0 -112.359 168.638 2533.61 -159.479 -60.5261 2591.02 0 0 0 -189.445 -294.969 2468.1 0 0 0 0 0 0 171.017 168.137 2477.88 236.316 -65.6304 2543.91 0 0 0 269.681 -276.958 2464.98 0 0 0 -47.6873 -222.524 2534.22 -44.2471 -651.867 2555.15 0 0 0 11.5673 -1037.54 2631.81 110.058 -222.803 2503.19 109.235 -623.36 2518.46 0 0 0 90.6044 -988.188 2594.33
5109277 27.9959 402.463 2470.58 29.0261 167.44 2505.45 29.7957 -28.3578 2512.41 0 0 0 0 0 0 -112.695 167.855 2532.81 -159.128 -61.6494 2590.66 0 0 0 -190.641 -298.066 2470.19 0 0 0 0 0 0 170.747 167.025 2478.1 235.366 -67.6184 2544.41 0 0 0 264.164 -283.864 2454.68 0 0 0 -48.4272 -223.924 2534.62 -40.618 -658.246 2548.95 0 0 0 11.6181 -1037.17 2630.69 109.558 -224.387 2504.12 109.053 -624.421 2518.27 0 0 0 88.5803 -992.306 2594.9
5175863 27.5113 402.328 2470.43 28.3879 166.551 2504.95 29.1769 -29.1158 2512.12 0 0 0 0 0 0 -113.169 166.953 2531.51 -158.909 -62.5561 2590.23 0 0 0 -187.731 -309.423 2468.58 0 0 0 0 0 0 169.945 166.149 2478.39 235.407 -68.5632 2544.26 0 0 0 269.517 -270.445 2455.92 0 0 0 -48.8567 -224.558 2534.08 -37.5688 -647.157 2541.39 0 0 0 10.9025 -1037.74 2629.01 108.789 -225.006 2504.5 108.045 -624.571 2517.76 0 0 0 88.2118 -997.571 2597.03
5209156 26.3232 402.142 2469.69 27.4992 166.456 2504.34 28.6123 -29.028 2511.39 0 0 0 0 0 0 -113.843 166.564 2529.64 -158.818 -62.3512 2588.94 0 0 0 -190.995 -303.071 2471.92 0 0 0 0 0 0 168.841 166.348 2479.04 235.83 -68.1892 2545.37 0 0 0 268.324 -268.069 2455.39 0 0 0 -48.9694 -224.452 2532.53 -35.411 -637.471 2540.25 0 0 0 10.3506 -1037.61 2628.31 108.42 -224.572 2504.36 107.464 -625.119 2517.48 0 0 0 89.3948 -997.058 2593.53
5275742 25.2744 402.231 2470.01 26.2687 165.94 2504.4 27.7513 -29.5913 2510.82 0 0 0 0 0 0 -114.858 165.677 2528.97 -158.881 -63.1431 2587.93 0 0 0 -188.617 -294.837 2468.67 0 0 0 0 0 0 167.395 166.203 2479.83 235.15 -68.5905 2546.08 0 0 0 270.242 -272.258 2455.81 0 0 0 -49.1013 -225.268 2530.88 -33.7909 -632.907 2540.67 0 0 0 7.5259 -1035.27 2621.28 107.569 -224.976 2503.61 107.163 -625.617 2516.4 0 0 0 89.9933 -997.769 2593.11
5309035 24.5209 402.158 2470.71 25.5615 165.93 2504.87 27.5738 -29.4864 2511.15 0 0 0 0 0 0 -115.537 165.257 2529.16 -159.724 -67.1464 2586.56 0 0 0 -191.329 -299.214 2464.01 0 0 0 0 0 0 166.66 166.603 2480.58 234.691 -68.5056 2544.5 0 0 0 271.826 -264.499 2452.07 0 0 0 -49.3295 -225.279 2531.01 -33.5433 -631.582 2539.52 0 0 0 4.29782 -1032.01 2620.24 108.502 -224.527 2503.84 107.455 -625.166 2517.09 0 0 0 93.9124 -998.403 2590.06
5375621 23.343 402.568 2470.81 25.0273 166.023 2504.77 26.708 -29.4063 2509.7 0 0 0 0 0 0 -115.728 165.382 2527.33 -160.681 -66.5163 2585.18 0 0 0 -191.454 -304.044 2460.7 0 0 0 0 0 0 165.783 166.664 2482.21 234.617 -68.7961 2544.85 0 0 0 266.855 -277.333 2457.61 0 0 0 -50.8134 -225.197 2527.33 -33.5194 -624.49 2536.3 0 0 0 3.36172 -1027.58 2624.14 107.591 -224.475 2501.94 107.463 -625.706 2515.62 0 0 0 92.2624 -1000.57 2590.02
5408914 22.2189 402.569 2471.36 24.592 166.021 2504.59 26.3146 -28.8925 2509.31 0 0 0 0 0 0 -115.787 165.324 2527.01 -161.883 -67.0214 2583.16 0 0 0 -187.755 -303.284 2464.3 0 0 0 0 0 0 164.971 166.719 2482.17 234.177 -68.8242 2544.83 0 0 0 263.864 -278.008 2465.47 0 0 0 -50.7431 -224.198 2526.61 -34.3334 -627.116 2535.67 0 0 0 2.0379 -1020.3 2623.71 106.817 -223.415 2501.45 107.72 -624.873 2515.88 0 0 0 91.0308 -1004.82 2588.72
5475500 19.5671 403.85 2471.53 23.7788 166.549 2503.35 25.7238 -28.1618 2508.65 0 0 0 0 0 0 -116.51 165.77 2526.18 -162.325 -66.7269 2582.83 0 0 0 -187.689 -310.15 2468.18 0 0 0 0 0 0 164.067 167.329 2480.51 233.272 -68.0556 2544.48 0 0 0 268.201 -278.282 2472.78 0 0 0 -50.9733 -223.31 2526.75 -34.913 -621.221 2532.79 0 0 0 -5.0605 -996.157 2629.43 106.311 -222.436 2501.15 107.466 -623.223 2516.02 0 0 0 89.1783 -1004.48 2590.67
5508793 19.0352 403.809 2472.5 22.9974 166.652 2502.61 25.1499 -27.9639 2507.49 0 0 0 0 0 0 -117.302 165.661 2525.02 -164.537 -66.1563 2581.3 0 0 0 -197.187 -304.738 2477.71 0 0 0 0 0 0 163.296 167.643 2480.21 232.988 -67.8488 2544.21 0 0 0 273.037 -275.281 2476.67 0 0 0 -51.787 -223.138 2524.99 -37.9426 -616.67 2527.5 0 0 0 -4.84717 -982.62 2623.28 106.392 -222.021 2499.72 107.12 -617.414 2512.66 0 0 0 96.2795 -978.808 2580.79
5575379 18.4416 404.087 2473.1 22.3434 166.299 2501.67 24.6552 -27.9433 2506.21 0 0 0 0 0 0 -118.089 165.145 2523.77 -165.304 -65.7738 2581.49 0 0 0 -200.099 -308.113 2494.82 0 0 0 0 0 0 162.776 167.453 2479.56 233.276 -67.0801 2545.92 0 0 0 277.759 -276.928 2501.36 0 0 0 -52.2348 -222.837 2523.23 -36.3583 -621.376 2531.54 0 0 0 -5.00532 -974.173 2618.38 106.169 -221.535 2498.29 104.725 -601.851 2494.3 0 0 0 104.439 -965.727 2584.94
5608672 17.7449 403.307 2473.04 21.6328 166.416 2501.38 24.1649 -27.5817 2505.55 0 0 0 0 0 0 -119.099 165.04 2522.84 -169.318 -65.6721 2581.23 0 0 0 -201.514 -305.786 2491.45 0 0 0 0 0 0 162.364 167.792 2479.93 231.558 -63.9283 2552.64 0 0 0 283.063 -260.32 2528.46 0 0 0 -52.869 -222.358 2521.85 -35.0359 -620.165 2529.78 0 0 0 -2.7975 -981.191 2619.43 106.263 -220.802 2497.59 105.336 -596.478 2486.18 0 0 0 102.555 -977.862 2611.28
5675258 17.8163 402.584 2472.08 19.496 166.368 2500.06 22.7078 -27.1373 2504.94 0 0 0 0 0 0 -120.729 164.622 2523.1 -171.302 -66.2428 2581.39 0 0 0 -204.497 -304.972 2512.3 0 0 0 0 0 0 159.721 168.115 2477.02 232.458 -62.8917 2554 0 0 0 284.466 -261.503 2549.54 0 0 0 -53.6331 -221.634 2522.9 -35.7976 -616.501 2523.39 0 0 0 -1.77905 -977.668 2616.44 105.472 -219.652 2496.75 106.025 -593.09 2483.84 0 0 0 102.261 -970.345 2604.7
5708551 17.9773 402.905 2471 17.7371 166.876 2498.33 20.856 -25.5122 2502.91 0 0 0 0 0 0 -122.002 165.156 2521.22 -172.12 -64.9424 2580.24 0 0 0 -217.222 -309.091 2526.87 0 0 0 0 0 0 157.476 168.596 2475.44 233.471 -57.275 2558.42 0 0 0 288.834 -259.764 2565.2 0 0 0 -55.8755 -218.883 2520.58 -36.0982 -613.255 2516.64 0 0 0 -0.854626 -976.534 2609.34 103.825 -216.918 2494.42 105.476 -589.974 2480.19 0 0 0 99.9598 -965.962 2596.08
5775137 16.9729 402.862 2469.14 16.4778 167.334 2496.9 19.407 -24.1727 2501.34 0 0 0 0 0 0 -123.705 165.714 2519.46 -177.43 -58.7224 2582.22 0 0 0 -215.366 -306.735 2548.13 0 0 0 0 0 0 156.66 168.954 2474.33 233.475 -55.943 2559.16 0 0 0 289.301 -263.256 2581.99 0 0 0 -58.8324 -216.618 2518.86 -33.4397 -610.276 2508.68 0 0 0 -1.07137 -976.018 2610.02 103.505 -214.742 2492.73 104.181 -593.719 2485.46 0 0 0 98.1926 -962.572 2586.37
5808430 15.4071 403.216 2467.49 14.7257 167.023 2494.9 18.2547 -24.837 2500.4 0 0 0 0 0 0 -125.736 165.118 2518.6 -181.322 -58.9083 2585.62 0 0 0 -217.61 -302.191 2547.19 0 0 0 0 0 0 155.187 168.928 2471.21 233.195 -52.5167 2562.13 0 0 0 281.517 -270.712 2574.78 0 0 0 -59.0761 -217.794 2519.54 -31.225 -608.91 2503.1 0 0 0 0.677914 -971.998 2604.41 102.644 -215.601 2492.26 103.013 -600.274 2490.89 0 0 0 95.707 -967.08 2583.68
5875016 14.6382 403.512 2465.59 11.6582 166.917 2492.68 16.2156 -25.667 2498.87 0 0 0 0 0 0 -129.789 164.417 2519.05 -183.818 -63.0394 2587.85 0 0 0 -222.066 -314.099 2540.41 0 0 0 0 0 0 153.105 169.417 2466.31 232.012 -53.9926 2559.94 0 0 0 280.573 -270.174 2562.14 0 0 0 -59.8622 -219.676 2520.09 -31.1694 -611.496 2507.9 0 0 0 1.52189 -972.413 2601.25 101.408 -216.826 2490.02 95.4175 -608.147 2490.39 0 0 0 91.5085 -983.988 2578.79
5908309 13.3583 404.046 2464.33 10.6168 166.157 2492.08 13.253 -27.012 2498.21 0 0 0 0 0 0 -130.697 165.09 2519.21 -184.497 -65.062 2589.3 0 0 0 -216.045 -312.683 2526.37 0 0 0 0 0 0 151.931 167.224 2464.94 230.508 -57.1754 2558.1 0 0 0 272.38 -278.182 2550.37 0 0 0 -67.1945 -220.808 2520.3 -32.1154 -611.952 2507.85 0 0 0 0.607403 -973.435 2602.47 98.9732 -219.554 2488.39 90.7854 -619.318 2489.85 0 0 0 85.668 -1026.77 2570.09
5974895 11.4778 404.6 2463.21 5.77352 161.467 2490.06 10.1397 -30.2513 2496.87 0 0 0 0 0 0 -139.852 159.013 2514.36 -187.656 -81.1776 2581.08 0 0 0 -214.424 -313.329 2493.45 0 0 0 0 0 0 151.4 163.921 2465.77 219.101 -66.4581 2553.97 0 0 0 255.388 -285.45 2495.81 0 0 0 -69.682 -223.388 2517.73 -33.3801 -612.611 2506.31 0 0 0 -0.596947 -973.789 2598.77 98.6935 -220.551 2489.63 93.7491 -613.128 2488.57 0 0 0 75.4412 -1030.95 2584.67
6008188 9.75937 404.782 2462.53 3.98625 161.698 2487.03 8.64604 -30.4387 2494.32 0 0 0 0 0 0 -141.358 159.053 2510.23 -191.139 -85.8539 2568.94 0 0 0 -211.654 -322.031 2479.22 0 0 0 0 0 0 149.33 164.343 2463.84 213.637 -68.7569 2547.09 0 0 0 245.933 -294.465 2465.68 0 0 0 -70.1369 -224.094 2514.93 -34.9363 -614.095 2504.09 0 0 0 -1.76974 -974.084 2597.44 96.7486 -221.057 2488.3 96.0274 -612.086 2492.47 0 0 0 77.5157 -1030.43 2580.52
6074774 8.92294 404.316 2461.49 2.31137 161.608 2483.17 9.87177 -27.4139 2488.65 0 0 0 0 0 0 -142.957 156.352 2502.27 -191.968 -90.4235 2556.56 0 0 0 -212.539 -313.187 2411.56 0 0 0 0 0 0 147.58 166.865 2464.07 206.615 -77.8908 2514.49 0 0 0 238.109 -275.092 2399.02 0 0 0 -61.0084 -219.274 2504.44 -35.5885 -621.135 2506.95 0 0 0 -2.00685 -982.413 2601.24 95.8727 -213.598 2483.82 94.2073 -604 2484.99 0 0 0 77.7988 -1020.02 2571.17
6108067 7.23078 404.648 2460.86 -0.104545 164.147 2474.74 6.67981 -27.9512 2484.55 0 0 0 0 0 0 -145.479 159.941 2492.92 -190.351 -91.1355 2545.23 0 0 0 -213.936 -315.813 2390.74 0 0 0 0 0 0 145.27 168.354 2456.57 204.871 -80.7271 2487.78 0 0 0 230.263 -271.555 2357.56 0 0 0 -65.1238 -222.323 2504.18 -36.8958 -620.247 2502.02 0 0 0 -4.06005 -986.709 2595.52 92.0521 -217.775 2484.53 90.6352 -615.882 2486.88 0 0 0 77.0538 -1020.84 2571.27
6174653 4.63977 403.507 2456.82 -0.405269 164.046 2475.43 4.71211 -29.3095 2483.35 0 0 0 0 0 0 -144.586 161.136 2497.56 -195.363 -100.721 2513.24 0 0 0 -200.495 -306.307 2327.03 0 0 0 0 0 0 143.775 166.955 2453.3 204.975 -77.3721 2464.54 0 0 0 225.564 -251.938 2276.61 0 0 0 -67.3773 -224.222 2503.13 -39.8837 -619.68 2496.41 0 0 0 -4.35763 -984.381 2593.91 87.0363 -221.107 2479.42 89.8498 -618.577 2489.01 0 0 0 80.3123 -1007.78 2567.29
6207946 4.89103 402.579 2457.61 -0.834728 163.446 2473.75 3.68348 -30.482 2481.93 0 0 0 0 0 0 -143.294 161.122 2497.34 -192.983 -97.8673 2506.62 0 0 0 -211.238 -288.245 2303.16 0 0 0 0 0 0 141.625 165.77 2450.16 209.173 -84.7539 2437.35 0 0 0 219.25 -238.583 2252.74 0 0 0 -68.8391 -225.667 2502.86 -46.2826 -622.401 2496.03 0 0 0 -4.95314 -984.276 2595.11 85.2424 -223.153 2477.35 88.9559 -619.636 2487.85 0 0 0 75.8652 -1005.07 2563.49
6274532 4.59969 402.216 2458.37 0.515735 164.98 2468.88 4.91603 -29.4901 2480.36 0 0 0 0 0 0 -140.241 162.948 2488.44 -188.202 -87.2274 2495.74 0 0 0 -205.606 -236.129 2267.22 0 0 0 0 0 0 141.273 167.011 2449.33 209.172 -84.9452 2421.11 0 0 0 215.971 -205.868 2191.76 0 0 0 -69.5122 -225.097 2502.78 -48.0786 -623.058 2497.46 0 0 0 -6.82026 -986.286 2596.03 88.1448 -222.822 2480.87 87.8494 -623.042 2479.48 0 0 0 72.706 -1006.87 2561.02
6307825 3.7475 401.666 2459.14 1.71308 165.457 2466.55 5.33491 -30.0552 2478.46 0 0 0 0 0 0 -137.292 163.993 2484.81 -190.28 -76.4367 2477.59 0 0 0 -195.19 -246.451 2221.87 0 0 0 0 0 0 140.719 166.92 2448.3 209.916 -87.2386 2415.26 0 0 0 214.192 -182.381 2178.46 0 0 0 -70.1749 -226.4 2500.76 -51.5882 -626.477 2498.18 0 0 0 -7.42342 -990.543 2597.04 88.0883 -224.734 2479.98 89.0148 -623.747 2479.18 0 0 0 72.9137 -1010.06 2565.6
6341118 3.68407 400.766 2459.45 0.900435 165.29 2464.08 4.79415 -30.3669 2476.83 0 0 0 0 0 0 -137.591 163.699 2481.96 -193.094 -73.1395 2467.66 0 0 0 -195.539 -222.162 2212.56 0 0 0 0 0 0 139.392 166.881 2446.2 210.573 -91.6897 2413.41 0 0 0 213.504 -163.496 2161.38 0 0 0 -71.664 -226.947 2499.95 -50.3328 -627.308 2499.4 0 0 0 -5.58746 -991.838 2597.75 89.0397 -225.101 2479.2 89.7066 -623.711 2477.04 0 0 0 64.2253 -1034.02 2568.7
6407704 4.20654 400.251 2459.86 1.36718 164.255 2463.17 5.52233 -31.2596 2476.2 0 0 0 0 0 0 -136.671 162.548 2481.58 -187.76 -63.1718 2437.73 0 0 0 -186.929 -197.894 2151.71 0 0 0 0 0 0 139.405 165.961 2444.75 212.393 -93.2804 2406.47 0 0 0 209.031 -128.926 2113.12 0 0 0 -71.3565 -227.776 2500.04 -53.3614 -630.099 2500.57 0 0 0 -4.40265 -994.207 2597.52 90.7115 -225.772 2478.42 87.2646 -649.788 2485.88 0 0 0 64.5593 -1036.45 2569.72
6440997 4.39348 399.339 2458.69 2.76481 164.262 2461.68 6.79478 -31.7176 2475.19 0 0 0 0 0 0 -134.473 162.69 2479.81 -191.211 -65.6441 2437.01 0 0 0 -186.725 -216.802 2223.42 0 0 0 0 0 0 140.003 165.834 2443.55 217.271 -81.4095 2387.51 0 0 0 210.57 -109.202 2094.22 0 0 0 -71.0465 -228.635 2499.52 -54.1231 -631.29 2501.08 0 0 0 -3.89277 -996.743 2598.81 92.696 -226.759 2477.88 90.6641 -643.879 2479.9 0 0 0 63.1694 -1030.75 2572.34
6507583 5.06314 399.287 2456.93 4.1624 164.721 2459.58 8.67367 -31.724 2474.83 0 0 0 0 0 0 -132.535 163.064 2478.67 -190.884 -65.8107 2442.12 0 0 0 -174.842 -186.839 2199.33 0 0 0 0 0 0 140.86 166.378 2440.49 214.501 -53.942 2353.83 0 0 0 196.226 -62.6557 2062.98 0 0 0 -67.4474 -229.146 2501.33 -54.5754 -634.995 2501.44 0 0 0 4.58917 -1003.4 2596.45 93.8173 -227.191 2478.81 93.8258 -638.815 2478.13 0 0 0 64.0041 -1024.77 2569.96
6540876 5.89785 398.67 2456.83 7.359 165.502 2459.22 12.2711 -32.691 2475.86 0 0 0 0 0 0 -128.018 163.684 2477.52 -189.554 -65.2623 2441.49 0 0 0 -166.644 -166.196 2183.42 0 0 0 0 0 0 142.736 167.319 2440.91 214.635 -41.369 2344.25 0 0 0 201.881 -48.1382 2057.56 0 0 0 -64.3426 -231.978 2503.53 -51.579 -667.314 2518.12 0 0 0 4.32204 -1006.28 2597.41 98.7088 -229.789 2481.49 95.8533 -636.751 2478.11 0 0 0 62.4815 -1026.79 2570.45
6607462 7.00668 397.913 2455.52 10.856 166.132 2455.42 17.3694 -34.6918 2478.83 0 0 0 0 0 0 -121.943 164.427 2477.74 -184.946 -62.4934 2440.34 0 0 0 -149.008 -115.447 2169.29 0 0 0 0 0 0 143.655 167.837 2433.1 216.44 -38.2377 2337.35 0 0 0 198.881 -27.4101 2050.01 0 0 0 -53.7127 -236.512 2515.29 -42.3684 -675.747 2519.38 0 0 0 -2.12699 -1052.12 2617.43 101.478 -234.519 2489.2 98.8239 -643.979 2484.04 0 0 0 65.0863 -1048.96 2552.56
6640755 20.1844 389.386 2441.85 20.5991 167.089 2451.76 24.3928 -34.8141 2480.1 0 0 0 0 0 0 -113.167 167.727 2474.21 -171.217 -48.3083 2411.98 0 0 0 -145.681 -81.4511 2134.14 0 0 0 0 0 0 154.365 166.45 2429.3 219.969 -42.7611 2328.15 0 0 0 199.993 0.714115 2034.82 0 0 0 -48.2487 -236.352 2521.27 -39.7834 -668.765 2509.44 0 0 0 1.30062 -1051.27 2612.4 104.621 -237.082 2495.61 101.114 -649.118 2490.68 0 0 0 65.2156 -1036.08 2563.27
6707341 29.768 382.652 2423.69 22.8001 167.986 2451.28 27.7466 -36.3819 2483.53 0 0 0 0 0 0 -113.508 168.72 2476.84 -171.78 -44.4825 2395.72 0 0 0 -153.547 -36.0675 2060.79 0 0 0 0 0 0 159.109 167.251 2425.72 228.557 -33.1701 2308.88 0 0 0 201.57 17.9312 2024.18 0 0 0 -41.6524 -240.349 2529.73 -37.0993 -664.767 2502.62 0 0 0 20.3459 -1050.83 2595.12 107.039 -241.15 2501.84 101.786 -652.475 2493.88 0 0 0 80.4151 -1030.23 2621.35
6740634 32.636 378.372 2416.83 26.6568 166.373 2449.61 29.7308 -34.4962 2489.41 0 0 0 0 0 0 -107.977 170.636 2481.53 -169.124 -38.2952 2390.72 0 0 0 -151.391 -2.25433 2054.01 0 0 0 0 0 0 161.291 162.11 2417.7 227.259 -38.9981 2305.23 0 0 0 195.137 46.3609 2018.22 0 0 0 -46.0514 -232.868 2547.9 -40.1075 -636.155 2479.74 0 0 0 -2.04969 -1030.94 2591.19 111.661 -237.862 2510.51 112.305 -629.382 2498.88 0 0 0 80.4634 -1008.7 2613.74
6773958 33.6389 373.378 2415.71 30.811 162.904 2445.62 33.8881 -32.2006 2491.77 0 0 0 0 0 0 -101.656 168.099 2476.42 -169.085 -35.0968 2386.98 0 0 0 -147.344 20.709 2055.09 0 0 0 0 0 0 163.279 157.709 2414.82 232.177 -38.6628 2300.77 0 0 0 199.092 50.9022 2025.3 0 0 0 -44.0255 -224.129 2556.74 -41.0243 -624.851 2478.63 0 0 0 16.765 -1019.73 2604.18 117.956 -230.481 2519.08 117.236 -605.325 2515.37 0 0 0 81.2854 -982.482 2601.31
6840696 36.2212 367.689 2417.01 34.9396 157.66 2443.67 36.9413 -34.6798 2494.25 0 0 0 0 0 0 -95.0873 164.953 2476.55 -168.314 -32.7322 2382.94 0 0 0 -133.29 48.3969 2058.16 0 0 0 0 0 0 164.966 150.367 2410.79 236.094 -41.0911 2298.61 0 0 0 193.906 70.2246 2029.29 0 0 0 -41.1926 -222.525 2565.09 -40.1559 -621.938 2482.27 0 0 0 10.2659 -1014.6 2598.02 119.079 -231.514 2524.56 115.249 -624.285 2510.97 0 0 0 109.368 -1018.27 2608.83
6874065 38.4199 363.145 2416.5 37.4805 152.384 2442.38 40.7185 -41.5532 2496.85 0 0 0 0 0 0 -93.491 157.95 2469.98 -168.465 -35.7956 2357.94 0 0 0 -133.263 53.0558 2055.22 0 0 0 0 0 0 168.452 146.819 2414.78 242.323 -36.881 2300.23 0 0 0 200.036 68.5449 2032.23 0 0 0 -33.948 -232.18 2567.74 -33.2545 -634.895 2490.29 0 0 0 30.488 -995.124 2598.73 121.861 -238.801 2534.9 114.903 -626.542 2507.94 0 0 0 98.1954 -1014.57 2605.26
6940804 43.7376 344.123 2409.58 37.9 148.742 2439.17 45.2867 -44.9285 2499.14 0 0 0 0 0 0 -91.7662 152.261 2466.5 -169.556 -39.7577 2356.19 0 0 0 -137.605 49.4968 2052.05 0 0 0 0 0 0 167.566 145.223 2411.83 248.176 -33.9321 2302.81 0 0 0 200.578 66.5511 2048.75 0 0 0 -24.8713 -236.494 2575.46 -16.5272 -634.13 2475.65 0 0 0 75.2733 -1040.43 2630.83 130.218 -240.703 2542.77 112.892 -626.661 2500.39 0 0 0 73.5504 -1022.07 2587.88
6974173 46.2698 336.167 2409.26 38.1234 148.927 2439.53 47.4871 -45.0046 2500.03 0 0 0 0 0 0 -91.0334 150.646 2465.03 -168.772 -40.4664 2356.56 0 0 0 -133.126 53.0731 2043.03 0 0 0 0 0 0 167.28 147.209 2414.03 248.167 -34.5346 2303.24 0 0 0 197.44 71.8411 2039.63 0 0 0 -22.3603 -237.882 2576.17 -19.3867 -638.256 2481.78 0 0 0 56.7852 -1033.27 2624.07 136.062 -239.991 2544.9 112.777 -625.885 2497.56 0 0 0 66.9105 -1024.88 2574.87
7040271 48.184 329.769 2404.97 39.0401 142.624 2437.61 47.0339 -49.7407 2497.33 0 0 0 0 0 0 -90.5238 145.072 2462.84 -165.56 -43.6488 2346.88 0 0 0 -129.632 49.8878 2042.82 0 0 0 0 0 0 168.604 140.176 2412.38 254.097 -35.9248 2297.57 0 0 0 196.765 75.1264 2036.87 0 0 0 -22.6441 -240.638 2572.17 -15.3532 -638.317 2468.59 0 0 0 46.7209 -1026.41 2615.2 132.7 -243.573 2541.92 115.33 -627.945 2495.52 0 0 0 64.9094 -1031.55 2568.03
7074281 49.1706 327.442 2402.32 41.5394 139.76 2436.29 48.0227 -51.115 2493.02 0 0 0 0 0 0 -88.329 142.289 2459.64 -157.427 -45.3921 2316.83 0 0 0 -123.328 39.222 2026.42 0 0 0 0 0 0 171.408 137.231 2412.94 254.376 -43.4191 2291.62 0 0 0 200.225 45.1707 2023.57 0 0 0 -19.1451 -240.556 2563 -14.3008 -633.869 2456.83 0 0 0 38.6213 -1016.51 2605.23 128.157 -243.424 2536.51 120.719 -633.293 2492.76 0 0 0 64.9189 -1011.31 2560.12
7107650 49.8196 327.61 2403.54 43.2693 137.203 2435.71 52.9541 -62.525 2483.33 0 0 0 0 0 0 -88.2539 134.806 2452.41 -155.705 -51.0735 2294.55 0 0 0 -124.773 24.3144 2016.62 0 0 0 0 0 0 174.793 139.6 2419.02 245.502 -55.4598 2294.16 0 0 0 205.435 22.1551 2020.63 0 0 0 -5.672 -263.498 2539.62 3.76401 -642.375 2454.28 0 0 0 36.4734 -1004.24 2603.83 130.95 -261.008 2522.28 94.3238 -651.317 2461.47 0 0 0 65.1205 -1028.32 2550.2
7174389 52.1643 322.522 2402.94 48.6006 124.056 2433.05 57.8867 -82.0469 2477.15 0 0 0 0 0 0 -85.7884 119.541 2440.25 -34.1332 -89.1961 2469.06 0 0 0 -67.78 -250.119 2775.32 0 0 0 0 0 0 182.99 128.571 2425.85 246.253 -60.3391 2302.1 0 0 0 225.439 -55.6957 2025.03 0 0 0 0.751766 -290.381 2524.81 38.3301 -719.047 2482.11 0 0 0 38.1465 -1119.96 2596.25 133.594 -285.918 2517.69 107.749 -695.47 2466.55 0 0 0 91.4882 -1049.25 2507.5
7241127 53.719 319.474 2400.78 52.0923 115.943 2431.74 62.1303 -93.1424 2468.86 0 0 0 0 0 0 -82.9655 112.061 2446.4 -88.1067 -100.786 2387.42 0 0 0 -63.0877 -238.92 2712.15 0 0 0 0 0 0 187.15 119.824 2417.08 256.918 -103.985 2306.38 0 0 0 252.967 -179.949 2053.9 0 0 0 5.66518 -304.138 2513.2 26.4743 -712.889 2465.59 0 0 0 37.4924 -1129.96 2588.88 138.671 -300.316 2498.77 106.674 -682.513 2452.34 0 0 0 91.7699 -1038.06 2509.76
7306615 56.1587 317.127 2397.81 59.3924 103.534 2428.53 66.3637 -100.579 2460.75 0 0 0 0 0 0 -75.2593 101.443 2444.42 -110.139 -111.533 2349.62 0 0 0 -120.862 -207.283 2065.29 0 0 0 0 0 0 194.044 105.625 2412.65 265.172 -124.532 2312 0 0 0 258.241 -245.512 2103.01 0 0 0 5.85562 -305.74 2500.94 15.0733 -702.229 2436.22 0 0 0 37.407 -1129.59 2587.14 140.814 -303.644 2485.01 102.04 -685.56 2440.76 0 0 0 88.89 -1037.23 2508.59
7341235 61.1213 310.14 2382.67 65.2813 96.5607 2421.38 69.4541 -103.892 2452.45 0 0 0 0 0 0 -68.7191 96.79 2440.86 -122.019 -123.719 2362.49 0 0 0 -126.654 -307.997 2175.04 0 0 0 0 0 0 199.282 96.3314 2401.91 276.168 -143.706 2330.79 0 0 0 281.407 -346.557 2246.31 0 0 0 3.42924 -304.225 2493.73 17.2919 -684.08 2397.97 0 0 0 36.8789 -1124.87 2577.53 143.825 -304.465 2473.32 102.686 -686.583 2433.93 0 0 0 89.1547 -1035.08 2507.86
7374604 62.6058 307.598 2373.11 72.0382 96.9566 2408.65 72.8206 -101.928 2436.89 0 0 0 0 0 0 -58.9903 97.6538 2417.19 -122.435 -134.448 2372.09 0 0 0 -125.217 -363.424 2234.24 0 0 0 0 0 0 203.067 96.2593 2400.11 278.011 -144.474 2363.54 0 0 0 288.573 -362.783 2325.76 0 0 0 1.16366 -300.426 2469.85 24.5953 -675.303 2382.24 0 0 0 37.5622 -1119.53 2567 146.043 -301.197 2460.41 128.684 -689.614 2445.53 0 0 0 90.0025 -1031.68 2501.06
7441343 62.1212 305.601 2357.93 75.0162 94.472 2399.94 75.0731 -98.5741 2429.11 0 0 0 0 0 0 -56.9057 95.2568 2405.39 -121.048 -135.594 2414.01 0 0 0 -134.398 -382.686 2377.32 0 0 0 0 0 0 206.938 93.6871 2394.49 284.785 -131.711 2412.73 0 0 0 323.296 -358.756 2473.04 0 0 0 0.24596 -291.175 2461.38 30.5831 -664.069 2360.08 0 0 0 38.206 -1108.42 2555.55 150.014 -292.066 2455.19 138.719 -687.234 2443.92 0 0 0 88.7371 -1034.9 2500.67
7474712 64.2513 308.225 2338.34 74.4985 88.2591 2389.8 75.7281 -97.6987 2426.53 0 0 0 0 0 0 -61.04 88.6482 2396.31 -126.472 -137.591 2439.72 0 0 0 -139.484 -375.629 2424.42 0 0 0 0 0 0 210.037 87.8701 2383.3 288.973 -131.42 2435.91 0 0 0 308.674 -338.297 2513.66 0 0 0 -0.572431 -283.434 2466.98 22.3892 -636.721 2322.12 0 0 0 64.794 -962.775 2468.87 154.488 -283.879 2459.54 141.61 -681.812 2433.09 0 0 0 81.3341 -1023.98 2517.73
7539666 66.4885 305.547 2320.77 72.5199 84.4285 2378.57 73.235 -99.3684 2420.49 0 0 0 0 0 0 -64.7032 87.0141 2392.24 -137.932 -136.678 2463.97 0 0 0 -131.462 -360.448 2453.55 0 0 0 0 0 0 209.743 81.843 2364.89 292.409 -126.892 2457.99 0 0 0 303.574 -328.232 2544.27 0 0 0 -2.81008 -281.719 2470.07 32.9579 -616.912 2319.71 0 0 0 100.12 -950.581 2488.21 150.71 -284.612 2454.77 121.071 -684.557 2405.7 0 0 0 76.0646 -1015.49 2549.19
7574820 71.9016 296.234 2307.73 72.5684 84.6704 2370.53 72.6684 -99.6746 2416.44 0 0 0 0 0 0 -65.0702 89.1932 2389 -145.696 -111.771 2489.2 0 0 0 -128.844 -323.273 2524.06 0 0 0 0 0 0 210.207 80.1475 2352.07 318.49 -45.1351 2521.75 0 0 0 304.325 -295.554 2600.62 0 0 0 -4.19802 -281.49 2472.67 37.497 -608.807 2319.84 0 0 0 98.4691 -959.031 2516.15 149.735 -286.549 2452.02 108.571 -681.651 2362.34 0 0 0 90.9493 -983.892 2518.6
7639545 63.545 286.487 2275.2 72.1479 82.7612 2358 70.954 -105.095 2405.08 0 0 0 0 0 0 -64.6515 91.7414 2390.36 -146.779 -89.7135 2507.15 0 0 0 -131.735 -289.023 2550.69 0 0 0 0 0 0 208.947 73.781 2325.63 320.07 -42.4705 2509.23 0 0 0 294.388 -274.507 2624.45 0 0 0 -6.02709 -287.976 2470.09 32.1794 -594.025 2287.53 0 0 0 96.8721 -965.078 2522.1 145.547 -297.926 2434.23 109.1 -669.663 2367.2 0 0 0 89.152 -965.205 2530.24
7674927 65.942 283.974 2257.15 70.2532 84.0869 2340.2 66.0961 -105.582 2391.63 0 0 0 0 0 0 -59.7824 98.6219 2383.3 -162.247 -47.9426 2532.69 0 0 0 -134.197 -236.431 2564.39 0 0 0 0 0 0 200.289 69.552 2297.11 326.507 -33.6663 2469.34 0 0 0 280.687 -224.106 2592.14 0 0 0 -8.18411 -287.413 2466.29 27.9431 -574.189 2259.6 0 0 0 71.7223 -921.672 2511.04 132.062 -303.089 2419.81 113.868 -666.458 2364.48 0 0 0 93.6634 -943.02 2552.49
7739424 66.7144 280.76 2245.11 70.295 82.8538 2330.8 64.8937 -105.932 2384.24 0 0 0 0 0 0 -57.8256 99.7965 2377.71 -172.488 -26.2356 2538.29 0 0 0 -132.71 -209.551 2558.19 0 0 0 0 0 0 198.416 65.9111 2283.9 329.253 -24.3298 2460.16 0 0 0 288.887 -191.916 2569.47 0 0 0 -10.5446 -285.457 2463.32 24.6099 -569.468 2237.06 0 0 0 59.0847 -908.78 2480.07 129.529 -303.98 2412.03 113.31 -662.738 2359.28 0 0 0 92.1701 -932.9 2555.58
7775035 67.5128 272.438 2222.53 65.8565 77.8611 2309.28 64.1435 -113.223 2368.88 0 0 0 0 0 0 -64.5187 94.0541 2357.45 -181.623 -14.2498 2541.67 0 0 0 -144.555 -172.256 2544.47 0 0 0 0 0 0 196.232 61.668 2261.11 339.108 -6.79589 2430.74 0 0 0 308.459 -169.843 2521.86 0 0 0 -16.7098 -294.477 2457.71 14.005 -582.712 2211.48 0 0 0 3.25967 -859.973 2172.67 141.571 -314.136 2399.23 119.149 -652.944 2361.17 0 0 0 93.3305 -953.948 2465.14
7808404 66.1575 262.91 2199.91 61.486 73.0125 2289.86 55.5713 -111.033 2349.76 0 0 0 0 0 0 -71.0654 93.4631 2339.62 -187.255 -10.5996 2535.97 0 0 0 -147.269 -152.138 2503.77 0 0 0 0 0 0 194.037 52.5619 2240.11 341.705 -1.82178 2420.66 0 0 0 283.178 -186.128 2492.5 0 0 0 -30.3379 -282.737 2439.68 9.94463 -573.874 2189.35 0 0 0 1.44031 -866.22 2165.35 129.651 -307.42 2379.62 120.613 -660.68 2360.63 0 0 0 96.963 -953.716 2469.89
7872596 60.7522 245.077 2151.37 57.564 66.7547 2269 54.4044 -117.927 2329.14 0 0 0 0 0 0 -77.7691 82.4685 2310.15 -212.378 -5.91149 2489 0 0 0 -145.324 -161.646 2481.9 0 0 0 0 0 0 192.897 51.041 2227.85 344.562 3.44702 2421.83 0 0 0 276.543 -192.097 2472.99 0 0 0 -22.7699 -294.015 2411.77 6.3029 -590.387 2168.81 0 0 0 9.46564 -873.926 2168.65 125.259 -311.203 2366.77 118.18 -682.018 2338.18 0 0 0 93.6652 -915.42 2470.56
7908512 55.5171 234.904 2123.79 58.7761 52.2594 2236.71 55.6093 -128.215 2311.21 0 0 0 0 0 0 -76.9618 64.3228 2260.16 -219.399 0.317841 2442.59 0 0 0 -151.591 -169.296 2440 0 0 0 0 0 0 194.514 40.196 2213.26 347.818 -21.0302 2399.94 0 0 0 256.735 -219.183 2439.98 0 0 0 -18.3149 -302.402 2397.95 11.8363 -584.609 2135.32 0 0 0 10.6444 -874.981 2156.27 123.2 -314.979 2373.5 120.911 -697.871 2317.43 0 0 0 88.3431 -925.192 2484.14
7972475 50.4734 223.714 2097.41 55.6409 39.2319 2205.37 55.3743 -139.39 2290.84 0 0 0 0 0 0 -81.6001 50.8679 2229.25 -226.54 -3.05304 2408.93 0 0 0 -188.084 -176.587 2389.59 0 0 0 0 0 0 192.882 27.5958 2181.48 353.467 -30.4108 2390.75 0 0 0 259.53 -227.661 2401.85 0 0 0 -14.4707 -312.113 2388.43 15.6303 -596.04 2114.91 0 0 0 10.2778 -881.557 2156.63 124.686 -323.911 2364.2 125.715 -705.987 2307.55 0 0 0 90.4521 -952.345 2601.99
8008620 37.4067 212.475 2058.53 46.2761 28.3723 2185.43 52.6416 -148.498 2273.66 0 0 0 0 0 0 -94.2262 33.446 2205.74 -261.655 -74.6839 2328.89 0 0 0 -159.913 -214.354 2330.88 0 0 0 0 0 0 186.778 23.2986 2165.12 359.347 -36.0559 2338.92 0 0 0 266.847 -246.857 2327.09 0 0 0 -11.2295 -322.831 2372.04 15.4835 -587.267 2077.86 0 0 0 15.0731 -888.513 2147.3 129.244 -327.904 2351.74 115.237 -716.277 2271.12 0 0 0 85.0506 -951.03 2591.2
8072354 34.6048 199.417 2036.51 42.538 17.8212 2158.65 51.8305 -157.3 2250.33 0 0 0 0 0 0 -96.8265 17.0492 2171.3 -263.601 -90.2128 2293.68 0 0 0 -180.885 -234.927 2263.92 0 0 0 0 0 0 181.903 18.5932 2146 361.516 -42.7395 2310 0 0 0 275.833 -245.681 2289.22 0 0 0 -13.2586 -332.834 2348.77 14.5982 -591.126 2062.06 0 0 0 14.9904 -892.016 2140.77 135.505 -332.01 2335.26 131.128 -722.366 2239.06 0 0 0 85.4051 -949.382 2589.58
8108728 35.3084 180.621 1996.19 35.4789 -1.13446 2116.7 39.4224 -172.236 2208.57 0 0 0 0 0 0 -106.557 -2.41748 2120.4 -299.083 -139.569 2174.92 0 0 0 -33.4479 -150.719 2100.96 0 0 0 0 0 0 177.515 0.14856 2112.99 366.516 -83.3912 2208.69 0 0 0 264.971 -252.693 2217.68 0 0 0 -33.0815 -344.027 2302.44 12.2194 -608.986 2032.49 0 0 0 52.3845 -814.721 2211.49 119.813 -342.646 2298.45 127.721 -694.381 2205.34 0 0 0 80.6745 -887.511 2471.44
8142097 34.2182 171.115 1974.76 31.5201 -10.0941 2094.21 33.9061 -174.904 2180.49 0 0 0 0 0 0 -110.025 -10.6519 2097.06 -285.483 -156.473 2150.21 0 0 0 -185.302 -255.452 2135.15 0 0 0 0 0 0 173.066 -9.53627 2091.37 368.062 -102.554 2181.21 0 0 0 255.91 -263.24 2171.29 0 0 0 -48.8589 -340.049 2268.48 3.90324 -602.104 1999.82 0 0 0 47.5589 -775.408 2249.74 121.443 -339.378 2265.05 127.786 -697.389 2195.98 0 0 0 85.4793 -921.486 2470.73
8208835 28.7419 160.888 1939.56 23.1886 -24.4275 2044.1 25.8407 -183.854 2142.2 0 0 0 0 0 0 -115.007 -24.6257 2047.51 -281.526 -189.645 2110.1 0 0 0 -191.787 -210.818 1954.32 0 0 0 0 0 0 161.384 -24.2293 2040.69 356.246 -145.417 2082.72 0 0 0 197.55 -291.86 2102.68 0 0 0 -43.9309 -343.385 2242.09 3.59936 -594.966 1960.71 0 0 0 40.834 -795.359 2277.66 100.916 -343.177 2238.51 126.258 -683.831 2182.14 0 0 0 64.5041 -902.058 2302.81
8242205 24.3472 151.969 1916.83 20.6189 -32.5394 2017.95 29.6236 -194.312 2117.61 0 0 0 0 0 0 -116.42 -33.4244 2028.89 -280.586 -209.024 2073.3 0 0 0 -141.708 -80.6804 1969.05 0 0 0 0 0 0 157.658 -31.6543 2007 364.1 -153.701 2053.85 0 0 0 209.401 -299.64 2044.46 0 0 0 -21.5646 -356.474 2222.07 1.3128 -592.936 1931.92 0 0 0 -18.8867 -811.805 2029.09 98.8214 -355.697 2212.46 116.962 -708.977 2174.12 0 0 0 60.1767 -910.667 2314.41
8305405 17.5826 151.826 1878 19.063 -45.8416 1980.4 24.8515 -198.815 2083.04 0 0 0 0 0 0 -115.076 -41.2336 1994.83 -284.195 -202.107 2028.72 0 0 0 -164.596 -292.519 1943.03 0 0 0 0 0 0 153.202 -50.4496 1965.97 355.742 -172.397 2018.63 0 0 0 200.995 -318.192 1980.94 0 0 0 -34.983 -349.535 2192.75 7.11598 -619.979 1894.98 0 0 0 -9.81347 -828.774 2033.35 96.2629 -354.043 2178.63 113.66 -700.542 2167.55 0 0 0 54.148 -903.736 2322.28
8342312 14.1913 151.049 1841.1 19.1003 -48.0076 1948.7 17.6264 -194.995 2047.23 0 0 0 0 0 0 -115.72 -42.7416 1954.54 -279.65 -212.345 1976.46 0 0 0 -142.035 -306.3 1841.8 0 0 0 0 0 0 153.92 -53.2737 1942.86 346.463 -193.634 1975.77 0 0 0 189.415 -326.093 1864.09 0 0 0 -47.7519 -339.485 2148.53 11.9463 -633.747 1883.58 0 0 0 28.5255 -812.757 2181.08 80.0567 -344.477 2142.99 111.597 -692.461 2156.08 0 0 0 52.6445 -899.202 2340.02
8405284 11.8075 153.099 1819.62 12.5466 -41.5323 1918.73 10.7519 -194.586 1983.53 0 0 0 0 0 0 -114.505 -52.1914 1890.04 -261.109 -225.52 1834 0 0 0 -129.907 -313.615 1750.24 0 0 0 0 0 0 139.598 -30.8733 1947.43 316.975 -186.469 1964.83 0 0 0 151.673 -322.26 1846.38 0 0 0 -65.7832 -353.909 2031.45 5.05085 -631.24 1918.96 0 0 0 18.6132 -797.977 2212.81 83.6978 -341.369 2065.21 116.995 -680.502 2086.86 0 0 0 57.4753 -909.768 2312.41
8442420 1.29062 154.619 1783.77 7.72399 -36.7055 1877.24 9.41704 -195.079 1958.44 0 0 0 0 0 0 -123.177 -49.8506 1854.33 -258.12 -228.083 1817.82 0 0 0 -102.308 -306.424 1661.93 0 0 0 0 0 0 138.625 -23.5604 1900.15 296.746 -195.219 1854.84 0 0 0 134.135 -293.653 1711.42 0 0 0 -60.441 -360.638 2027.12 15.188 -628.965 1879.12 0 0 0 24.0947 -805.101 2224.39 82.6612 -346.268 2052.17 108.634 -663.789 2058.56 0 0 0 47.7844 -911.626 2330.62
8505163 -1.18256 157.926 1764.74 6.14071 -31.8095 1855.35 4.76781 -195.414 1929.14 0 0 0 0 0 0 -120.545 -44.5822 1824.68 -252.843 -223.268 1778.38 0 0 0 -101.19 -294.454 1607.3 0 0 0 0 0 0 132.827 -19.0368 1886.03 295.799 -178.563 1824.91 0 0 0 138.273 -270.069 1663.64 0 0 0 -70.4896 -366.468 1985.03 6.1432 -610.75 1862.15 0 0 0 23.8765 -784.696 2247.72 77.2794 -351.57 2020.82 121.183 -676.04 2048.88 0 0 0 53.9966 -915.357 2312.36
8542528 -0.493967 166.288 1732.93 9.88676 -22.1267 1826.49 9.03505 -188.893 1899.81 0 0 0 0 0 0 -116.169 -30.7579 1805.39 -232.155 -196.998 1661.18 0 0 0 -64.6796 -269.279 1521.46 0 0 0 0 0 0 135.943 -13.4955 1847.58 285.06 -180.824 1765.71 0 0 0 123.975 -234.956 1553.12 0 0 0 -65.6238 -360.713 1960.79 9.06783 -601.303 1845.92 0 0 0 26.4639 -739.374 2237.75 81.9905 -350.606 1985.49 118.127 -682.089 2059.8 0 0 0 53.5761 -910.022 2296.78
8575897 0.0139494 176.869 1721.89 8.90538 -17.8272 1806.78 8.60168 -174.477 1892.87 0 0 0 0 0 0 -120.557 -18.0553 1805.91 -234.925 -185.362 1675.04 0 0 0 -73.0015 -237.997 1497.2 0 0 0 0 0 0 138.368 -17.5992 1807.65 278.786 -186.995 1697.69 0 0 0 133.327 -216.463 1487.12 0 0 0 -59.494 -331.246 1978.5 16.8432 -610.746 1819.48 0 0 0 32.6581 -738.522 2206.28 76.09 -331.007 1979.41 109.575 -661.284 2072.65 0 0 0 46.3835 -887.038 2291.61
8642636 0.137282 183.997 1711.51 2.401 -6.51256 1773.85 7.15896 -160.982 1873.95 0 0 0 0 0 0 -135.47 -14.3071 1768.37 -221.348 -164.444 1625.65 0 0 0 -84.7192 -186.384 1392.4 0 0 0 0 0 0 140.272 1.28195 1779.32 248.791 -147.081 1597.94 0 0 0 111.413 -155.543 1406.66 0 0 0 -64.0057 -319.743 1971.03 13.8683 -621.486 1834.84 0 0 0 34.5829 -760.517 2231.65 87.8396 -311.158 1977.06 122.831 -623.583 2085.13 0 0 0 35.0176 -861.336 2252.49
8676005 -1.52643 190.645 1690.92 -4.84687 2.02473 1747.93 4.80263 -143.308 1863.19 0 0 0 0 0 0 -140.005 -17.7723 1734.29 -217.073 -155.418 1570.63 0 0 0 -91.4035 -171.512 1338.58 0 0 0 0 0 0 130.311 21.8217 1761.58 242.429 -124.83 1588.95 0 0 0 112.794 -121.129 1382.13 0 0 0 -65.5206 -300.354 1970.36 -7.57699 -611.151 1857.26 0 0 0 32.3684 -765.229 2244.29 94.4249 -276.926 1986.51 112.138 -598.448 2079.84 0 0 0 36.2197 -871.056 2227.36
8738214 -2.4156 196.637 1679.97 -5.41645 10.4188 1727.68 6.6058 -129.923 1851.65 0 0 0 0 0 0 -137.228 -16.8696 1709.57 -201.901 -141.224 1526.6 0 0 0 -94.684 -153.387 1301.88 0 0 0 0 0 0 126.395 37.7071 1745.79 225.361 -104.258 1566.91 0 0 0 114.9 -83.4896 1356.09 0 0 0 -59.6002 -286.46 1964.88 -10.1801 -606.989 1864.56 0 0 0 26.2776 -772.875 2260.84 96.8563 -254.07 1986.37 122.304 -587.382 2072.01 0 0 0 39.7946 -871.042 2218.67
8776113 -4.61817 201.865 1666.24 -2.83163 23.8274 1707.99 9.2822 -114.546 1838.57 0 0 0 0 0 0 -127.425 -7.20264 1686.67 -200.8 -118.216 1481.3 0 0 0 -93.4908 -113.445 1232.85 0 0 0 0 0 0 121.761 54.8574 1729.32 206.079 -72.6187 1563.17 0 0 0 124.575 -34.9099 1302.85 0 0 0 -56.9238 -272.426 1955.75 -14.2702 -603.476 1869.14 0 0 0 23.0129 -771.541 2269.5 99.7159 -233.415 1982.56 128.524 -584.336 2071 0 0 0 37.1576 -875.712 2210.29
8838093 -7.47216 210.097 1657.74 0.419492 39.7991 1684.99 6.72862 -98.4236 1824.64 0 0 0 0 0 0 -109.508 8.28931 1658.77 -179.088 -94.1986 1462.67 0 0 0 -108.944 -97.7714 1195.81 0 0 0 0 0 0 110.347 71.3089 1711.21 200.595 -63.1574 1558.24 0 0 0 140.17 -15.5062 1267.49 0 0 0 -61.7313 -258.078 1946.46 -26.0992 -588.171 1860.58 0 0 0 11.8673 -752.051 2228.62 87.8068 -215.214 1982.13 133.678 -589.973 2080.32 0 0 0 35.4471 -890.963 2212.76
8876220 -11.2148 220.441 1648.21 1.95078 49.5352 1673.63 6.55182 -88.6447 1820.77 0 0 0 0 0 0 -107.114 22.4724 1651.63 -173.079 -84.5885 1455.16 0 0 0 -185.457 -40.3994 1121.93 0 0 0 0 0 0 111.015 76.5981 1695.64 203.027 -51.5645 1508.62 0 0 0 207.582 26.1775 1183.11 0 0 0 -59.0066 -244.234 1953.75 -23.9215 -585.532 1863.91 0 0 0 -36.2163 -666.073 1914.07 81.3123 -209.415 1982.06 125.954 -573.445 2076.51 0 0 0 23.2251 -890.43 2209.84
8937972 -13.5546 231.286 1642.2 3.42408 61.6202 1665.4 4.20139 -74.2048 1814.96 0 0 0 0 0 0 -106.458 40.9845 1647.23 -175.219 -57.0913 1421.13 0 0 0 -226.138 -4.81057 1097.4 0 0 0 0 0 0 113.306 82.2559 1683.57 208.257 -46.3891 1485.5 0 0 0 266.24 38.5965 1166.12 0 0 0 -64.1819 -223.018 1953.08 -32.9195 -562.329 1881.31 0 0 0 -29.7127 -680.113 1918.7 74.1393 -197.042 1975.95 117.565 -563.192 2072.91 0 0 0 7.34769 -877.488 2196.48
8976328 -13.9598 243.087 1634.21 1.77999 65.3455 1662.01 -0.427965 -65.5454 1804.19 0 0 0 0 0 0 -108.78 58.6389 1654.12 -183.849 -17.7299 1403.93 0 0 0 -243.075 41.6324 1099.99 0 0 0 0 0 0 112.34 72.0521 1669.9 221.139 -22.6458 1453.89 0 0 0 290.027 75.2967 1160.63 0 0 0 -62.7291 -200.082 1942.08 -31.0888 -558.678 1886.21 0 0 0 -19.1464 -694.171 1917.34 57.4572 -192.791 1950.66 103.198 -542.015 2073.37 0 0 0 4.22972 -839.835 2198.4
9009697 -13.8604 251.453 1629.1 -1.41562 76.2044 1661.44 -4.50907 -57.1882 1799.76 0 0 0 0 0 0 -111.696 74.0599 1656.91 -186.029 -10.9812 1412.76 0 0 0 -250.589 65.3197 1088.02 0 0 0 0 0 0 108.865 78.3489 1665.98 223.099 -5.02364 1442.95 0 0 0 287.905 89.0311 1151.63 0 0 0 -68.9847 -191.774 1935.54 -13.3968 -568.748 1852.81 0 0 0 -18.3946 -700.489 1912.54 53.7797 -189.387 1940.59 99.2754 -535.875 2072.15 0 0 0 47.0486 -679.902 2167.84
9076436 -12.6073 263.652 1624.5 -2.60433 81.9262 1657.48 -3.33898 -46.6807 1788.15 0 0 0 0 0 0 -114.805 82.2788 1657.2 -177.551 -2.82668 1437.4 0 0 0 -251.269 72.1551 1096.76 0 0 0 0 0 0 109.596 81.5736 1657.76 227.049 14.7059 1438.62 0 0 0 280.817 111.516 1149.82 0 0 0 -66.9097 -175.09 1918.65 -17.9727 -562.324 1852.72 0 0 0 -18.6371 -691.605 1899.75 58.7624 -175.485 1918.97 101.44 -518.387 2073.73 0 0 0 49.0554 -717.412 2188.38
9109805 -13.4364 264.786 1625.82 -3.0192 85.8703 1655.25 -0.386424 -44.9584 1786.08 0 0 0 0 0 0 -115.471 88.2555 1659.9 -181.785 1.13284 1436.4 0 0 0 -249.722 79.331 1100.11 0 0 0 0 0 0 109.433 83.4852 1650.6 229.8 29.809 1426.53 0 0 0 281.102 122.19 1142.83 0 0 0 -66.3662 -174.332 1919.75 -22.007 -568.546 1860.86 0 0 0 -9.96259 -713.488 1917.28 70.8589 -177.242 1914.08 99.2249 -504.501 2062.57 0 0 0 55.0429 -755.44 2202.21
9171023 -14.7145 275.226 1626.87 -3.59438 91.3029 1652.66 -1.70826 -39.4037 1782.93 0 0 0 0 0 0 -116.337 95.0749 1658.08 -184.273 2.12032 1431.58 0 0 0 -249.206 80.7 1091.31 0 0 0 0 0 0 109.148 87.5309 1647.24 228.688 37.0687 1427.6 0 0 0 278.418 130.233 1142.93 0 0 0 -67.2774 -167.853 1916.44 -22.6025 -562.538 1860.81 0 0 0 -9.94649 -718.174 1924.31 67.633 -172.367 1909.96 99.6096 -515.287 2036.09 0 0 0 55.5089 -774.494 2216.06
9209913 -16.2984 284.223 1629.53 -4.82478 96.2267 1649.69 -2.81138 -32.6479 1780.79 0 0 0 0 0 0 -118.375 100.621 1655.75 -184.454 5.18378 1428.53 0 0 0 -246.884 84.1289 1097.64 0 0 0 0 0 0 108.725 91.8326 1643.62 228.862 47.2415 1421.86 0 0 0 282.97 142.909 1139.55 0 0 0 -66.1344 -158.994 1915.38 -25.5962 -561.68 1864.57 0 0 0 -15.4342 -725.473 1928.48 64.5384 -164.051 1908.41 99.8859 -518.958 2022.52 0 0 0 74.1973 -774.69 2244.58
9270902 -15.9417 287.844 1627.63 -6.83885 101.599 1646.18 -4.50092 -28.4895 1778.36 0 0 0 0 0 0 -121.481 105.968 1652.51 -186.832 9.83642 1422.33 0 0 0 -248.723 93.4898 1082.64 0 0 0 0 0 0 107.803 97.2312 1639.85 228.797 47.5935 1420.86 0 0 0 268.879 88.3299 1173.85 0 0 0 -66.0811 -156.143 1914.06 -27.0261 -559.057 1867.94 0 0 0 -18.0051 -729.364 1931.06 61.7551 -161.014 1907.01 97.711 -519.088 2032.86 0 0 0 36.9255 -778.423 2357.68
9310021 -15.8283 290.9 1626.5 -8.47722 105.46 1644.08 -9.56838 -24.7336 1771.99 0 0 0 0 0 0 -123.582 114.676 1652.48 -186.856 17.5865 1421.87 0 0 0 -248.029 110.529 1082.45 0 0 0 0 0 0 106.628 96.2436 1635.68 231.268 48.5029 1413.21 0 0 0 270.836 87.6776 1171.79 0 0 0 -68.6325 -150.285 1904.13 -33.1997 -539.788 1857.01 0 0 0 -10.8043 -750.324 1947.56 47.3134 -159.569 1895.67 99.6469 -522.013 2045.37 0 0 0 49.8309 -788.871 2352.36
9370781 -17.0827 292.701 1626.28 -12.0996 106.077 1624.88 -12.6242 -22.0393 1760.12 0 0 0 0 0 0 -130.129 109.575 1627.73 -191.026 21.5106 1427.88 0 0 0 -244.818 106.803 1104.39 0 0 0 0 0 0 105.93 102.578 1622.02 234.344 56.4512 1389.65 0 0 0 290.86 155.741 1135.4 0 0 0 -72.0996 -148.408 1896.79 -34.2973 -527.506 1838.03 0 0 0 -7.41688 -772.909 1947.04 45.8018 -151.902 1893.94 99.2814 -519.653 2051.16 0 0 0 58.1039 -795.311 2352.82
9410128 -20.0881 298.442 1627.3 -13.7785 114.494 1631.16 -14.4189 -17.4569 1761.83 0 0 0 0 0 0 -131.414 121.136 1637.29 -190.43 25.874 1429.51 0 0 0 -247.719 112.788 1108.33 0 0 0 0 0 0 103.857 107.852 1625.03 231.904 52.893 1393.34 0 0 0 285.158 113.196 1162.45 0 0 0 -73.9888 -146.08 1895.57 -35.4822 -528.495 1841.36 0 0 0 -1.29344 -814.535 1946.02 43.8701 -152.735 1889.42 98.4345 -514.986 2052.9 0 0 0 64.2561 -804.744 2340.14
9470660 -22.8419 301.318 1629.12 -12.9914 118.261 1635.95 -13.7043 -14.8746 1766.67 0 0 0 0 0 0 -129.072 124.1 1641.27 -191.04 31.4169 1420.44 0 0 0 -243.828 122.261 1092.76 0 0 0 0 0 0 103.089 112.421 1630.64 231.263 57.7076 1391.82 0 0 0 306.657 166.474 1136.31 0 0 0 -73.3711 -145.044 1900.09 -35.4715 -526.82 1847.52 0 0 0 -11.2144 -814.415 1967.89 44.5368 -150.976 1894.69 94.6499 -501.14 2057.43 0 0 0 76.5618 -826.39 2341.22
9503953 -24.5798 303.577 1630.38 -14.5684 123.94 1635.46 -13.5461 -12.9728 1767.67 0 0 0 0 0 0 -130.309 128.673 1641.26 -192.282 32.4632 1416.42 0 0 0 -246.969 122.085 1090.93 0 0 0 0 0 0 101.172 119.208 1629.67 230.661 64.2263 1385.17 0 0 0 306.88 171.305 1144.8 0 0 0 -72.6208 -147.429 1902.88 -36.2871 -527.165 1850.39 0 0 0 -11.1498 -815.535 1963.53 47.5734 -152.343 1896.87 95.6222 -507.971 2055.79 0 0 0 73.9009 -826.279 2332.99
9570539 -25.2177 305.378 1632.27 -14.9849 126.425 1630.47 -16.1053 -7.47532 1765.26 0 0 0 0 0 0 -129.793 128.538 1631.62 -195.6 44.4727 1389.33 0 0 0 -254.245 120.59 1093.45 0 0 0 0 0 0 99.8233 124.311 1629.33 231.826 69.571 1385.08 0 0 0 313.233 178.375 1152.97 0 0 0 -74.9246 -140.313 1900.62 -34.6494 -526.771 1849.5 0 0 0 -10.1276 -819.248 1965.8 40.4732 -142.438 1899.47 96.1357 -510.557 2055.83 0 0 0 75.2702 -833.039 2324.68
9610344 -25.8709 307.843 1633.85 -15.347 128.673 1632.86 -16.7145 -5.00962 1767.8 0 0 0 0 0 0 -130.637 129.232 1632.24 -195.741 39.5729 1395.09 0 0 0 -257.524 124.176 1092.31 0 0 0 0 0 0 99.9428 128.114 1633.47 233.458 71.7601 1387.37 0 0 0 317.256 184.717 1164.83 0 0 0 -76.188 -138.41 1902.43 -33.0855 -531.284 1853.28 0 0 0 -9.34685 -817.692 1968.36 40.0239 -138.974 1903.05 95.8631 -504.355 2061.55 0 0 0 73.3834 -833.943 2321.33
9670418 -26.5563 311.202 1636.06 -15.5751 130.607 1635.88 -16.9244 -3.87587 1771.56 0 0 0 0 0 0 -131.514 130.598 1634.72 -198.283 42.8728 1392.38 0 0 0 -258.983 127.302 1094.95 0 0 0 0 0 0 100.363 130.616 1637.04 233.805 71.8491 1389.95 0 0 0 318.655 189.134 1169.3 0 0 0 -77.5637 -138.363 1906.64 -39.0212 -525.854 1881.82 0 0 0 -9.24742 -818.36 1971.64 41.0162 -138.354 1907.83 96.2874 -500.427 2066.97 0 0 0 75.0794 -819.95 2366.11
9710452 -28.1197 317.025 1643.24 -15.5126 132.866 1639.43 -18.1015 -2.10683 1776.84 0 0 0 0 0 0 -131.665 131.832 1636.23 -199.076 40.726 1391.32 0 0 0 -257.56 126.763 1102.21 0 0 0 0 0 0 100.64 133.899 1642.64 234.451 80.0171 1387.8 0 0 0 325.782 198.714 1169.28 0 0 0 -82.5536 -137.63 1912.54 -35.6585 -544.718 1895.96 0 0 0 -19.6585 -795.739 1985.99 41.1728 -136.529 1915.95 95.577 -497.323 2079.49 0 0 0 75.579 -816.057 2374.65
9770297 -27.8434 322.515 1651.68 -15.8269 136.114 1642.43 -16.8242 -6.65995 1777.5 0 0 0 0 0 0 -132.277 139.089 1644.72 -200.585 45.9728 1397.79 0 0 0 -259.615 130.456 1110.5 0 0 0 0 0 0 100.623 133.139 1640.15 251.66 87.6743 1402.19 0 0 0 322.806 199.02 1169.57 0 0 0 -80.0055 -147.845 1913.79 -38.9663 -561.26 1902.38 0 0 0 -8.51454 -814.67 1985.7 44.3625 -151.023 1911.35 95.0236 -490.685 2076.27 0 0 0 75.5068 -814.575 2355.39
9803590 -28.1284 326.238 1662.55 -15.4579 136.68 1651.8 -15.4222 -7.16336 1784.15 0 0 0 0 0 0 -131.693 135.066 1650.08 -201.58 51.9887 1405.16 0 0 0 -254.17 132.134 1119.7 0 0 0 0 0 0 100.777 138.293 1653.52 246.68 89.1177 1392.61 0 0 0 322.195 204.436 1164.17 0 0 0 -80.5749 -151.911 1915.54 -40.8337 -567.424 1906.23 0 0 0 -7.48938 -822.628 1991.3 49.802 -150.102 1917.47 95.0115 -488.636 2085.74 0 0 0 76.4066 -809.092 2355.24
9843929 -29.0052 327.35 1668.88 -15.5471 140.602 1654.51 -14.6752 -6.27165 1793.54 0 0 0 0 0 0 -132.206 141.579 1656.28 -201.45 55.171 1409.95 0 0 0 -253.156 137.744 1128.95 0 0 0 0 0 0 101.112 139.625 1652.75 242.921 81.9479 1386.85 0 0 0 314.455 204.789 1181.34 0 0 0 -79.6569 -152.594 1933.57 -44.7364 -561.641 1897.68 0 0 0 -10.3962 -824.024 1981.84 52.0501 -153.697 1931.58 96.2544 -493.003 2102.57 0 0 0 76.6305 -814.302 2375.45
9903469 -28.6884 325.183 1676.44 -14.151 139.708 1659.86 -14.2411 -5.2549 1797.5 0 0 0 0 0 0 -128.65 137.785 1657.76 -201.057 54.4378 1408.5 0 0 0 -253.381 141.573 1131.76 0 0 0 0 0 0 100.348 141.631 1661.96 241.275 83.9232 1387.39 0 0 0 313.917 206.988 1182.99 0 0 0 -80.8902 -151.336 1933.92 -46.1133 -556.371 1900.35 0 0 0 -8.99389 -838.491 1999.94 52.2277 -149.1 1936.36 95.4295 -493.551 2106.97 0 0 0 75.3512 -821.582 2380.01
9944036 -29.6601 322.029 1686.43 -14.4928 140.257 1664.54 -14.3461 -4.64165 1800.92 0 0 0 0 0 0 -127.892 137.616 1661.86 -201.713 57.6209 1418.28 0 0 0 -252.512 142.442 1148.06 0 0 0 0 0 0 98.9063 142.899 1667.23 229.517 85.3566 1426.35 0 0 0 307.3 205.157 1200.14 0 0 0 -81.4846 -151.108 1935.7 -45.262 -556.557 1904.13 0 0 0 -7.10437 -849.686 2011.26 53.0859 -147.973 1938.88 96.3153 -495.142 2109.18 0 0 0 80.4047 -837.914 2381.35
10003348 -29.5084 320.308 1699.62 -14.855 140.286 1681.54 -13.7322 -5.66448 1812.78 0 0 0 0 0 0 -127.851 141.53 1683.89 -201.973 65.3388 1414.92 0 0 0 -251.196 151.678 1141.45 0 0 0 0 0 0 98.141 139.042 1679.19 231.791 86.0013 1426.36 0 0 0 308.874 204.199 1211.7 0 0 0 -79.0985 -150.883 1945.41 -34.4452 -557.372 1914.31 0 0 0 -8.1958 -844.415 2016.56 53.8797 -152.347 1942.65 100.313 -503.006 2117.08 0 0 0 82.3826 -848.621 2389.76
10044144 -31.9768 324.315 1719.37 -13.7852 145.56 1705.3 -12.1224 -2.27087 1829.04 0 0 0 0 0 0 -127.835 151.105 1713.46 -193.353 71.7725 1435.28 0 0 0 -255.038 155.223 1143.67 0 0 0 0 0 0 100.265 140.014 1697.14 232.56 87.0048 1449.42 0 0 0 306.653 203.246 1229.18 0 0 0 -78.4116 -146.797 1957.64 -31.6469 -552.507 1927.65 0 0 0 -9.14417 -828.503 2029.48 57.4924 -153.405 1947.92 101.231 -509.571 2112.03 0 0 0 73.5773 -835.118 2413.83
10103227 -34.1463 324.19 1724.53 -12.142 148.2 1716.95 -9.96968 -0.488511 1837.5 0 0 0 0 0 0 -125.954 154.714 1727.03 -204.298 71.7877 1465.87 0 0 0 -254.171 154.915 1153.5 0 0 0 0 0 0 101.67 141.687 1706.86 233.773 89.2856 1461.14 0 0 0 301.377 201.348 1254.26 0 0 0 -77.3278 -145.198 1964.22 -35.5608 -545.879 1926.94 0 0 0 -20.2681 -772.68 2016.2 61.7331 -153.157 1951.89 101.814 -513.511 2110.49 0 0 0 71.6297 -830.257 2381.96
10144252 -34.507 326.916 1737.08 -9.88615 152.189 1728.82 -8.60919 4.10827 1847 0 0 0 0 0 0 -124.028 154.288 1732.68 -206.896 68.2557 1481.08 0 0 0 -249.154 159.21 1167.68 0 0 0 0 0 0 104.255 150.091 1724.95 228.769 94.8809 1493.24 0 0 0 293.784 207.591 1271.3 0 0 0 -79.4203 -142.648 1967.62 -38.24 -540.582 1927.27 0 0 0 -19.297 -767.556 2015.53 64.7558 -145.298 1962.74 105.288 -516.08 2111.52 0 0 0 78.1174 -844.716 2380.77
10203106 -32.9159 329.004 1745.9 -7.76039 153.466 1735.46 -7.77517 3.75798 1852.89 0 0 0 0 0 0 -122.534 157.064 1740.03 -206.263 71.8522 1495.56 0 0 0 -253.031 161.684 1178.12 0 0 0 0 0 0 107.013 149.869 1730.89 231.618 96.0176 1506.54 0 0 0 286.822 201.787 1281.48 0 0 0 -80.4969 -143.671 1973.21 -32.1829 -531.661 1929.33 0 0 0 -17.6885 -795.607 2012.72 64.917 -148.229 1967.42 105.631 -517.573 2116.46 0 0 0 83.2892 -856.233 2358.43
10236399 -27.7372 332.199 1758.72 -6.64339 154.963 1740.48 -7.0723 2.59796 1867.6 0 0 0 0 0 0 -121.152 154.013 1738.96 -202.732 69.2723 1492.35 0 0 0 -246.983 158.366 1184.37 0 0 0 0 0 0 107.865 155.912 1742.01 235.137 102.352 1517.45 0 0 0 289.529 210.378 1293.57 0 0 0 -78.5415 -150.356 1993.77 -28.8885 -541.127 1948.59 0 0 0 -12.4356 -789.151 2023.62 63.5391 -149.178 1995.66 100.026 -532.819 2129.59 0 0 0 83.6422 -860.123 2358.86
10277729 -25.9208 334.579 1771.77 -6.08966 156.383 1746.64 -7.37788 5.74267 1873.49 0 0 0 0 0 0 -120.24 157.637 1746.97 -200.189 72.6188 1496.76 0 0 0 -243.619 150.5 1207.58 0 0 0 0 0 0 108.061 155.128 1746.31 243.18 100.125 1521.47 0 0 0 281.027 188.29 1306.43 0 0 0 -79.379 -144.12 2000.55 -26.2409 -541.593 1941.56 0 0 0 -13.3208 -786.977 2017.27 62.0468 -145.675 2000.14 101.338 -525.61 2128.88 0 0 0 82.5701 -860.207 2358.04
10336278 -28.4818 338.035 1790.1 -5.39738 159.93 1758.25 -5.90927 7.36358 1881.46 0 0 0 0 0 0 -119.403 160.952 1759.05 -194.601 76.054 1526.59 0 0 0 -247.293 129.671 1210.8 0 0 0 0 0 0 108.608 158.907 1757.46 252.044 101.403 1546.54 0 0 0 274.927 171.992 1318.42 0 0 0 -79.3037 -144.549 2005.17 -24.4696 -538.898 1948.6 0 0 0 -16.3873 -790.39 2024.29 66.4613 -145.856 2004.16 101.837 -521.258 2120.76 0 0 0 81.4837 -856.149 2356.75
10377837 -26.4138 343.363 1810.46 0.930973 160.633 1785.26 0.571049 3.18398 1901.44 0 0 0 0 0 0 -113.325 157.288 1780.37 -190.148 52.0834 1563.37 0 0 0 -236.455 66.7212 1244.61 0 0 0 0 0 0 115.187 163.979 1790.15 253.417 80.1113 1651.58 0 0 0 262.496 117.774 1334.47 0 0 0 -76.7046 -156.518 2014.32 -23.5225 -553.483 1954.95 0 0 0 -16.953 -910.666 2054.95 77.1268 -152.013 2020.9 102.498 -521.462 2125.52 0 0 0 80.8578 -849.421 2347.17
10436157 -22.2789 349.471 1833.73 4.75311 160.648 1823.64 5.00183 -4.9655 1924.35 0 0 0 0 0 0 -108.617 157.501 1818.75 -185.868 41.5192 1576.27 0 0 0 -234.195 32.3777 1263.68 0 0 0 0 0 0 118.123 163.795 1828.54 242.074 68.6012 1676.5 0 0 0 262.138 73.0479 1343.63 0 0 0 -70.5716 -172.684 2021.79 -22.4032 -558.377 1958.39 0 0 0 -16.3096 -911.632 2052.03 81.0727 -168.474 2028.33 106.578 -544.935 2132.05 0 0 0 80.8412 -857.564 2356.12
10477944 -18.8869 353.894 1872.53 4.22956 152.667 1851.68 5.65772 -10.4168 1937.97 0 0 0 0 0 0 -113.231 150.215 1848.99 -185.721 17.9087 1599.5 0 0 0 -216.918 -61.3199 1337.13 0 0 0 0 0 0 121.69 155.118 1854.37 256.369 28.6068 1698.59 0 0 0 266.104 -56.9923 1430.76 0 0 0 -69.711 -175.103 2022.51 -19.6562 -566.11 1963.18 0 0 0 -13.8104 -912.08 2058.34 83.8827 -171.897 2026.02 111.041 -549.296 2135.39 0 0 0 84.0566 -860.011 2377.24
10536036 -12.9141 357.204 1893.58 5.89324 148.339 1870.99 7.35316 -17.7288 1955 0 0 0 0 0 0 -117.189 142.176 1860.94 -186.679 -0.483749 1614.05 0 0 0 -207.677 -122.122 1383.17 0 0 0 0 0 0 128.976 154.503 1881.03 257.542 9.95357 1714.87 0 0 0 270.885 -113.435 1488.52 0 0 0 -68.4411 -187.666 2032.71 -20.4577 -576.438 1979.6 0 0 0 -13.817 -915.57 2069.89 86.0672 -179.928 2045.32 115.876 -549.417 2136.32 0 0 0 88.0573 -865.034 2384.73
10578052 -5.80677 359.544 1914.58 8.00464 143.994 1900.53 10.8039 -25.2495 1973.58 0 0 0 0 0 0 -120.592 138.564 1892.88 -159.624 -52.6802 1724.08 0 0 0 -189.616 -208.943 1499.85 0 0 0 0 0 0 136.601 149.423 1908.18 239.961 -48.6973 1833.4 0 0 0 269.033 -218.819 1635.43 0 0 0 -64.6108 -197.795 2041.97 -20.2889 -586.226 1993.41 0 0 0 -11.0237 -919.272 2083.76 91.8173 -191.19 2051.28 124.018 -552.993 2140.66 0 0 0 95.1036 -877.039 2392.51
10635915 -2.39325 358.292 1936.98 9.90833 136.545 1924.08 14.5398 -33.9084 1986.13 0 0 0 0 0 0 -120.227 131.101 1918.84 -158.74 -69.0638 1759.52 0 0 0 -182.287 -253.126 1578.74 0 0 0 0 0 0 140.043 141.989 1929.32 235.635 -66.2912 1851 0 0 0 267.905 -269.919 1707.11 0 0 0 -60.3783 -207.69 2044.97 -18.8762 -602.945 2010.33 0 0 0 -9.76824 -919.024 2093.5 98.7207 -201.034 2051.38 134.905 -568.14 2150.91 0 0 0 97.2533 -879.761 2405.43
10678160 -0.510111 361.928 1976.36 16.9773 137.221 1969.92 20.8517 -37.6171 2012.08 0 0 0 0 0 0 -112.933 133.736 1967.41 -160.302 -93.8402 1879.5 0 0 0 -165.29 -335.901 1753.65 0 0 0 0 0 0 146.887 140.705 1972.43 232.506 -95.3237 1999.07 0 0 0 257.04 -319.901 1907.42 0 0 0 -52.6206 -214.53 2052.74 -19.8244 -609.699 2016.19 0 0 0 -3.43983 -909.887 2113.54 102.073 -210.38 2055.73 137.195 -583.298 2159.87 0 0 0 98.1181 -890.516 2426.13
10735794 3.41711 372.376 2013.42 19.4121 139.007 1996.69 23.19 -40.8128 2031.54 0 0 0 0 0 0 -109.278 136.685 1998.66 -158.655 -101.593 1933.97 0 0 0 -153.609 -365.602 1853.9 0 0 0 0 0 0 148.102 141.329 1994.72 228.284 -93.81 2006.12 0 0 0 251.585 -335.704 1991.35 0 0 0 -48.9518 -222.003 2067.55 -22.548 -611.66 2017.29 0 0 0 0.0137882 -910.802 2122.72 102.888 -219.263 2065.23 126.557 -598.628 2174.51 0 0 0 93.9137 -900.762 2434.38
10778268 14.5688 365.471 2047.22 26.8473 131.426 2038.15 32.0517 -46.7861 2066.27 0 0 0 0 0 0 -105.662 126.855 2033.7 -141.607 -129.757 2106.3 0 0 0 -144.249 -381.861 2037.36 0 0 0 0 0 0 159.357 135.996 2042.59 215.653 -108.076 2142.49 0 0 0 242.958 -354.678 2164.55 0 0 0 -48.1723 -227.945 2091.52 -22.1012 -617.676 2027.27 0 0 0 2.27821 -901.433 2135.32 122.684 -222.051 2097.25 134.481 -597.22 2192.39 0 0 0 95.1856 -905.942 2425.33
10835673 18.7348 363.413 2069.42 27.8094 126.916 2077.28 34.8044 -52.4802 2101.39 0 0 0 0 0 0 -107.194 120.309 2067.29 -139.708 -130.591 2130.52 0 0 0 -141.43 -392.192 2116.23 0 0 0 0 0 0 162.813 133.523 2087.27 217.689 -102.318 2177.63 0 0 0 246.745 -361.294 2108.47 0 0 0 -46.3564 -236.191 2118.98 -7.74526 -619.077 2060.52 0 0 0 7.09989 -909.942 2156.74 129.955 -227.562 2132.02 143.143 -598.886 2198.09 0 0 0 95.6957 -907.859 2421.87
10878375 41.3488 359.079 2170.6 32.0424 130.034 2122.29 39.7406 -50.3895 2136.13 0 0 0 0 0 0 -103.12 123.504 2112.35 -138.522 -112.476 2250.8 0 0 0 -135.041 -358.029 2259.34 0 0 0 0 0 0 167.204 136.564 2132.24 217.06 -94.5231 2230.8 0 0 0 249.04 -359.259 2125.88 0 0 0 -38.4404 -234.962 2143.65 -1.30246 -617.225 2071.44 0 0 0 11.7444 -914.769 2176.26 133.318 -226.664 2156.29 146.968 -598.497 2205.23 0 0 0 95.6706 -904.382 2424.51
10935552 40.9361 360.951 2175.51 34.799 127.782 2155.74 43.6185 -54.0908 2170.25 0 0 0 0 0 0 -102.427 121.204 2156.69 -140.956 -110.45 2260.61 0 0 0 -137.575 -349.65 2318.19 0 0 0 0 0 0 172.025 134.36 2154.78 232.558 -97.651 2277.93 0 0 0 222.951 -280.401 2419.72 0 0 0 -29.9964 -239.915 2185.33 6.99509 -608.918 2072.9 0 0 0 15.7526 -911.593 2181.08 134.873 -232.012 2184.18 147.465 -607.753 2218.78 0 0 0 93.8815 -906.413 2434.51
10968845 41.6709 360.985 2182.97 42.6398 127.478 2188.9 49.8579 -54.4064 2196.2 0 0 0 0 0 0 -99.0812 121.876 2189.45 -141.096 -100.695 2292.85 0 0 0 -135.787 -332.809 2357.14 0 0 0 0 0 0 184.361 133.081 2188.36 235.031 -97.3007 2299.04 0 0 0 273.973 -312.795 2451.01 0 0 0 -23.8769 -239.491 2203.81 10.9967 -602.749 2072.41 0 0 0 14.8771 -910.994 2177.05 138.029 -233.091 2203.19 152.18 -610.576 2235 0 0 0 94.4992 -906.057 2444.17
11011852 49.5174 351.106 2231.04 48.7826 124.435 2225.56 61.4256 -58.2053 2231.88 0 0 0 0 0 0 -94.9026 114.365 2222.01 -138.025 -108.101 2316.02 0 0 0 -127.854 -333.595 2415.39 0 0 0 0 0 0 192.468 134.504 2229.1 240.825 -84.0059 2351.74 0 0 0 307.43 -294.979 2502.58 0 0 0 -4.36881 -246.342 2236.28 15.6449 -597.484 2080.3 0 0 0 14.5755 -920.313 2167.01 152.506 -235.348 2240.15 167.5 -608.971 2256.7 0 0 0 94.7314 -901.671 2449.93
11068724 56.5947 349.775 2257.3 53.9332 123.751 2247.27 67.3072 -57.5225 2252.13 0 0 0 0 0 0 -89.8646 113.07 2244.59 -132.402 -112.041 2339.24 0 0 0 -131.123 -350.986 2431.73 0 0 0 0 0 0 197.731 134.432 2249.95 247.09 -80.148 2370.38 0 0 0 322.257 -292.641 2507.45 0 0 0 1.21336 -244.699 2255.5 18.0746 -599.099 2110.44 0 0 0 22.9228 -740.571 2090.84 160.149 -232.893 2258.46 173.77 -617.919 2270.89 0 0 0 96.4881 -902.435 2451.05
11111960 62.5964 351.846 2301.41 67.7352 125.617 2280.21 76.7771 -56.08 2285.28 0 0 0 0 0 0 -75.2143 118.456 2278.51 -121.867 -102.749 2373.8 0 0 0 -136.111 -354.466 2409.45 0 0 0 0 0 0 210.685 132.778 2281.92 254.825 -80.3214 2378.71 0 0 0 354.367 -289.418 2510.5 0 0 0 1.31816 -242.01 2289.34 17.0105 -597.646 2143.16 0 0 0 19.6675 -815.018 2130.08 170.32 -233.544 2291.36 175.166 -626.519 2276.68 0 0 0 97.003 -905.9 2455.96
11168603 68.3132 357.662 2323.4 75.0389 125.153 2307.71 80.6313 -58.2652 2308.74 0 0 0 0 0 0 -68.2772 120.814 2313.14 -118.567 -98.1711 2388.86 0 0 0 -138.15 -354.956 2383.22 0 0 0 0 0 0 218.355 129.493 2302.28 273.381 -88.5732 2412.8 0 0 0 369.505 -305.297 2485.72 0 0 0 0.856711 -244.268 2313.01 18.7281 -600.702 2160.6 0 0 0 15.3369 -830.71 2139.9 171.591 -239.099 2306.54 175.831 -628.316 2312.35 0 0 0 97.6441 -908.347 2465.64
11212068 82.7878 361.312 2357.18 85.1653 134.641 2323.82 86.048 -53.6404 2322.42 0 0 0 0 0 0 -53.2105 133.937 2331.33 -114.683 -101.248 2393.37 0 0 0 -137.712 -349.392 2303.76 0 0 0 0 0 0 223.541 135.346 2316.31 282.913 -85.5422 2428.29 0 0 0 383.733 -300.484 2421.17 0 0 0 2.35737 -242.353 2325.61 16.8303 -609.375 2177.94 0 0 0 14.614 -848.516 2149.44 171.504 -241.491 2316.43 176.583 -631.55 2325.85 0 0 0 96.7638 -910.231 2470.47
11245437 89.702 370.279 2378.25 93.5419 142.49 2334.79 91.6102 -48.0882 2335.12 0 0 0 0 0 0 -45.0205 143.903 2339.9 -109.249 -100.519 2392.73 0 0 0 -128.831 -320.892 2267.75 0 0 0 0 0 0 232.104 141.077 2329.69 289.794 -80.9523 2437.49 0 0 0 385.078 -289.816 2382.74 0 0 0 4.0638 -237.794 2338.6 20.2752 -610.758 2211.73 0 0 0 13.0519 -862.897 2166.06 175.293 -239.54 2332.29 170.841 -628.143 2352.45 0 0 0 96.3844 -917.867 2478.16
11301775 94.0408 380.81 2393.88 99.3117 148.682 2343.47 96.575 -40.898 2345.81 0 0 0 0 0 0 -41.458 150.73 2344.68 -106.168 -96.269 2388.95 0 0 0 -128.897 -310.613 2240.01 0 0 0 0 0 0 240.081 146.635 2342.26 299.667 -76.9171 2443.52 0 0 0 384.48 -294.608 2354.67 0 0 0 6.34939 -229.206 2348.9 18.1807 -606.822 2233.33 0 0 0 13.2776 -876.434 2180.82 181.327 -231.751 2347.39 171.311 -620.617 2361.75 0 0 0 96.5558 -921.181 2486.25
11345545 104.169 385.662 2422.25 102.726 157.809 2356.64 99.7411 -32.5652 2357.2 0 0 0 0 0 0 -38.18 160.019 2356.84 -99.3461 -82.0843 2384.86 0 0 0 -124.841 -265.555 2185.65 0 0 0 0 0 0 243.632 155.599 2356.44 311.283 -68.6728 2436.22 0 0 0 368.968 -273.516 2273.15 0 0 0 9.43418 -221.57 2357.87 15.4966 -606.82 2272.34 0 0 0 10.5293 -891.134 2196.8 184.078 -224.309 2357.63 171.586 -615.761 2375.81 0 0 0 95.4171 -921.592 2495.99
11401654 106.443 393.059 2435.09 103.41 167.189 2368.23 100.757 -25.0663 2367 0 0 0 0 0 0 -35.6167 169.118 2366.63 -95.8354 -69.9435 2383.5 0 0 0 -122.36 -244.423 2167.58 0 0 0 0 0 0 242.436 165.261 2369.83 314.772 -59.6261 2422.47 0 0 0 351.204 -263.926 2239.92 0 0 0 12.3686 -216.133 2364.79 15.754 -609.86 2294.09 0 0 0 1.7735 -969.88 2376.92 183.839 -218.511 2366.76 172.868 -609.699 2398.17 0 0 0 94.835 -924.945 2516.93
11445653 110.463 398.094 2441.69 103.962 171.796 2380.24 100.39 -21.1064 2377.73 0 0 0 0 0 0 -33.3978 174.341 2380.11 -95.0154 -63.9414 2380.46 0 0 0 -119.082 -208.676 2147.02 0 0 0 0 0 0 241.322 169.251 2380.36 318.052 -55.0646 2413.89 0 0 0 341.523 -224.456 2190.82 0 0 0 12.0223 -212.437 2375.14 6.45054 -619.096 2348.43 0 0 0 58.9078 -1000.61 2489.51 181.613 -215.58 2375.3 170.875 -610.792 2411.71 0 0 0 78.0461 -942.457 2526
11501533 111.983 400.536 2448 102.956 177.283 2396.99 98.7066 -17.9803 2390.84 0 0 0 0 0 0 -35.8362 180.266 2398.16 -94.7195 -60.2701 2374.84 0 0 0 -119.668 -207.119 2133.58 0 0 0 0 0 0 241.748 174.299 2395.82 319.332 -53.9494 2414.58 0 0 0 330.512 -216.096 2187.32 0 0 0 10.4154 -211.437 2385.4 31.2508 -635.411 2455.63 0 0 0 63.4991 -976.148 2526.51 178.499 -215.05 2383.98 169.26 -619.075 2425.46 0 0 0 81.5302 -938.629 2526.12
11545760 117.373 404.45 2459.21 99.158 180.156 2413.73 97.5843 -20.2897 2410.56 0 0 0 0 0 0 -43.2362 181.108 2424.18 -94.8352 -58.6765 2375.81 0 0 0 -114.834 -201.304 2146.71 0 0 0 0 0 0 241.552 179.203 2403.29 320.176 -51.5917 2409.01 0 0 0 313.116 -193.956 2167.54 0 0 0 17.0308 -220.207 2413.18 34.1001 -637.665 2459.69 0 0 0 60.7447 -966.968 2540.81 174.99 -221.264 2401.6 174.584 -638.362 2459.33 0 0 0 78.5746 -959.512 2554.45
11601412 116.287 409.528 2469.56 101.084 179.677 2415.88 97.6976 -21.205 2417 0 0 0 0 0 0 -39.775 182.122 2428.64 -94.3877 -55.9505 2378.79 0 0 0 -110.25 -204.592 2161.97 0 0 0 0 0 0 241.943 177.231 2403.13 321.139 -55.7729 2404.69 0 0 0 300.76 -193.219 2172.19 0 0 0 15.2471 -220.714 2425.28 30.5058 -636.346 2461.94 0 0 0 49.6018 -982.046 2573.11 173.375 -223.459 2410.96 174.63 -642.036 2466.09 0 0 0 77.6271 -963.107 2549.79
11645868 114.75 413.106 2476.39 102.72 177.796 2424.31 96.1005 -21.0636 2431.43 0 0 0 0 0 0 -37.2259 183.046 2440.82 -94.5391 -53.7858 2384.14 0 0 0 -95.7659 -222.107 2193.1 0 0 0 0 0 0 242.666 172.547 2407.8 321.876 -68.4572 2396.99 0 0 0 287.578 -207.513 2196.05 0 0 0 5.75819 -216.783 2448.43 26.5117 -633.082 2467.23 0 0 0 46.7015 -1010.94 2565.86 173.204 -223.064 2428.68 152.436 -631.472 2467.72 0 0 0 76.216 -957.712 2552.56
11701291 114.841 416.445 2483.94 107.393 178.355 2432.63 97.3547 -18.6125 2439.93 0 0 0 0 0 0 -28.4578 185.965 2451.17 -97.335 -47.3105 2397.43 0 0 0 -91.6818 -232.704 2213.76 0 0 0 0 0 0 243.243 170.744 2414.09 316.507 -75.9674 2414.14 0 0 0 277.409 -234.676 2203.83 0 0 0 2.25816 -210.815 2458.84 26.1563 -627.429 2478.14 0 0 0 42.6593 -1024.35 2567.02 172.375 -220.345 2435.62 158.729 -609.3 2478.26 0 0 0 79.6662 -954.234 2555.88
11745976 115.582 416.059 2490.1 106.535 178.992 2437.12 95.2482 -16.0252 2446.66 0 0 0 0 0 0 -29.3504 187.685 2454.06 -99.8067 -45.0637 2410.13 0 0 0 -78.0893 -257.969 2266 0 0 0 0 0 0 242.421 170.298 2420.17 308.419 -85.3913 2423.97 0 0 0 273.356 -286.153 2276.94 0 0 0 3.49936 -205.894 2466.23 19.7955 -624.344 2496.09 0 0 0 45.57 -1025.56 2571.13 164.423 -216.19 2446.17 153.337 -606.83 2507.76 0 0 0 80.0623 -956.472 2559.31
11801170 116.078 415.249 2494.52 107.817 179.133 2443.37 96.9488 -17.1244 2451.54 0 0 0 0 0 0 -25.5576 187.297 2462.06 -97.1881 -51.4436 2430.5 0 0 0 -82.1614 -276.073 2297.33 0 0 0 0 0 0 241.191 170.969 2424.69 303.004 -88.2892 2432.08 0 0 0 264.262 -297.634 2327.3 0 0 0 6.18107 -208.491 2470.91 36.9317 -660.188 2496.04 0 0 0 45.9552 -1143.29 2565.92 165.981 -218.272 2448.52 152.641 -608.362 2506.71 0 0 0 80.4038 -958.365 2567.51
11846084 114.923 415.342 2497.15 106.457 178.632 2446.21 97.6927 -17.6412 2458.54 0 0 0 0 0 0 -27.3631 185.484 2460.16 -81.4008 -52.2289 2459.84 0 0 0 -74.6687 -293.603 2379.3 0 0 0 0 0 0 240.277 171.78 2432.26 292.901 -87.4731 2452.07 0 0 0 290.462 -333.081 2410.36 0 0 0 8.3586 -209.789 2479.28 26.5682 -658.601 2508.96 0 0 0 54.637 -1136.94 2575.18 169.498 -218.04 2462.48 145.751 -616.019 2507.67 0 0 0 86.3681 -969.319 2580.39
11901049 113.488 416.08 2502.76 104.838 177.835 2452.84 96.0331 -17.4834 2463.93 0 0 0 0 0 0 -27.7416 184.573 2466.25 -73.0494 -56.4115 2504.98 0 0 0 -82.067 -309.761 2410.23 0 0 0 0 0 0 237.418 171.097 2439.43 285.562 -82.4979 2474.63 0 0 0 301.139 -322.548 2463.66 0 0 0 7.19662 -208.735 2483.11 20.3588 -648.024 2514.17 0 0 0 56.5746 -1085.18 2581.08 167.259 -216.869 2466.92 145.497 -619.723 2514.2 0 0 0 68.0796 -937.065 2593.19
11934342 114.111 413.455 2510.43 101.596 174.441 2462.38 93.5257 -20.0932 2470.08 0 0 0 0 0 0 -32.4196 180.749 2481.32 -74.8475 -78.1556 2530.33 0 0 0 -94.2891 -312.776 2459.41 0 0 0 0 0 0 235.612 168.132 2443.45 279.336 -85.5601 2494.83 0 0 0 301.316 -337.669 2518.65 0 0 0 6.91111 -210.93 2488.86 18.7928 -636.293 2512.51 0 0 0 25.3399 -943.742 2525.96 163.999 -218.324 2466.67 143.765 -622.846 2520.35 0 0 0 58.9639 -935.506 2616.58
