14692963 -59.3119 585.907 2388.53 -50.5363 342.135 2400.14 -46.4774 154.235 2394.23 0 0 0 0 0 0 -211.284 338.471 2406.23 -253.408 57.4619 2458.22 0 0 0 -265.008 -198.629 2306.28 0 0 0 0 0 0 110.212 345.799 2394.05 156.328 95.2605 2442.13 0 0 0 234.936 -161.641 2357.75 0 0 0 -135.558 -35.7877 2391.85 -127.896 -493.904 2408.43 0 0 0 -82.0387 -1010.11 2587.8 50.7212 -31.5416 2384.78 126.508 -492.913 2411.96 0 0 0 158.995 -952.674 2523.45
14726256 -53.3927 587.9 2390.73 -49.6516 340.493 2399.39 -41.8642 150.84 2394.5 0 0 0 0 0 0 -211.959 333.651 2406.25 -253.078 55.0945 2458.26 0 0 0 -256.962 -206.355 2303.99 0 0 0 0 0 0 112.656 347.334 2392.54 163.136 93.9044 2442.6 0 0 0 229.711 -152.737 2349.25 0 0 0 -123.758 -42.5931 2393.39 -124.649 -506.547 2430.94 0 0 0 -95.167 -986.382 2560.81 55.6045 -35.0326 2385.81 126.326 -494.912 2414.76 0 0 0 155.887 -932.256 2524.61
14759549 -30.0465 575.657 2391.48 -40.5491 334.507 2399.77 -34.0467 147.027 2394.97 0 0 0 0 0 0 -199.494 328.86 2404.98 -248.611 58.0569 2456.84 0 0 0 -243.549 -200.787 2307.26 0 0 0 0 0 0 118.396 340.153 2394.55 169.514 88.1756 2445.76 0 0 0 226.934 -158.507 2337.9 0 0 0 -115.296 -43.5695 2393.06 -124.601 -504.126 2426.35 0 0 0 -102.042 -998.915 2545.35 60.2078 -37.3352 2387.3 127.762 -496.204 2416.48 0 0 0 160.994 -939.605 2523.63
14826135 -22.336 572.184 2401.54 -35.7317 333.592 2402.32 -26.764 145.82 2398.03 0 0 0 0 0 0 -194.62 325.863 2408.49 -244.249 54.9732 2456.69 0 0 0 -236.569 -195.704 2294.18 0 0 0 0 0 0 123.157 341.322 2396.15 172.218 87.5751 2444.59 0 0 0 224.148 -153.476 2330.56 0 0 0 -108.521 -46.3651 2397.27 -114.915 -507.554 2398.26 0 0 0 -117.341 -978.028 2535.99 72.9288 -37.5383 2390.22 129.644 -493.355 2416.67 0 0 0 161.917 -926.552 2524.39
14859428 -23.4896 579.512 2404.17 -24.5665 327.982 2408.81 -15.4195 144.441 2405.58 0 0 0 0 0 0 -183.461 319.918 2417.05 -240.563 55.6212 2458.84 0 0 0 -226.758 -196.032 2293.12 0 0 0 0 0 0 134.328 336.046 2400.57 175.098 84.8039 2440.71 0 0 0 222.943 -152.701 2328.87 0 0 0 -96.7461 -43.692 2407.03 -116.823 -503.495 2400.06 0 0 0 -116.227 -965.733 2524.8 84.2012 -34.509 2397.65 131.058 -494.807 2419.42 0 0 0 162.516 -933.877 2529.33
14926014 -22.2446 582.312 2404.71 -20.4851 328.079 2412.9 -14.7845 142.214 2407.24 0 0 0 0 0 0 -174.732 323.003 2424.23 -225.834 54.3161 2463.1 0 0 0 -208.373 -206.895 2293.94 0 0 0 0 0 0 133.762 333.155 2401.58 178.054 80.9944 2441.33 0 0 0 221.828 -157.912 2329.13 0 0 0 -96.6625 -46.5323 2408 -115.741 -501.625 2394.91 0 0 0 -117.78 -960.157 2520.7 78.4949 -40.7681 2395.14 132.739 -502.405 2421.02 0 0 0 162.664 -941.995 2529.26
14959307 -13.6362 590.207 2412.26 -14.7148 331.185 2417.49 -10.66 144.629 2409.72 0 0 0 0 0 0 -168.954 327.475 2426.06 -219.644 75.8076 2476.22 0 0 0 -214.532 -204.203 2297.25 0 0 0 0 0 0 139.525 334.895 2408.92 180.864 82.3757 2444.6 0 0 0 226.191 -156.506 2332.43 0 0 0 -99.2012 -44.1541 2407.09 -117.179 -500.825 2400.84 0 0 0 -116.172 -962.028 2514.23 85.9906 -39.7 2396.79 134.095 -503.466 2418.21 0 0 0 163.56 -945.627 2527.08
15025893 -10.1456 590.958 2416.9 -13.6071 333.341 2417.21 -11.6647 146.663 2408.02 0 0 0 0 0 0 -165.237 331.343 2425.75 -211.568 74.7394 2478.72 0 0 0 -207.137 -214.765 2317.65 0 0 0 0 0 0 138.023 335.34 2408.67 182.742 82.0248 2445.69 0 0 0 224.523 -162.462 2340.65 0 0 0 -104.581 -41.2664 2404.16 -117.3 -501.231 2403.06 0 0 0 -113.593 -964.092 2509.69 85.1359 -38.7659 2393.48 136.651 -502.469 2418.15 0 0 0 165.107 -945.378 2524.72
15059186 -7.74742 591.809 2419.5 -14.1579 335.143 2418.41 -11.014 149.057 2407.26 0 0 0 0 0 0 -164.715 332.032 2427.89 -210.937 67.2242 2475.89 0 0 0 -209.483 -220.313 2328.98 0 0 0 0 0 0 136.399 338.255 2408.94 186.935 82.6084 2446.37 0 0 0 228.135 -160.693 2346.7 0 0 0 -104.986 -39.0353 2402.22 -119.925 -501.407 2404.57 0 0 0 -111.754 -960.459 2508.52 89.2462 -35.0213 2390 136.951 -501.471 2415.7 0 0 0 167.063 -940.993 2522.53
15125772 -6.4325 592.326 2422 -13.7435 339.149 2421.96 -10.518 151.133 2408.12 0 0 0 0 0 0 -165.253 335.679 2433.78 -210.026 67.1371 2481.69 0 0 0 -213.595 -214.638 2335.74 0 0 0 0 0 0 137.766 342.618 2410.13 187.052 85.8841 2446.17 0 0 0 235.655 -168.993 2355.15 0 0 0 -102.053 -39.053 2401.68 -120.771 -503.459 2405.02 0 0 0 -114.198 -958.4 2509.22 87.468 -34.713 2386.89 137.368 -499.403 2413.99 0 0 0 166.523 -942.416 2521.57
15159065 -10.392 591.665 2420.77 -13.6693 338.342 2422.28 -10.9047 151.48 2406.83 0 0 0 0 0 0 -165.953 335.075 2434.55 -209.154 64.2723 2479.8 0 0 0 -215.236 -217.997 2339.9 0 0 0 0 0 0 138.615 341.609 2410.02 186.728 83.8131 2444.57 0 0 0 233.363 -180.075 2374.27 0 0 0 -105.051 -37.4602 2399.19 -121.194 -504.148 2404.56 0 0 0 -114.799 -955.805 2505.97 88.7713 -33.302 2383.58 140.916 -489.552 2411.67 0 0 0 167.748 -938.628 2521.49
15225651 -9.40085 593.154 2423.48 -11.677 338.209 2422.26 -9.99208 151.804 2406.45 0 0 0 0 0 0 -165.294 335.841 2433.81 -208.426 64.1402 2479.75 0 0 0 -222.606 -217.452 2363.18 0 0 0 0 0 0 141.94 340.577 2410.7 187.554 82.8801 2443.65 0 0 0 239.754 -169.911 2396.59 0 0 0 -103.649 -36.07 2397.82 -121.798 -504.566 2403.11 0 0 0 -117.32 -947.962 2498.95 87.0348 -33.1305 2383.48 139.309 -491.63 2413.98 0 0 0 167.087 -938.885 2523.7
15258944 -11.2741 592.183 2421.59 -10.4177 339.676 2422.13 -9.10311 154.896 2404.23 0 0 0 0 0 0 -164.303 337.36 2434.74 -207.302 66.3571 2484.27 0 0 0 -217.527 -215.518 2355.77 0 0 0 0 0 0 143.467 341.993 2409.51 186.733 83.5907 2439.92 0 0 0 235.76 -160.19 2405.69 0 0 0 -102.727 -31.3136 2394.11 -121.06 -502.299 2399.37 0 0 0 -118.346 -941.607 2494.25 87.1499 -28.4552 2378.55 138.408 -493.311 2416.88 0 0 0 167.447 -937.91 2526.58
15325530 -10.6436 592.772 2422.93 -13.1017 339.736 2419.96 -10.4537 156.578 2402.79 0 0 0 0 0 0 -167.188 336.299 2432.86 -213.234 68.5435 2481.72 0 0 0 -224.916 -220.048 2355.49 0 0 0 0 0 0 140.984 343.173 2407.07 169.332 90.8342 2442.37 0 0 0 226.063 -165.224 2407.38 0 0 0 -102.48 -28.6909 2393.54 -120.992 -500.169 2396.91 0 0 0 -117.965 -944.036 2496.06 86.8686 -24.4674 2377.69 137.873 -493.463 2418.6 0 0 0 166.844 -935.652 2526.88
15358823 -10.4039 592.35 2423.86 -13.6961 338.991 2419.63 -10.963 157.438 2403.09 0 0 0 0 0 0 -167.322 335.485 2432.72 -216.815 48.0877 2477.37 0 0 0 -225.289 -212.794 2348.84 0 0 0 0 0 0 139.93 342.496 2406.53 173.106 88.9039 2442.68 0 0 0 227.435 -167.014 2410.14 0 0 0 -103.722 -26.2945 2394.7 -121.301 -498.979 2396.43 0 0 0 -116.312 -943.612 2497.4 87.2624 -21.9368 2378.42 137.175 -493.163 2417.95 0 0 0 165.974 -937.863 2525.71
15425409 -11.7316 591.188 2422.51 -14.7757 339.696 2419.63 -12.4513 157.929 2404.17 0 0 0 0 0 0 -168.613 336.817 2430.35 -215.345 60.4285 2478.99 0 0 0 -230.711 -218.022 2337.97 0 0 0 0 0 0 139.061 342.574 2408.92 164.629 94.7876 2451.31 0 0 0 225.449 -164.917 2411.87 0 0 0 -106.273 -25.6359 2395.4 -122.059 -501.765 2396.88 0 0 0 -113.519 -946.78 2498.49 86.0189 -22.0377 2382.01 136.947 -489.938 2418.62 0 0 0 163.367 -936.473 2525.63
15458702 -12.9447 591.309 2421.56 -15.5137 340.335 2420.35 -15.1003 156.57 2407.19 0 0 0 0 0 0 -168.707 339.066 2433.25 -216.002 64.882 2479.14 0 0 0 -230.254 -214.092 2336.2 0 0 0 0 0 0 137.679 341.603 2407.45 162.821 96.5086 2452.5 0 0 0 226.02 -163.249 2410.93 0 0 0 -113.818 -28.0161 2402.38 -125.573 -506.144 2401.92 0 0 0 -111.906 -945.686 2497.21 84.444 -26.3749 2385.69 137.747 -493.506 2420.81 0 0 0 163.587 -942.685 2528.41
15525288 -13.1318 592.263 2423.28 -17.004 342.455 2421.36 -14.9453 158.242 2407.36 0 0 0 0 0 0 -171.233 339.864 2432.77 -216.683 67.3743 2476.25 0 0 0 -219.58 -217.558 2323.29 0 0 0 0 0 0 137.225 345.046 2409.96 166.475 98.2611 2456.66 0 0 0 226.116 -168.055 2407.86 0 0 0 -109.042 -27.5862 2400.46 -124.151 -504.914 2399.41 0 0 0 -112.485 -948.836 2498.81 83.2687 -24.3555 2386.24 138.445 -492.335 2421.1 0 0 0 163.99 -942.244 2527.12
15558581 -15.1199 591.715 2422.89 -21.3984 343.345 2422.73 -18.0856 160.202 2408.58 0 0 0 0 0 0 -172.868 339.925 2431.54 -218.887 69.4193 2475.01 0 0 0 -229.185 -211.34 2341.15 0 0 0 0 0 0 130.071 346.765 2413.93 164.324 96.9191 2456.81 0 0 0 227.441 -165.724 2405.04 0 0 0 -107.171 -25.0278 2399.8 -123.801 -503.358 2398.16 0 0 0 -112.171 -949.286 2503.83 77.6256 -20.8551 2389.06 138.415 -492.024 2421.23 0 0 0 163.769 -941.688 2525.53
15625167 -16.8822 591.463 2422.41 -23.8322 344.52 2423.87 -19.1859 160.654 2408.87 0 0 0 0 0 0 -174.737 339.988 2432.68 -219.451 68.3756 2476.09 0 0 0 -226.237 -200.946 2323.55 0 0 0 0 0 0 127.072 349.052 2415.06 161.806 96.9398 2456.99 0 0 0 221.035 -165.768 2393 0 0 0 -107.552 -26.0065 2399.31 -123.65 -505.229 2396.88 0 0 0 -109.707 -957.771 2505.52 78.4728 -20.42 2388.45 138.464 -489.041 2421.66 0 0 0 163.086 -937.164 2525.95
15658460 -18.0144 591.427 2422.88 -26.2916 343.879 2425.48 -20.3463 160.281 2409.3 0 0 0 0 0 0 -176.821 338.318 2433.28 -219.72 65.9146 2475.83 0 0 0 -222.24 -204.911 2329.19 0 0 0 0 0 0 124.238 349.441 2417.69 163.317 96.8584 2457.53 0 0 0 218.527 -172.889 2385.63 0 0 0 -107.547 -26.7586 2397.94 -122.732 -506.294 2395.41 0 0 0 -109.209 -965.777 2509.65 78.7449 -19.8757 2388.29 138.934 -487.846 2422 0 0 0 163.307 -935.39 2526.3
15725046 -18.5285 591.848 2422.26 -25.2471 343.457 2425.75 -20.1051 161.379 2409.79 0 0 0 0 0 0 -177.36 338.396 2434.48 -219.148 65.2999 2476.78 0 0 0 -220.941 -206.322 2330.68 0 0 0 0 0 0 126.866 348.517 2417.02 168.205 93.9817 2455.08 0 0 0 221.847 -168.564 2382.91 0 0 0 -109.412 -23.8413 2399.24 -122.061 -505.954 2393.49 0 0 0 -111.705 -968.213 2515.4 79.4853 -17.5568 2388.41 139.055 -487.085 2421.1 0 0 0 162.711 -933.396 2526.06
15758339 -19.2712 592.163 2422.68 -27.1031 343.129 2426.96 -20.788 161.239 2410.61 0 0 0 0 0 0 -179.981 337.083 2435.17 -219.764 65.0517 2478.08 0 0 0 -215.293 -219.035 2327.53 0 0 0 0 0 0 125.775 349.175 2418.74 170.151 93.1968 2454.27 0 0 0 216.228 -166.894 2380.89 0 0 0 -109.079 -24.3932 2399.34 -121.564 -506.624 2392.87 0 0 0 -112.127 -963.888 2511.32 80.1329 -16.9105 2389.18 139.193 -485.944 2420.55 0 0 0 163.844 -930.938 2526.45
15824925 -22.1358 592.099 2422.51 -26.5685 342.36 2426.78 -20.4605 161.291 2410.4 0 0 0 0 0 0 -179.74 336.424 2435.29 -220.721 65.6969 2478.7 0 0 0 -215.889 -212.999 2330.62 0 0 0 0 0 0 126.603 348.296 2418.28 170.513 92.1841 2458.48 0 0 0 214.054 -173.533 2380.64 0 0 0 -108.981 -23.4466 2399.28 -121.377 -506.27 2391.93 0 0 0 -109.357 -935.739 2501.93 80.2761 -16.112 2388.77 139.382 -484.759 2419.72 0 0 0 163.476 -927.54 2526.4
15858218 -22.7618 592.425 2422.61 -26.9225 342.748 2426.95 -20.5616 161.84 2410.9 0 0 0 0 0 0 -179.809 336.58 2435.88 -221.428 65.4189 2479.45 0 0 0 -222.074 -211.302 2344.84 0 0 0 0 0 0 125.964 348.916 2418.03 170.164 93.3881 2462.31 0 0 0 215.994 -161.417 2390.29 0 0 0 -109.535 -22.9134 2400.4 -121.525 -508.793 2392.21 0 0 0 -110.395 -949.11 2504.49 81.134 -15.2214 2389.27 138.879 -483.054 2420.01 0 0 0 164.201 -925.737 2526.76
15924804 -22.5869 591.398 2421.98 -29.9668 340.728 2428.14 -22.6772 161.176 2411.25 0 0 0 0 0 0 -183.632 333.727 2436.25 -223.956 67.0756 2479.6 0 0 0 -224.95 -211.698 2349.86 0 0 0 0 0 0 123.698 347.73 2420.04 170.027 91.2567 2463.01 0 0 0 219.995 -155.981 2383.41 0 0 0 -111.866 -22.7725 2399.45 -122.081 -510.581 2393.02 0 0 0 -111.089 -954.866 2508.44 81.0907 -13.981 2389.27 138.464 -481.065 2419.56 0 0 0 163.616 -924.143 2526.28
15958097 -24.1574 588.724 2421.3 -31.7408 330.909 2427.24 -23.8017 155.737 2410.1 0 0 0 0 0 0 -188.402 323.049 2435.01 -226.734 59.3055 2487.95 0 0 0 -227.586 -204.192 2355.57 0 0 0 0 0 0 124.92 338.769 2419.48 171.457 81.5721 2460.36 0 0 0 217.77 -172.565 2391.39 0 0 0 -111.758 -24.2469 2397.71 -122.738 -511.217 2394.45 0 0 0 -110.81 -956.565 2508.26 80.0327 -14.624 2388.2 138.407 -480.667 2419.6 0 0 0 162.454 -924.522 2525.18
16024683 -23.7248 587.897 2421.09 -30.1303 335.426 2427.97 -23.6583 157.244 2410.27 0 0 0 0 0 0 -185.033 329.094 2435.08 -225.585 60.7048 2484.45 0 0 0 -224.481 -206.642 2343.28 0 0 0 0 0 0 124.773 341.759 2420.86 170.596 84.1829 2461.86 0 0 0 221.775 -173.335 2381.29 0 0 0 -112.212 -24.8239 2396.94 -123.235 -512.074 2396.06 0 0 0 -108.732 -959.84 2510.95 77.8396 -17.0543 2388.21 138.405 -481.67 2417.9 0 0 0 161.717 -926.355 2523.15
16057976 -25.5015 587.296 2420.43 -29.3693 337.231 2428.1 -24.0503 157.791 2411.07 0 0 0 0 0 0 -183.708 331.991 2435.11 -224.716 61.466 2483.34 0 0 0 -225.216 -208.751 2349.66 0 0 0 0 0 0 124.969 342.471 2421.1 170.181 84.733 2460.7 0 0 0 217.095 -172.897 2372.77 0 0 0 -113.921 -24.8817 2398.36 -123.736 -512.564 2397.25 0 0 0 -94.5503 -977.417 2511.33 76.4589 -18.4181 2389.72 137.905 -482.676 2417.12 0 0 0 161.668 -927.357 2523.01
16124562 -25.8063 587.174 2419.91 -29.1937 337.054 2428.39 -23.962 157.327 2411.6 0 0 0 0 0 0 -183.623 331.868 2435.78 -225.111 61.7405 2484.14 0 0 0 -231.312 -199.669 2355.27 0 0 0 0 0 0 125.236 342.24 2420.99 170.592 84.0885 2461.78 0 0 0 221.997 -168.579 2371.03 0 0 0 -114.425 -25.6134 2399.4 -123.697 -513.548 2397.28 0 0 0 -93.2301 -987.228 2514.12 76.9645 -19.1864 2390.24 137.723 -482.737 2417.06 0 0 0 161.603 -926.544 2524.04
16191148 -26.2468 587.891 2419.01 -28.8987 338.042 2428.74 -23.9805 157.772 2411.68 0 0 0 0 0 0 -183.108 333.182 2435.64 -225.995 64.2903 2484.73 0 0 0 -229.999 -199.71 2357.27 0 0 0 0 0 0 125.311 342.903 2421.84 169.989 84.295 2462.56 0 0 0 223.4 -180.106 2389.97 0 0 0 -115.436 -25.5363 2398.94 -123.891 -513.332 2397.8 0 0 0 -100.443 -976.668 2512.16 77.3113 -19.4612 2390.31 137.498 -482.383 2416.46 0 0 0 160.988 -925.065 2524.23
16224441 -26.5406 587.765 2418.82 -29.3433 337.756 2429.08 -24.1763 157.673 2411.92 0 0 0 0 0 0 -184.174 332.69 2435.63 -225.659 65.0962 2483.75 0 0 0 -229.328 -206.689 2359.79 0 0 0 0 0 0 125.487 342.822 2422.54 169.199 83.373 2462.65 0 0 0 225.366 -175.629 2385.07 0 0 0 -115.592 -25.5711 2398.84 -125.141 -505.446 2397.82 0 0 0 -118.532 -953.419 2515.77 77.5729 -19.2508 2390.68 138 -481.215 2415.39 0 0 0 160.825 -920.258 2523.32
16291027 -26.7279 587.849 2418.76 -30.072 336.674 2429.52 -24.3478 155.274 2412.9 0 0 0 0 0 0 -185.011 331.25 2435.36 -226.128 60.9794 2487.1 0 0 0 -225.482 -206.2 2359.68 0 0 0 0 0 0 124.867 342.099 2423.67 169.69 82.0399 2461.59 0 0 0 222.993 -170.724 2380.1 0 0 0 -115.486 -29.5168 2399.94 -126.023 -509.591 2399.66 0 0 0 -111.12 -961.386 2515.19 78.2389 -22.7343 2392.64 138.019 -482.591 2415.94 0 0 0 161.533 -922.472 2524.12
16324320 -26.3508 587.838 2418.71 -30.2148 336.762 2429.5 -21.6441 162.466 2408.54 0 0 0 0 0 0 -185.301 329.348 2427.75 -225.734 59.0657 2480.22 0 0 0 -227.542 -207.887 2355.22 0 0 0 0 0 0 124.872 344.177 2431.26 169.661 83.3563 2467.49 0 0 0 225.195 -168.813 2384.2 0 0 0 -104.694 -16.2115 2386.54 -125.488 -521.637 2401.86 0 0 0 -112.11 -966.054 2523.08 78.5473 -7.45085 2388.62 137.908 -466.809 2412.18 0 0 0 161.768 -907.079 2520.3
16390906 -26.9353 587.669 2418.75 -30.7666 335.916 2429.51 -22.4351 159.526 2409.44 0 0 0 0 0 0 -186.229 328.697 2428.42 -225.088 46.3972 2488.61 0 0 0 -219.385 -212.555 2346.72 0 0 0 0 0 0 124.696 343.135 2430.6 169.367 81.8881 2466.19 0 0 0 226.369 -170.87 2385.7 0 0 0 -106.633 -21.1602 2388.73 -125.062 -517.924 2400.71 0 0 0 -109.041 -965.004 2520.22 78.4255 -12.567 2390.02 137.414 -471.864 2413.21 0 0 0 161.157 -910.774 2522.74
16424199 -26.746 587.824 2418.86 -31.1448 335.002 2429.87 -23.3226 157.439 2411.24 0 0 0 0 0 0 -187.41 328.04 2430.62 -225.601 37.8972 2492.12 0 0 0 -224.421 -217.082 2353.59 0 0 0 0 0 0 125.12 341.964 2429.12 169.718 80.2295 2465.42 0 0 0 222.638 -164.454 2383.3 0 0 0 -109.488 -24.312 2393.05 -125.041 -515.585 2399.69 0 0 0 -106.528 -966.65 2516.92 78.487 -15.9369 2392.15 137.522 -475.08 2415.59 0 0 0 161.411 -913.868 2525.61
16490785 -26.5911 587.927 2418.89 -31.1974 334.581 2429.8 -23.0727 155.616 2411.58 0 0 0 0 0 0 -187.942 327.398 2430.46 -226.558 43.9994 2489.25 0 0 0 -218.98 -222.544 2337.56 0 0 0 0 0 0 125.547 341.764 2429.14 169.994 80.6835 2464.92 0 0 0 221.702 -163.609 2377.23 0 0 0 -108.366 -27.63 2393.74 -125.315 -515.395 2400.39 0 0 0 -105.151 -969.72 2515.05 78.4705 -19.0678 2392.96 137.54 -477.627 2416.02 0 0 0 161.779 -917.451 2526.57
16524078 -26.3206 588.631 2418.32 -30.801 333.709 2428.69 -23.3271 154.507 2411.36 0 0 0 0 0 0 -187.692 327.086 2429.51 -227.231 46.6139 2488.07 0 0 0 -220.024 -213.13 2334.38 0 0 0 0 0 0 126.09 340.332 2427.86 169.602 80.5142 2464.93 0 0 0 218.498 -163.837 2371.31 0 0 0 -109.938 -28.6665 2394.52 -125.086 -515.071 2400.65 0 0 0 -106.224 -968.053 2512.88 78.2321 -20.7232 2393.54 137.491 -479.253 2416.25 0 0 0 162.731 -919.812 2527.64
16557371 -26.2676 589.866 2417.16 -30.7043 333.314 2426.96 -26.0527 150.418 2414.71 0 0 0 0 0 0 -186.729 328.962 2432.7 -227.647 50.1172 2492.83 0 0 0 -220.03 -216.688 2339.99 0 0 0 0 0 0 125.321 337.666 2421.22 169.038 79.1388 2458.73 0 0 0 221.118 -164.478 2362.75 0 0 0 -122.743 -35.3051 2406.2 -125.696 -509.786 2397.8 0 0 0 -106.91 -972.612 2505 79.9402 -29.6513 2398.74 138.221 -488.146 2421.3 0 0 0 163.97 -928.2 2532.53
16623957 -26.5366 590.598 2415.99 -31.2914 334.829 2426.04 -26.9779 151.045 2417.33 0 0 0 0 0 0 -186.756 330.793 2434.22 -231.42 77.216 2509.19 0 0 0 -228.934 -206.178 2352.9 0 0 0 0 0 0 124.173 338.865 2417.86 167.715 81.7968 2454.02 0 0 0 221.405 -167.115 2370.56 0 0 0 -125.603 -35.4108 2414.04 -126.711 -510.895 2396.53 0 0 0 -107.753 -969.074 2501.95 80.274 -30.0657 2403.21 138.398 -487.944 2424.92 0 0 0 163.993 -928.058 2535.28
16657250 -26.7941 591.198 2414.98 -31.0916 338.696 2426.35 -25.8341 152.499 2416.77 0 0 0 0 0 0 -185.305 334.022 2432.57 -229.894 88.2394 2502.39 0 0 0 -246.581 -203.89 2372.08 0 0 0 0 0 0 123.122 343.371 2420.13 161.589 95.2979 2448.26 0 0 0 222.914 -163.632 2371.43 0 0 0 -121.107 -36.7454 2411.24 -126.201 -513.541 2399.09 0 0 0 -109.31 -971.167 2506.58 79.954 -30.6508 2403.13 137.523 -485.931 2422.29 0 0 0 162.926 -925.489 2532.37
16757129 -26.3256 591.166 2415.16 -35.3044 344.405 2424.49 -27.5948 154.773 2416.36 0 0 0 0 0 0 -186.77 337.942 2431.6 -231.422 99.3349 2502.71 0 0 0 -241.727 -202.873 2376.21 0 0 0 0 0 0 116.161 350.867 2417.39 157.316 98.6546 2446.39 0 0 0 218.268 -165.168 2381.94 0 0 0 -118.866 -39.0809 2412.87 -126.297 -515.546 2401.07 0 0 0 -108.205 -958.875 2506.44 79.0952 -30.6344 2403.58 136.386 -484.612 2420.13 0 0 0 161.48 -925.05 2529.71
16823715 -26.3628 591.286 2414.31 -34.1529 342.759 2426 -28.386 153.711 2418.03 0 0 0 0 0 0 -187.179 337.708 2435.09 -231 95.5353 2503.96 0 0 0 -241.534 -212.217 2368.64 0 0 0 0 0 0 118.873 347.81 2416.91 158.182 96.2729 2447.28 0 0 0 219.257 -160.004 2390.53 0 0 0 -124.32 -38.6937 2416.1 -126.844 -514.158 2397.94 0 0 0 -109.47 -955.728 2503.41 79.0816 -31.9799 2404.03 136.664 -487.126 2422.02 0 0 0 160.71 -928.242 2531.32
16857008 -26.287 591.755 2413.44 -35.4113 340.034 2429.51 -28.4968 152.755 2417.67 0 0 0 0 0 0 -190.235 333.717 2439.01 -229.246 93.9027 2504.74 0 0 0 -236.832 -205.538 2371.41 0 0 0 0 0 0 119.412 346.35 2420.01 160.576 93.1203 2453.5 0 0 0 224.252 -170.525 2384.78 0 0 0 -121.184 -38.5874 2411.94 -126.78 -516.354 2399.28 0 0 0 -109.644 -940.717 2501.79 78.0195 -30.46 2399.72 136.308 -485.731 2418.66 0 0 0 160.082 -926.245 2528.51
16923594 -26.442 592.082 2412.47 -35.04 339.776 2428.61 -29.3349 151.424 2418.2 0 0 0 0 0 0 -189.144 334.524 2439.18 -227.557 89.7834 2506.81 0 0 0 -231.247 -202.686 2361.53 0 0 0 0 0 0 119.064 345.028 2418.03 161.47 91.3463 2452.56 0 0 0 219.379 -167.132 2389.08 0 0 0 -125.722 -40.4081 2414.8 -127.275 -514.06 2396.46 0 0 0 -114.318 -922.463 2505.2 78.4618 -33.4491 2400.78 137.184 -488.348 2420.1 0 0 0 159.212 -928.116 2530.51
16956887 -26.7054 591.889 2411.47 -35.279 339.281 2428.21 -29.4781 150.227 2418.15 0 0 0 0 0 0 -189.274 334.003 2438.6 -227.446 79.4113 2506.75 0 0 0 -234.067 -202.573 2367.73 0 0 0 0 0 0 118.716 344.559 2417.81 163.437 94.606 2459.92 0 0 0 219.021 -172.543 2398.9 0 0 0 -128.097 -42.4046 2415.14 -127.584 -513.535 2396.17 0 0 0 -116.217 -919.643 2504.04 80.7421 -35.2469 2401.05 137.273 -489.622 2419.61 0 0 0 160.057 -928.288 2530.63
17023473 -27.0507 591.971 2410.88 -35.4248 339.281 2427.82 -28.6887 150.526 2416.61 0 0 0 0 0 0 -189.076 333.221 2437.52 -227.748 80.0605 2504.25 0 0 0 -226.189 -202.689 2370.65 0 0 0 0 0 0 118.227 345.34 2418.11 164.119 109.434 2472.74 0 0 0 217.858 -166.743 2395.69 0 0 0 -124.904 -42.2889 2411.91 -128.055 -513.798 2397.8 0 0 0 -120.734 -913.346 2506.37 80.9986 -34.169 2398.9 136.938 -489.31 2418.64 0 0 0 159.939 -928.142 2529.47
17056766 -27.4584 592.19 2410.51 -35.4403 339.316 2427.79 -28.5495 150.597 2415.96 0 0 0 0 0 0 -188.944 333.113 2437.34 -227.653 78.2996 2502.43 0 0 0 -235.536 -204.503 2378.38 0 0 0 0 0 0 118.064 345.519 2418.25 165.465 109.021 2473.17 0 0 0 215.438 -167.056 2397.47 0 0 0 -123.765 -42.2473 2410.49 -128.187 -512.298 2397.1 0 0 0 -110.222 -898.706 2492.77 80.4478 -33.9951 2397.79 136.552 -489.305 2418.05 0 0 0 159.641 -926.637 2529.06
17123352 -28.0983 591.74 2409.78 -35.472 339.029 2427.06 -28.6585 149.649 2415.69 0 0 0 0 0 0 -188.298 332.946 2436.79 -226.05 77.1181 2501.06 0 0 0 -241.274 -222.054 2362.8 0 0 0 0 0 0 117.354 345.111 2417.32 164.55 102.907 2466.68 0 0 0 218.694 -167.392 2386.93 0 0 0 -123.931 -43.7945 2410.83 -128.576 -510.443 2396.55 0 0 0 -114.075 -904.938 2497.17 80.2414 -35.6681 2397.82 136.823 -491.227 2417.7 0 0 0 159.661 -926.868 2528.48
17156645 -27.9692 591.565 2409.8 -35.375 338.735 2427.12 -28.9505 148.645 2415.18 0 0 0 0 0 0 -187.756 332.831 2439.13 -225.155 74.4177 2501.08 0 0 0 -245.338 -211.164 2364.88 0 0 0 0 0 0 117.006 344.64 2415.12 163.274 100.389 2459.2 0 0 0 231.961 -168.626 2388.76 0 0 0 -125.603 -45.4401 2411.35 -129.061 -509.112 2393.33 0 0 0 -115.478 -908.909 2496.36 80.5513 -37.452 2395.11 137.421 -492.709 2420.13 0 0 0 159.399 -926.406 2530.18
17189938 -27.9738 591.971 2409.19 -35.5458 339.041 2426.73 -28.7013 149.057 2414.67 0 0 0 0 0 0 -187.785 332.854 2437.79 -226.167 72.5057 2497.91 0 0 0 -268.268 -205.27 2353.78 0 0 0 0 0 0 116.693 345.228 2415.67 163.367 98.2384 2458.33 0 0 0 238.333 -178.917 2383.71 0 0 0 -123.64 -45.064 2410.02 -128.273 -508.784 2393.41 0 0 0 -115.036 -912.847 2496.03 79.9265 -36.7914 2395.22 137.003 -492.644 2420.25 0 0 0 158.508 -923.871 2528.4
17256524 -34.7108 576.368 2423.93 -35.1133 343.808 2426.56 -28.4894 148.689 2414.71 0 0 0 0 0 0 -199.682 337.479 2438.79 -276.161 -62.6989 2396.52 0 0 0 -297.211 -201.587 2324.45 0 0 0 0 0 0 129.456 350.138 2414.32 178.739 81.199 2476.83 0 0 0 263.569 -180.213 2379.89 0 0 0 -123.303 -50.3308 2410.41 -133.926 -511.769 2402.43 0 0 0 -108.735 -933.032 2484.64 79.572 -42.5281 2395.33 140.045 -496.825 2430.48 0 0 0 164.029 -927.559 2538.49
17289817 -37.5195 591.277 2419.82 -37.4058 329.27 2428.53 -30.3595 131.677 2415.63 0 0 0 0 0 0 -208.113 323.281 2427.02 -251.421 38.5014 2403.11 0 0 0 -286.692 -222.268 2283.52 0 0 0 0 0 0 133.302 335.259 2430.04 206.979 84.6571 2469.41 0 0 0 297.442 -173.655 2375.58 0 0 0 -124.891 -69.4793 2401.83 -137.242 -529.777 2393.41 0 0 0 -108.134 -958.667 2472.63 78.2643 -62.3522 2403.63 145.408 -514.651 2448.05 0 0 0 162.075 -948.04 2544.56
17356403 -39.223 587.663 2411.29 -36.6727 347.617 2428 -31.1833 148.598 2426.05 0 0 0 0 0 0 -210.377 342.919 2418.53 -245.094 56.6058 2399.38 0 0 0 -277.29 -209.463 2291.13 0 0 0 0 0 0 137.031 352.315 2437.48 242.771 85.1234 2472.05 0 0 0 352.837 -155.989 2358.08 0 0 0 -126.688 -53.153 2418.59 -137.236 -519.04 2421.64 0 0 0 -105.945 -953.327 2488.66 75.3004 -47.6899 2429.6 146.66 -505.601 2467.39 0 0 0 162.572 -940.304 2557.8
17389696 -37.354 588.951 2406.51 -34.0672 360.126 2427.15 -29.4525 160.39 2430.72 0 0 0 0 0 0 -209.353 355.857 2414.84 -237.164 68.5614 2399.52 0 0 0 -266.493 -201.824 2301.65 0 0 0 0 0 0 141.219 364.396 2439.46 272.348 96.5279 2469.5 0 0 0 411.77 -116.392 2340.47 0 0 0 -125.788 -41.8045 2427.19 -145.336 -503.952 2422.64 0 0 0 -96.8806 -939.613 2479.3 76.1124 -36.8866 2441.38 153.555 -491.74 2459.14 0 0 0 163.484 -928.061 2541.9
17456282 -36.6069 591.163 2411.11 -32.9769 367.961 2429.97 -28.6577 167.788 2433.79 0 0 0 0 0 0 -209.073 363.905 2416.51 -231.341 75.9802 2404.25 0 0 0 -258.01 -197.919 2315.85 0 0 0 0 0 0 143.119 372.018 2443.43 300.675 130.264 2470.25 0 0 0 474.942 -37.4864 2329.68 0 0 0 -125.373 -34.7131 2429.89 -143.085 -494.843 2411.95 0 0 0 -100.555 -931.764 2472.31 76.6961 -30.0581 2445.34 150.303 -484.466 2448.07 0 0 0 164.823 -919.91 2534.83
17489575 -35.7925 591.859 2414.4 -32.5986 372.464 2431.74 -28.3768 172.077 2435.87 0 0 0 0 0 0 -209.159 368.472 2418.5 -226.984 80.144 2408.69 0 0 0 -251.198 -196.612 2328.9 0 0 0 0 0 0 143.962 376.457 2444.97 321.841 165.63 2470.61 0 0 0 517.745 33.1901 2321.04 0 0 0 -125.277 -30.5974 2432.41 -140.123 -489.757 2407.46 0 0 0 -104.434 -927.129 2472.73 76.967 -26.0242 2447.57 148.543 -480.307 2447.8 0 0 0 163.538 -916.246 2532.21
17556161 -34.9377 590.658 2416.55 -32.0293 372.758 2433.73 -27.8001 172.26 2437.78 0 0 0 0 0 0 -208.699 368.737 2419.12 -222.965 80.1509 2411.27 0 0 0 -244.924 -198.926 2339.3 0 0 0 0 0 0 144.641 376.779 2448.34 350.421 189.815 2463.31 0 0 0 565.828 93.2992 2309.69 0 0 0 -124.671 -30.5396 2433.46 -136.163 -488.88 2400.31 0 0 0 -106.022 -926.126 2470.93 77.5295 -25.937 2450.18 149.034 -479.985 2446.69 0 0 0 162.631 -915.671 2532.76
17589454 -32.2405 589.936 2417.63 -29.6492 372.866 2435.59 -25.5613 172.317 2439.95 0 0 0 0 0 0 -206.344 368.924 2419.94 -217.759 80.173 2413.67 0 0 0 -237.652 -200.789 2348.77 0 0 0 0 0 0 147.045 376.808 2451.24 387.21 228.906 2441.15 0 0 0 616.687 191.927 2286.3 0 0 0 -122.542 -30.4864 2435.37 -132.623 -488.511 2399.25 0 0 0 -105.162 -925.925 2471.15 79.5948 -25.9768 2453.27 149.655 -480.068 2445.28 0 0 0 163.757 -915.463 2532.81
17622747 -31.2516 592.38 2424.66 -28.5201 375.292 2439.15 -25.1439 174.68 2441.09 0 0 0 0 0 0 -205.09 372.15 2421.52 -214.224 83.2935 2416.5 0 0 0 -232.229 -199.198 2358.01 0 0 0 0 0 0 148.049 378.434 2456.78 404.118 267.465 2429.58 0 0 0 644.074 281.765 2287.1 0 0 0 -122.748 -27.7281 2432.95 -136.36 -485.1 2391.35 0 0 0 -106.278 -921.262 2469.82 79.213 -24.1343 2453.11 144.852 -478.58 2437.82 0 0 0 162.659 -912.885 2529.83
17689333 -29.2397 590.801 2429.19 -25.852 373.849 2440.09 -21.9967 173.254 2438.48 0 0 0 0 0 0 -202.161 370.623 2419.9 -265.102 8.15695 2362 0 0 0 -319.336 -82.4424 2263.52 0 0 0 0 0 0 150.458 377.076 2460.29 420.584 325.256 2419.29 0 0 0 651.547 401.628 2286.3 0 0 0 -118.963 -29.1868 2425.32 -129.884 -486.591 2383.4 0 0 0 -105.211 -922.26 2466.5 82.6801 -25.497 2448.42 146.8 -480.096 2430.99 0 0 0 169.43 -912.813 2529.01
17722626 -27.9414 593.19 2430.45 -25.2359 375.727 2439.17 -21.2742 175.143 2435.53 0 0 0 0 0 0 -201.529 372.618 2418.58 -313.333 116.972 2337.54 0 0 0 -432.947 71.133 2162.7 0 0 0 0 0 0 151.058 378.836 2459.75 426.294 372.63 2411.65 0 0 0 643.988 494.047 2289.81 0 0 0 -118.106 -27.2184 2420.13 -134.592 -485.155 2388.91 0 0 0 -109.817 -921.445 2468.99 83.4811 -23.663 2443.67 144.873 -478.758 2430.04 0 0 0 166.729 -910.139 2533.97
17789212 -27.4468 593.685 2431.58 -25.1162 376.855 2437.04 -21.2373 176.341 2430.6 0 0 0 0 0 0 -201.314 374.138 2415.51 -366.448 185.88 2316.79 0 0 0 -523.246 220.039 2120.92 0 0 0 0 0 0 151.082 379.571 2458.57 430.154 428.821 2405.33 0 0 0 617.155 604.207 2298.25 0 0 0 -118.1 -25.7255 2411.84 -134.831 -483.867 2382.7 0 0 0 -108.36 -919.293 2466.93 83.3828 -22.6191 2436.46 142.906 -477.991 2423.3 0 0 0 166.015 -907.404 2534.73
17822505 -26.6157 592.177 2433.15 -24.1659 375.952 2434.54 -19.7271 175.597 2424.73 0 0 0 0 0 0 -200.166 373.184 2411.45 -409.285 247.511 2301.77 0 0 0 -578.245 353.278 2117.69 0 0 0 0 0 0 151.835 378.719 2457.64 418.651 469.005 2406.76 0 0 0 583.92 677.16 2311.66 0 0 0 -115.919 -26.3404 2401.7 -132.666 -484.839 2378.88 0 0 0 -105.22 -920.334 2462.6 85.3423 -23.1758 2428.11 146.075 -478.491 2422.46 0 0 0 167.239 -907.775 2534.98
17889091 -25.5315 590.886 2433.43 -21.7694 375.142 2431.05 -16.2947 174.956 2418.58 0 0 0 0 0 0 -197.604 371.845 2406.77 -435.419 310.326 2293.54 0 0 0 -597.196 473.252 2134.8 0 0 0 0 0 0 154.066 378.439 2455.32 398.15 512.209 2410.04 0 0 0 525.205 746.052 2311.73 0 0 0 -111.353 -27.1146 2392.23 -128.453 -485.843 2374.62 0 0 0 -103.734 -919.754 2466.63 89.7135 -23.3448 2419.99 146.985 -479.121 2420.84 0 0 0 171.559 -908.522 2532.28
17922384 -25.6341 592.159 2434.07 -21.484 375.706 2428.89 -15.2736 175.654 2414.56 0 0 0 0 0 0 -197.318 371.986 2404.62 -444.639 369.073 2295.15 0 0 0 -589.865 573.866 2162.47 0 0 0 0 0 0 154.35 379.427 2453.16 380.224 542.265 2411.07 0 0 0 474.661 795.81 2319.87 0 0 0 -109.593 -26.5244 2386.36 -132.72 -485.138 2380.3 0 0 0 -105.482 -919.716 2468.5 91.4671 -22.2704 2414.1 144.077 -478.449 2423.69 0 0 0 169.164 -907.477 2536.53
17988970 -25.0531 592.618 2441.39 -21.7596 377.096 2428.55 -16.9407 177.436 2409.58 0 0 0 0 0 0 -197.622 375.154 2404.32 -406.742 529.099 2329.43 0 0 0 -465.575 805.469 2281.9 0 0 0 0 0 0 154.103 379.038 2452.78 360.469 570.788 2406.72 0 0 0 396.736 839.177 2326.28 0 0 0 -112.674 -23.3347 2376.75 -139.016 -481.867 2377.26 0 0 0 -109.21 -916.785 2463.05 88.4308 -21.1139 2404.45 139.95 -477.215 2421.51 0 0 0 163.737 -907.185 2530.97
18022263 -25.7617 593.594 2445.55 -23.6858 378.874 2428.82 -19.6524 179.446 2407.21 0 0 0 0 0 0 -199.608 377.903 2404.95 -390.423 552.27 2322.84 0 0 0 -422.865 834.931 2281.97 0 0 0 0 0 0 152.236 379.845 2452.69 321.548 502.882 2441.64 0 0 0 358.141 767.813 2342.65 0 0 0 -116.201 -20.5371 2371.95 -139.135 -479.025 2383.94 0 0 0 -110.632 -914.728 2466.15 84.9626 -19.4271 2399.25 139.077 -474.653 2426.82 0 0 0 164.635 -905.649 2531.7
18055556 -24.2786 594.709 2455.61 -26.3216 381.343 2430.43 -24.4113 182.415 2404.59 0 0 0 0 0 0 -201.873 383.062 2404.22 -377.761 569.975 2319.11 0 0 0 -375.608 855.226 2287.52 0 0 0 0 0 0 149.23 379.625 2456.63 300.302 504.466 2442.33 0 0 0 326.357 749.533 2351.95 0 0 0 -122.89 -15.5297 2363.76 -139.247 -474.352 2376.46 0 0 0 -114.719 -908.817 2465.89 77.8883 -17.4952 2393.73 133.888 -472.52 2422.41 0 0 0 162.912 -901.648 2533.67
18088849 -24.5556 596.284 2460.66 -28.088 383.657 2430.75 -27.4065 184.979 2402.8 0 0 0 0 0 0 -203.586 386.787 2404.21 -362.583 586.682 2313.16 0 0 0 -329.956 871.359 2296.41 0 0 0 0 0 0 147.41 380.526 2457.28 293.872 555.097 2413.62 0 0 0 269.97 813.991 2337.96 0 0 0 -127.057 -11.9097 2359.68 -134.953 -470.775 2377.27 0 0 0 -113.993 -904.873 2469.48 73.6075 -15.4892 2390.02 135.701 -469.242 2425.05 0 0 0 163.866 -898.82 2534.95
18155435 -24.8278 596.743 2463.2 -28.5384 384.675 2430.92 -29.3479 186.028 2402.59 0 0 0 0 0 0 -204.434 388.742 2407.42 -340.054 605.917 2305.97 0 0 0 -260.017 878.526 2309.59 0 0 0 0 0 0 147.357 380.608 2454.41 276.339 590.877 2389.49 0 0 0 181.905 838.419 2339.95 0 0 0 -130.734 -10.2939 2360.83 -132.472 -469.303 2377.68 0 0 0 -115.916 -901.831 2477.58 70.4196 -14.9449 2387.7 137.789 -467.893 2423.86 0 0 0 163.565 -897.616 2533.84
18188728 -25.5952 595.631 2464.96 -29.4121 384.128 2430.47 -30.7 185.567 2401.45 0 0 0 0 0 0 -205.423 388.585 2407.78 -322.507 614.334 2302.3 0 0 0 -212.993 877.657 2318.66 0 0 0 0 0 0 146.599 379.671 2453.16 263.186 610.128 2371.34 0 0 0 118.573 840.248 2356.09 0 0 0 -132.611 -10.4453 2359.47 -129.049 -469.539 2374.58 0 0 0 -115.087 -902.451 2473.45 68.6355 -15.5415 2385.41 141.004 -467.328 2426.14 0 0 0 163.412 -899.022 2528.62
18222021 -24.7745 596.073 2464.83 -29.0975 384.684 2430.4 -30.4081 186.064 2401.73 0 0 0 0 0 0 -204.824 389.415 2405.66 -307.357 621.697 2299.54 0 0 0 -170.621 870.722 2333.79 0 0 0 0 0 0 146.629 379.953 2455.14 257.911 617.697 2358.37 0 0 0 80.5137 831.412 2361.21 0 0 0 -132.191 -9.8512 2358.91 -127.143 -468.818 2377.91 0 0 0 -114.545 -901.925 2476.27 68.7531 -15.2606 2387.2 142.052 -466.867 2428.82 0 0 0 167.059 -897.735 2534.26
18288607 -25.5383 597.004 2466.27 -29.6686 386.243 2430.6 -31.0287 187.697 2401.4 0 0 0 0 0 0 -205.039 391.421 2403.56 -295.192 629.803 2291.73 0 0 0 -132.961 857.972 2349.11 0 0 0 0 0 0 145.702 381.064 2457.64 253.804 622.335 2351.54 0 0 0 53.774 820.403 2366.11 0 0 0 -132.659 -7.8887 2356.73 -127.87 -466.746 2378.8 0 0 0 -114.043 -901.366 2469.84 67.8814 -13.8104 2387.65 140.047 -466.044 2424.05 0 0 0 167.486 -895.122 2535.89
18321900 -25.8622 595.23 2456.99 -29.1778 384.529 2426.94 -30.2239 185.585 2400.72 0 0 0 0 0 0 -204.429 389.136 2398.97 -295.14 629.747 2280.6 0 0 0 -106.629 829.454 2357.35 0 0 0 0 0 0 146.074 379.921 2454.91 246.854 627.61 2343.39 0 0 0 30.6067 810.241 2370.38 0 0 0 -131.464 -10.725 2358.51 -127.084 -469.545 2381.84 0 0 0 -112.017 -904.175 2472.82 68.924 -15.9936 2390.49 142.067 -468.073 2427.21 0 0 0 167.907 -897.15 2539.59
18355193 -25.4984 596.821 2461.35 -29.1741 385.817 2428.23 -30.1373 187.076 2400.46 0 0 0 0 0 0 -204.637 390.39 2401.59 -294.865 625.52 2278.23 0 0 0 -98.5463 821.061 2356.63 0 0 0 0 0 0 146.288 381.244 2454.87 232.921 634.299 2339.2 0 0 0 10.9025 808.601 2383.93 0 0 0 -131.419 -9.05011 2357.46 -128.137 -468.089 2375.79 0 0 0 -112.393 -900.344 2476.93 69.218 -14.2791 2387.92 141.875 -466.449 2424.68 0 0 0 167.75 -896.114 2534.86
18388486 -25.2809 594.36 2454.53 -28.9714 384.026 2425.82 -30.0995 184.959 2400.56 0 0 0 0 0 0 -204.482 388.373 2399.42 -286.942 626.687 2281.56 0 0 0 -86.1529 821.075 2356.92 0 0 0 0 0 0 146.539 379.679 2452.23 222.962 642.152 2337.6 0 0 0 -1.6236 812.47 2397.75 0 0 0 -131.572 -11.623 2360.19 -127.987 -470.742 2376.83 0 0 0 -115.531 -902.459 2480.9 69.1164 -16.5933 2390.39 140.989 -468.714 2429.25 0 0 0 167.125 -898.631 2538.44
18455072 -24.7833 594.881 2451.62 -28.6425 383.991 2425.61 -29.839 184.727 2401.89 0 0 0 0 0 0 -204.073 388.254 2398.64 -282.499 630.637 2285.36 0 0 0 -79.2375 823.36 2361.35 0 0 0 0 0 0 146.788 379.728 2452.57 218.479 646.574 2335.3 0 0 0 -9.15874 813.35 2401.73 0 0 0 -131.336 -12.1001 2362.76 -128.543 -471.259 2378.71 0 0 0 -112.365 -903.958 2478.11 69.265 -16.9744 2393.59 141.973 -469.279 2428.4 0 0 0 166.472 -898.547 2540.47
18488365 -25.0018 595.135 2459.67 -28.5882 384.515 2427.39 -29.642 185.715 2400.21 0 0 0 0 0 0 -204.257 388.906 2402.09 -279.772 634.302 2285.44 0 0 0 -78.7457 827.711 2366.76 0 0 0 0 0 0 147.081 380.124 2452.69 222.428 647.699 2338.78 0 0 0 -3.19595 819.838 2402.16 0 0 0 -131.138 -10.5738 2358.55 -130.259 -469.782 2373.29 0 0 0 -112.831 -903.15 2469.66 69.7461 -15.5952 2387.48 140.495 -468.464 2418.75 0 0 0 167.46 -898.157 2528.59
18554951 -23.2317 594.651 2454.69 -28.0601 384.171 2426.15 -30.4425 185.144 2400.71 0 0 0 0 0 0 -203.721 389.495 2400.95 -278.652 634.475 2287.55 0 0 0 -79.0923 830.055 2368.06 0 0 0 0 0 0 147.601 378.846 2451.35 223.979 647.028 2342.23 0 0 0 0.11322 823.699 2401.23 0 0 0 -133.257 -10.8385 2360.85 -133.324 -469.659 2383.55 0 0 0 -113.193 -903.814 2475.76 67.6073 -16.9266 2389.67 138.698 -469.297 2426.57 0 0 0 163.936 -899.127 2536.32
18588244 -21.7401 592.193 2451.7 -27.298 382.571 2425.1 -30.423 183.447 2400.41 0 0 0 0 0 0 -203.012 388.395 2400.37 -276.913 637.805 2289.49 0 0 0 -78.5406 833.988 2371.85 0 0 0 0 0 0 148.416 376.747 2449.83 224.643 645.497 2346.08 0 0 0 3.70587 827.434 2400.96 0 0 0 -134.011 -12.3481 2361.58 -132.168 -471.372 2379.96 0 0 0 -109.401 -904.373 2476.84 66.9149 -19.0077 2389.85 139.858 -471.173 2425.91 0 0 0 165.722 -900.432 2537.73
18621537 -21.0732 591.934 2449.7 -26.9909 382.164 2424.5 -30.1647 182.92 2400.74 0 0 0 0 0 0 -202.553 388.034 2398.73 -275.115 638.362 2287.26 0 0 0 -78.0757 834.11 2373.87 0 0 0 0 0 0 148.571 376.295 2450.27 226.596 645.506 2346.52 0 0 0 3.21623 825.434 2398.96 0 0 0 -133.716 -12.9691 2362.25 -129.133 -472.038 2379.55 0 0 0 -111.51 -905.416 2475.81 67.0392 -19.6808 2391.72 141.681 -471.666 2426.67 0 0 0 166.131 -900.255 2541.33
18654830 -20.9513 593.647 2457.21 -27.5044 383.601 2426.3 -31.3127 184.781 2399.45 0 0 0 0 0 0 -203.002 390.469 2400.34 -275.564 639.065 2288.68 0 0 0 -77.8472 834.189 2375.31 0 0 0 0 0 0 147.994 376.733 2452.26 229.243 645.304 2347.78 0 0 0 3.62025 823.477 2396.93 0 0 0 -135.462 -10.1128 2357.75 -133.478 -469.024 2379.1 0 0 0 -113.402 -904.059 2466.73 65.2197 -17.9663 2387.44 139.409 -470.201 2420.1 0 0 0 165.057 -897.716 2538.41
18721416 -20.4373 594.28 2460.97 -27.8423 384.864 2427.14 -32.9518 186.294 2398.66 0 0 0 0 0 0 -203.461 392.93 2402.4 -275.002 640.615 2289.04 0 0 0 -75.5888 834.683 2374.19 0 0 0 0 0 0 147.776 376.798 2451.87 237.588 642.177 2348.43 0 0 0 9.73882 818.266 2395.01 0 0 0 -138.474 -7.66463 2356.05 -137.128 -466.384 2381.33 0 0 0 -112.868 -900.738 2471.42 62.3513 -16.8882 2384.33 138.625 -468.226 2423.38 0 0 0 163.229 -897.102 2536.83
18754709 -21.9948 595.105 2464.34 -29.2289 385.732 2427.71 -34.2949 187.459 2397.22 0 0 0 0 0 0 -205.043 393.808 2404.42 -272.351 640.3 2287.49 0 0 0 -73.8156 834.196 2375.08 0 0 0 0 0 0 146.585 377.656 2451.01 238.705 643.162 2347.79 0 0 0 10.8233 819.496 2393.58 0 0 0 -139.882 -6.19701 2353.4 -135.152 -464.698 2381.95 0 0 0 -111.963 -899.837 2468.62 61.1606 -15.4319 2380.04 140.219 -466.046 2421.93 0 0 0 163.685 -895.799 2532.29
18821295 -21.3838 595.947 2465.02 -29.3364 386.935 2428.02 -35.076 188.614 2397.88 0 0 0 0 0 0 -204.962 395.731 2403.58 -273.822 636.34 2289.11 0 0 0 -76.4623 834.13 2370.1 0 0 0 0 0 0 146.289 378.139 2452.45 243.603 640.754 2349.9 0 0 0 15.4821 817.636 2392.29 0 0 0 -141.229 -4.67773 2353.78 -134.819 -463.318 2379.86 0 0 0 -113.064 -896.491 2475.87 59.598 -14.7354 2381.72 140.9 -464.697 2426.35 0 0 0 161.801 -895.336 2533.72
18854588 -19.4081 596.256 2466.38 -29.3647 387.725 2429.08 -37.261 189.54 2398.58 0 0 0 0 0 0 -205.157 398.176 2406.69 -272.681 640.51 2288.16 0 0 0 -72.6604 835.311 2369.97 0 0 0 0 0 0 146.428 377.274 2451.48 248.444 640.803 2350 0 0 0 18.948 815.928 2392.35 0 0 0 -145.674 -2.66933 2355.27 -137.843 -461.219 2382.73 0 0 0 -116.478 -895.603 2473.34 55.3599 -14.6208 2380.88 137.191 -464.5 2425.56 0 0 0 159.252 -895.685 2530.53
18887881 -20.8612 595.053 2467.55 -30.6913 388.003 2428.91 -38.855 190.009 2397.22 0 0 0 0 0 0 -206.456 398.855 2406.38 -273.862 638.227 2287.9 0 0 0 -70.6453 829.654 2369.82 0 0 0 0 0 0 145.073 377.152 2451.43 251.505 638.317 2350.09 0 0 0 24.4556 816.991 2390.62 0 0 0 -147.505 -1.78067 2352.66 -135.127 -460.305 2378.56 0 0 0 -111.448 -894.181 2471.21 53.4675 -14.1884 2378.41 139.46 -463.11 2424.74 0 0 0 161.575 -894.617 2528.41
18921174 -20.3475 595.7 2466.12 -30.4917 388.322 2428.89 -38.3912 190.125 2398.42 0 0 0 0 0 0 -206.267 398.812 2406.24 -274.986 640.483 2287.07 0 0 0 -68.0551 826.278 2372.38 0 0 0 0 0 0 145.283 377.833 2451.55 250.704 636.987 2349.77 0 0 0 26.2425 818.612 2391.56 0 0 0 -146.786 -2.07536 2354.99 -130.188 -460.433 2381.44 0 0 0 -110.749 -894.582 2473.85 54.2052 -14.0695 2380.89 142.534 -462.39 2428.7 0 0 0 163.788 -894.568 2529.71
18987760 -20.7309 595.729 2465.91 -30.6591 388.394 2428.83 -38.351 190.149 2398.58 0 0 0 0 0 0 -206.477 398.643 2406.37 -275.889 639.477 2286.27 0 0 0 -68.3989 823.641 2373.92 0 0 0 0 0 0 145.158 378.144 2451.3 250.14 636.4 2351 0 0 0 26.7915 819.923 2390.48 0 0 0 -146.564 -2.23642 2355.49 -131.274 -460.536 2383.89 0 0 0 -110.776 -896.802 2464.75 54.4787 -13.9563 2381.17 143.064 -462.365 2427.76 0 0 0 162.718 -894.905 2527.56
19021053 -21.2017 595.505 2465.81 -30.2952 387.832 2428.89 -37.3932 189.594 2398.43 0 0 0 0 0 0 -206.233 397.476 2407.11 -277.006 637.891 2285.2 0 0 0 -69.0641 822.164 2371.67 0 0 0 0 0 0 145.642 378.188 2450.66 249.921 638.732 2352.6 0 0 0 25.3705 821.549 2388.32 0 0 0 -145.084 -3.13036 2355.53 -127.397 -461.625 2378.4 0 0 0 -110.227 -896.242 2468.32 56.1011 -14.1585 2380.43 143.206 -462.569 2429.69 0 0 0 164.852 -895.486 2527.4
19054346 -22.3794 594.513 2466.76 -29.9461 386.863 2429.63 -35.6358 188.68 2398.55 0 0 0 0 0 0 -205.947 395.325 2407.89 -278.269 636.151 2284.46 0 0 0 -71.3914 820.797 2372.72 0 0 0 0 0 0 146.054 378.4 2451.37 249.567 639.203 2352.85 0 0 0 24.7976 821.847 2388.27 0 0 0 -141.955 -4.66335 2355.04 -127.699 -463.284 2378.06 0 0 0 -107.427 -897.328 2470.46 59.3036 -14.3403 2379.9 144.802 -463.014 2429.63 0 0 0 166.262 -895.637 2528.7
19821334 -23.6603 593.367 2457.24 -29.5703 384.351 2427.29 -33.4619 185.584 2400.22 0 0 0 0 0 0 -205.645 390.764 2405.52 -285.383 629.319 2278.33 0 0 0 -78.2312 814.908 2363.93 0 0 0 0 0 0 146.504 377.939 2449.06 254.726 635.414 2348.92 0 0 0 29.2263 817.469 2382.75 0 0 0 -138.029 -9.51634 2360.7 -127.616 -468.209 2384.39 0 0 0 -105.32 -902.221 2476.74 63.322 -16.8492 2385.59 145.997 -465.999 2435.76 0 0 0 166.784 -898.852 2533.99
19886671 -25.2832 591.272 2453.47 -30.2473 382.207 2426.41 -32.8706 183.165 2401.16 0 0 0 0 0 0 -206.335 387.322 2404.38 -284.657 627.373 2277.32 0 0 0 -77.9059 815.217 2358.79 0 0 0 0 0 0 145.84 377.093 2448.44 254.112 637.39 2346.95 0 0 0 25.7127 815.475 2382.13 0 0 0 -136.17 -12.9524 2363.32 -128.417 -471.814 2384.73 0 0 0 -109.214 -907.063 2471.74 65.1826 -18.8008 2388.51 142.137 -469.574 2432.06 0 0 0 165.847 -901.941 2531.72
19921442 -24.4047 593.425 2452.08 -30.4695 382.791 2426.63 -33.4773 183.634 2402.21 0 0 0 0 0 0 -206.33 388.348 2402.98 -283.03 624.477 2273.93 0 0 0 -79.4033 815.709 2355.35 0 0 0 0 0 0 145.391 377.233 2450.29 259.111 634.34 2346.19 0 0 0 28.3035 810.724 2371.62 0 0 0 -137.034 -12.3446 2364.26 -129.294 -471.265 2384.69 0 0 0 -111.944 -906.689 2471.39 64.0641 -18.6997 2391.31 140.026 -469.681 2434.93 0 0 0 162.174 -902.717 2532
19986550 -24.7142 594.122 2458.91 -29.8024 383.708 2429.76 -32.8159 184.808 2403.33 0 0 0 0 0 0 -205.716 389.465 2406.49 -283.176 623.504 2265.94 0 0 0 -81.9603 814.633 2353.25 0 0 0 0 0 0 146.111 377.951 2453.02 262.026 627.375 2344.74 0 0 0 35.2249 809.551 2364.17 0 0 0 -136.404 -10.8015 2363.59 -129.631 -469.925 2378.49 0 0 0 -110.582 -903.552 2473.17 64.745 -17.3843 2390.19 143.6 -468.124 2431.17 0 0 0 165.039 -901.304 2527.79
20021550 -24.5592 597.212 2469.82 -29.2068 385.949 2435.86 -32.1011 187.512 2406.24 0 0 0 0 0 0 -205.047 392.058 2412.11 -298.252 602.112 2257.25 0 0 0 -103.286 801.679 2339.04 0 0 0 0 0 0 146.633 379.84 2459.61 274.557 608.672 2342.41 0 0 0 55.6048 800.489 2351.84 0 0 0 -135.53 -7.43201 2363.04 -128.348 -466.617 2376.33 0 0 0 -111.72 -900.04 2472.58 65.5393 -14.4179 2390.19 145.109 -465.109 2430.54 0 0 0 164.543 -897.709 2530.1
20054919 -24.0248 595.85 2467.26 -29.1195 382.934 2437.32 -32.4825 184.223 2409.59 0 0 0 0 0 0 -205.044 389.135 2414.22 -321.7 575.087 2249.08 0 0 0 -128.043 779.902 2319.88 0 0 0 0 0 0 146.805 376.734 2460.42 290.589 585.797 2338.82 0 0 0 77.795 784.562 2337.78 0 0 0 -136.429 -10.9437 2368.66 -132.834 -470.083 2384.46 0 0 0 -111.831 -904.296 2476.1 64.7381 -18.0341 2395.07 140.779 -469.307 2435.69 0 0 0 163.648 -902.429 2532.12
20121658 -24.2158 597.616 2473.96 -28.651 383.371 2443.76 -32.2721 184.805 2414.97 0 0 0 0 0 0 -204.588 389.904 2420.84 -322.848 547.545 2241.05 0 0 0 -138.184 761.211 2299.37 0 0 0 0 0 0 147.286 376.838 2466.68 300.296 552.894 2328.92 0 0 0 99.0965 761.838 2319.64 0 0 0 -136.484 -10.0257 2373.06 -131.099 -469.281 2383.59 0 0 0 -107.967 -903.457 2475.06 64.6975 -17.4958 2399.27 143.014 -468.784 2434.84 0 0 0 162.984 -901.841 2532.24
20155027 -23.2303 597.552 2477.83 -27.6812 382.644 2448.93 -31.3284 184.022 2420.47 0 0 0 0 0 0 -203.524 389.256 2425.31 -333.423 509.275 2234.51 0 0 0 -155.662 731.071 2266.06 0 0 0 0 0 0 148.161 376.033 2472.54 311.646 511.446 2322.96 0 0 0 118.803 725.044 2298.81 0 0 0 -135.514 -10.8208 2378.51 -128.747 -470.138 2382.58 0 0 0 -110.213 -903.153 2480.17 65.5622 -18.3812 2405.51 145.611 -469.722 2436.11 0 0 0 164.079 -902.553 2534.84
20219601 -23.2996 597.077 2471.77 -27.0352 380.989 2450.45 -29.9 181.779 2426.81 0 0 0 0 0 0 -202.776 386.436 2425.85 -342.221 466.148 2227.74 0 0 0 -177.916 698.013 2243.57 0 0 0 0 0 0 148.706 375.542 2475.05 322.309 468.712 2321 0 0 0 143.988 685.647 2274.81 0 0 0 -133.248 -14.316 2389.1 -127.307 -473.689 2390.73 0 0 0 -108.663 -907.441 2485.12 67.7181 -20.5448 2417.23 147.039 -472.257 2444.2 0 0 0 165.241 -906.275 2537.51
20255135 -24.7351 595.751 2468.23 -27.3646 379.115 2451.76 -29.3811 179.482 2431.98 0 0 0 0 0 0 -203.167 383.309 2427.36 -346.106 401.072 2223.86 0 0 0 -193.014 631.455 2191.77 0 0 0 0 0 0 148.438 374.92 2476.17 327.156 398.859 2323.01 0 0 0 162.316 598.735 2220.91 0 0 0 -131.913 -17.7524 2398.23 -130.457 -477.105 2393.89 0 0 0 -107.876 -911.982 2481.84 69.1177 -22.549 2426.14 145.089 -475.2 2444.18 0 0 0 164.283 -909.264 2537.18
20319480 -24.708 596.311 2466.96 -27.129 379.143 2453.04 -28.6432 179.294 2435.24 0 0 0 0 0 0 -202.842 382.714 2427.89 -349.057 334.038 2232.92 0 0 0 -220.48 565.768 2157.28 0 0 0 0 0 0 148.584 375.573 2478.19 327.572 331.427 2330.01 0 0 0 192.031 523.357 2187.67 0 0 0 -130.62 -18.5143 2403.07 -129.79 -477.662 2390.03 0 0 0 -109.403 -912.366 2479.57 70.3055 -22.5975 2431.82 142.806 -476.04 2439.43 0 0 0 166.327 -909.194 2535.52
20355242 -23.9221 597.031 2466.33 -25.8776 379.453 2453.46 -27.1266 179.535 2436.16 0 0 0 0 0 0 -201.349 382.866 2426.69 -340.531 254.02 2260.95 0 0 0 -249.016 440.751 2104.03 0 0 0 0 0 0 149.594 376.04 2480.23 312.782 270.712 2355.51 0 0 0 235.092 382.439 2149.03 0 0 0 -128.704 -18.4313 2403.55 -130.402 -477.535 2387.72 0 0 0 -107.501 -913.026 2472.69 71.9525 -22.3339 2434.17 142.934 -476.134 2435.95 0 0 0 167.94 -909.523 2530.68
20388612 -23.2394 595.84 2466.02 -24.6291 378.899 2453.43 -25.7437 178.93 2436.59 0 0 0 0 0 0 -199.767 382.303 2424.6 -327.767 213.512 2277.47 0 0 0 -259.489 326.287 2063.17 0 0 0 0 0 0 150.509 375.495 2482.26 297.387 211.354 2377.76 0 0 0 255.806 265.33 2131.6 0 0 0 -126.997 -19.0927 2403.26 -132.867 -478.13 2386.04 0 0 0 -106.113 -912.59 2475.03 73.2805 -22.9857 2436.24 141.004 -477.32 2433.92 0 0 0 167.746 -909.491 2533.53
20455350 -24.8019 596.363 2456.86 -25.4045 378.45 2450.41 -25.8004 178.2 2437.95 0 0 0 0 0 0 -200.573 380.588 2421.61 -314.88 142.755 2306.22 0 0 0 -270.999 202.597 2055.44 0 0 0 0 0 0 149.764 376.312 2479.21 274.193 157.178 2402.89 0 0 0 259.724 118.673 2151.66 0 0 0 -126.346 -20.8266 2409.03 -137.28 -479.769 2391.69 0 0 0 -107.71 -912.878 2486.15 73.9533 -23.2717 2441.96 142.325 -477.527 2436.89 0 0 0 165.213 -909.704 2537.44
20488719 -23.6831 594.818 2445.78 -23.8502 375.945 2446.33 -23.8781 175.49 2438.32 0 0 0 0 0 0 -198.917 377.147 2416.85 -301.446 101.884 2343.1 0 0 0 -268.45 82.3305 2081.17 0 0 0 0 0 0 151.217 374.742 2475.81 248.086 121.582 2423.45 0 0 0 252.011 9.67107 2186.36 0 0 0 -123.999 -24.2778 2413.45 -137.564 -483.045 2393.25 0 0 0 -104.579 -917.718 2478.62 76.1868 -25.6531 2447.16 144.532 -479.759 2435.18 0 0 0 166.344 -911.51 2537.84
20552531 -25.1258 590.234 2435.24 -24.292 371.639 2441.49 -23.4216 171.069 2437.13 0 0 0 0 0 0 -199.479 371.504 2412.71 -289.714 82.4349 2363.53 0 0 0 -253.3 -17.883 2118.27 0 0 0 0 0 0 150.895 371.774 2470.26 231.549 98.2983 2435.23 0 0 0 241.173 -76.1269 2229.77 0 0 0 -122.715 -29.5771 2416.32 -140.029 -488.186 2395.25 0 0 0 -104.129 -923.817 2474.44 77.6121 -29.4229 2449.22 142.842 -483.925 2434.41 0 0 0 165.518 -915.64 2537.09
20588827 -25.7232 589.784 2425.97 -24.1028 371.123 2437.72 -23.0341 170.513 2437.46 0 0 0 0 0 0 -198.971 370.232 2407.11 -270.377 58.2354 2383.26 0 0 0 -233.89 -122.627 2189.42 0 0 0 0 0 0 150.765 372.015 2468.33 214.772 89.992 2444.25 0 0 0 232.585 -139.934 2308.15 0 0 0 -121.949 -30.6077 2419.69 -139.759 -489.327 2401.39 0 0 0 -106.273 -926.029 2475.76 78.0182 -29.5879 2454.7 142.475 -484.265 2441.05 0 0 0 164.828 -916.916 2539.73
20652410 -26.8941 592.061 2428.84 -24.2832 373.496 2437.19 -23.2521 172.861 2435.31 0 0 0 0 0 0 -199.367 372.872 2407.81 -260.832 65.4604 2404.75 0 0 0 -229.02 -166.156 2259.15 0 0 0 0 0 0 150.801 374.12 2466.57 202.178 89.4025 2451 0 0 0 226.555 -170.366 2361.96 0 0 0 -122.323 -28.1312 2416.63 -140.847 -486.465 2391.55 0 0 0 -107.763 -922.54 2469.86 77.8808 -27.4177 2450.22 140.479 -482.032 2429.3 0 0 0 164.07 -913.864 2531.23
20688935 -29.1213 590.963 2423.76 -26.2837 373.222 2433.15 -24.8328 172.563 2432.59 0 0 0 0 0 0 -201.442 372.036 2404.21 -248.152 71.6351 2419.16 0 0 0 -231.214 -193.162 2329.37 0 0 0 0 0 0 148.875 374.408 2462.1 192.232 94.456 2458.39 0 0 0 215.358 -182.138 2411.48 0 0 0 -123.526 -28.7736 2415.48 -142.203 -487.318 2394.42 0 0 0 -111.477 -922.614 2477.84 76.7619 -27.4178 2448.58 139.121 -482.329 2435.47 0 0 0 162.304 -915.484 2531.6
20752289 -31.2165 592.335 2412.73 -27.825 374.656 2428.39 -25.911 174.06 2431.93 0 0 0 0 0 0 -203.393 372.52 2402.24 -239.704 67.06 2429.84 0 0 0 -229.82 -214.756 2372.31 0 0 0 0 0 0 147.743 376.793 2454.54 184.031 95.6971 2465.66 0 0 0 206.441 -189.288 2438.44 0 0 0 -124.389 -27.7574 2420.51 -142.614 -486.495 2403.51 0 0 0 -108.709 -922.432 2482.21 76.3954 -25.3139 2450.42 139.01 -480.187 2435.59 0 0 0 163.85 -911.567 2538.85
20785582 -33.7533 592.615 2407.21 -30.0546 375.384 2425.22 -27.7452 174.834 2431.12 0 0 0 0 0 0 -205.633 372.594 2399.11 -238.296 70.3217 2438.27 0 0 0 -225.801 -219.701 2395.54 0 0 0 0 0 0 145.524 378.174 2451.32 180.153 98.8738 2475.44 0 0 0 201.886 -190.045 2451.94 0 0 0 -125.815 -27.3112 2422.1 -143.61 -485.918 2401.35 0 0 0 -107.457 -922.801 2473.4 74.9436 -24.1211 2451.95 137.396 -478.909 2433.74 0 0 0 163.315 -910.285 2536.94
20822412 -35.0329 588.327 2403.96 -30.0326 371.463 2422.58 -26.7837 170.918 2428.85 0 0 0 0 0 0 -205.562 367.795 2396.22 -238.741 74.1605 2450.51 0 0 0 -222.221 -218.641 2405.91 0 0 0 0 0 0 145.497 375.131 2448.94 178.169 100.173 2485.18 0 0 0 199.659 -190.221 2457.96 0 0 0 -123.891 -31.7235 2420.05 -139.087 -490.168 2394.51 0 0 0 -106.153 -926.345 2472.17 76.821 -27.5294 2450.2 139.64 -482.337 2433.32 0 0 0 166.174 -914.814 2531.61
20855781 -36.7251 589.046 2403.33 -31.2263 372.988 2421.26 -27.5583 172.431 2427.27 0 0 0 0 0 0 -207.008 369.037 2396.72 -238.904 72.1974 2454.49 0 0 0 -219.533 -221.936 2408.98 0 0 0 0 0 0 144.556 376.938 2445.81 179.12 98.7113 2489.61 0 0 0 201.786 -192.569 2463.09 0 0 0 -124.396 -30.3844 2419.25 -138.476 -489.082 2397.86 0 0 0 -109.264 -925.963 2473.16 76.6154 -25.8666 2447.32 141.69 -480.513 2437.17 0 0 0 163.75 -914.681 2528.64
20918754 -38.8312 590.258 2403.52 -32.5296 374.119 2420.83 -27.5561 173.604 2427.32 0 0 0 0 0 0 -208.187 368.946 2395.61 -239.11 72.6401 2455.77 0 0 0 -223.092 -222.43 2409.73 0 0 0 0 0 0 143.127 379.291 2446.05 179.26 101.993 2488.6 0 0 0 210.126 -188.918 2462.54 0 0 0 -123.013 -29.8691 2419.38 -135.868 -488.71 2400.04 0 0 0 -106.533 -925.688 2474.93 77.8479 -23.9541 2448.22 144.439 -478.468 2442.74 0 0 0 165.669 -913.048 2532.67
20955889 -39.1822 589.871 2402.11 -32.0015 373.204 2420.61 -26.2057 172.716 2427.36 0 0 0 0 0 0 -207.474 367.246 2394.3 -238.693 71.4402 2451.27 0 0 0 -226.393 -224.21 2405.21 0 0 0 0 0 0 143.471 379.162 2446.92 177.463 102.858 2483.73 0 0 0 216.673 -187.39 2459.78 0 0 0 -120.736 -31.1785 2419.06 -132.25 -490.025 2398.75 0 0 0 -104.515 -926.871 2475.07 79.9158 -24.3653 2449.15 143.758 -479.292 2443.44 0 0 0 167.079 -913.852 2533.06
20989258 -40.3369 589.992 2401.4 -32.4788 373.629 2420.68 -26.3262 173.156 2427.65 0 0 0 0 0 0 -208.015 367.343 2394.84 -238.201 69.3142 2446.33 0 0 0 -227.268 -226.379 2398.82 0 0 0 0 0 0 143.057 379.915 2446.52 176.661 101.468 2479.72 0 0 0 221.203 -186.908 2445.26 0 0 0 -120.533 -30.9107 2419.85 -136.258 -489.675 2400.82 0 0 0 -106.36 -926.703 2475.27 80.1861 -23.7229 2449.4 142.253 -478.89 2442.35 0 0 0 165.138 -913.68 2531.04
21051926 -40.9531 589.71 2401.56 -33.3716 373.809 2421.17 -27.2121 173.331 2428.06 0 0 0 0 0 0 -208.994 367.544 2395.9 -237.946 68.8492 2443.46 0 0 0 -225.109 -225.502 2388.57 0 0 0 0 0 0 142.251 380.074 2446.44 181.542 99.6084 2477.99 0 0 0 223.462 -187.237 2430.56 0 0 0 -121.463 -30.728 2420.51 -134.469 -489.45 2398.66 0 0 0 -111.22 -925.962 2477.95 79.3582 -23.5641 2449.41 142.612 -478.549 2440.83 0 0 0 163.144 -912.911 2532.13
21089366 -41.1708 590.493 2401.63 -33.2442 374.591 2421.82 -26.9014 174.104 2428.26 0 0 0 0 0 0 -208.457 368.154 2394 -237.281 67.435 2438.51 0 0 0 -225.783 -224.347 2371.69 0 0 0 0 0 0 141.969 381.028 2449.64 183.912 97.5766 2471.24 0 0 0 224.417 -186.755 2409.95 0 0 0 -120.746 -30.0644 2418.79 -132.56 -488.829 2396.86 0 0 0 -108.967 -925.707 2474.23 79.6286 -22.7031 2450.61 144.004 -477.479 2439.61 0 0 0 164.42 -910.143 2538.43
21122735 -42.4768 589.274 2403.18 -34.3108 373.417 2422.19 -27.6098 172.923 2428.01 0 0 0 0 0 0 -209.482 366.748 2394.1 -237.349 69.1874 2435.83 0 0 0 -223.437 -219.897 2358.64 0 0 0 0 0 0 140.861 380.087 2450.29 186.429 98.4966 2466.04 0 0 0 222.854 -182.233 2388.63 0 0 0 -121.057 -31.3846 2417.76 -131.792 -489.991 2392.37 0 0 0 -111.787 -923.325 2486.87 79.2397 -23.7585 2449.88 141.277 -478.724 2434.75 0 0 0 164.78 -910.303 2537.57
21189474 -42.7177 588.542 2401.94 -34.3683 372.398 2421.58 -27.5194 171.914 2427.61 0 0 0 0 0 0 -209.751 365.604 2394.87 -236.535 66.8159 2429.72 0 0 0 -220.553 -221.51 2349.51 0 0 0 0 0 0 141.015 379.192 2448.29 189.881 97.5461 2461.75 0 0 0 217.369 -178.448 2366.76 0 0 0 -120.945 -32.4547 2418.36 -131.82 -491.201 2395.62 0 0 0 -112.15 -926.108 2483.37 79.6048 -24.6855 2448.9 140.892 -479.759 2433.49 0 0 0 166.187 -910.471 2539.56
21222843 -43.6712 588.078 2402.32 -35.6059 372.133 2421.34 -28.9 171.64 2427.24 0 0 0 0 0 0 -211.2 365.515 2396.02 -236.173 65.1941 2426.32 0 0 0 -220.868 -222.225 2342.49 0 0 0 0 0 0 139.989 378.751 2446.67 197.441 87.2718 2456.87 0 0 0 216.287 -183.855 2346.26 0 0 0 -122.59 -32.6375 2418.66 -135.401 -491.234 2393.96 0 0 0 -112.284 -925.779 2483.18 78.202 -25.0696 2447.62 140.587 -480.097 2435.93 0 0 0 164.077 -912.843 2533.53
21284977 -43.9649 589.395 2402.01 -35.7623 373.367 2421.07 -28.9885 172.874 2426.89 0 0 0 0 0 0 -211.021 366.648 2393.58 -236.168 65.4652 2423.51 0 0 0 -218.705 -221.783 2339.32 0 0 0 0 0 0 139.496 380.087 2448.55 201.22 79.1365 2453.44 0 0 0 215.981 -188.273 2334.4 0 0 0 -122.423 -31.4613 2417 -131.775 -490.025 2390.37 0 0 0 -110.381 -924.76 2479.43 77.9934 -23.7772 2448.43 143.646 -478.36 2437.34 0 0 0 164.43 -910.062 2540.12
21322951 -42.7557 591.961 2408.86 -34.8663 375.224 2422.97 -27.6589 174.703 2426.03 0 0 0 0 0 0 -210.092 368.503 2395.22 -236.122 67.0352 2422.4 0 0 0 -218.445 -219.742 2336.55 0 0 0 0 0 0 140.359 381.945 2450.72 202.611 71.5701 2449.73 0 0 0 212.351 -194.286 2325.74 0 0 0 -120.631 -29.6593 2413.22 -131.88 -488.417 2391.36 0 0 0 -103.944 -924.174 2472.92 79.7283 -21.9741 2444.95 144.307 -476.636 2431.04 0 0 0 167.592 -908.085 2534.52
21356320 -41.6065 593.6 2412.79 -33.9372 376.245 2424 -26.4247 175.716 2424.99 0 0 0 0 0 0 -209.275 369.543 2396.95 -235.874 68.7388 2420.37 0 0 0 -218.016 -218.649 2336.57 0 0 0 0 0 0 141.401 382.947 2451.06 202.301 67.2811 2446.86 0 0 0 210.668 -198.4 2322.7 0 0 0 -119.16 -28.6445 2410.51 -131.597 -487.368 2388.19 0 0 0 -107.111 -922.239 2475.51 81.3352 -20.9809 2441.45 142.879 -476.131 2430.29 0 0 0 167.835 -907.464 2533.97
21423058 -41.6454 594.197 2415.25 -33.9075 376.723 2424.52 -26.261 176.189 2424.45 0 0 0 0 0 0 -209.318 370.044 2397.91 -236.155 70.3267 2422.5 0 0 0 -223.299 -217.845 2340.63 0 0 0 0 0 0 141.503 383.401 2451.13 202.649 65.6389 2443.44 0 0 0 210.237 -201.626 2325.75 0 0 0 -118.904 -28.1633 2409.16 -131.371 -486.953 2388.04 0 0 0 -112.912 -921.565 2478.15 81.6748 -20.5263 2439.58 142.973 -475.791 2433.1 0 0 0 165.691 -907.688 2534.96
21484735 -41.7981 591.256 2408.47 -33.1412 374.825 2422.55 -25.3201 174.311 2424.46 0 0 0 0 0 0 -208.673 367.733 2396.87 -238.014 68.4593 2423.81 0 0 0 -223.532 -219.15 2340.17 0 0 0 0 0 0 142.391 381.917 2448.22 200.396 74.3155 2444.95 0 0 0 211.491 -193.106 2329.35 0 0 0 -117.86 -30.2588 2411.7 -129.213 -488.93 2387.66 0 0 0 -112.982 -922.511 2483.1 82.8617 -22.1489 2441.06 142.333 -477.641 2432.85 0 0 0 167.365 -907.37 2542.71
21518028 -42.0213 590.294 2412.09 -32.6642 373.509 2422.61 -24.8529 172.987 2422.52 0 0 0 0 0 0 -208.408 366.673 2398.38 -237.325 67.7333 2423.37 0 0 0 -225.421 -220.805 2342.59 0 0 0 0 0 0 143.079 380.345 2446.84 198.082 78.133 2446.22 0 0 0 211.887 -190.355 2334.2 0 0 0 -117.525 -31.4441 2408.58 -132.656 -490.169 2388.42 0 0 0 -112.006 -925.562 2473.8 83.4416 -23.6273 2436.29 141.192 -479.308 2426.16 0 0 0 166.585 -908.434 2538.43
