9543605 -5.2946 598.849 2361.93 -14.0768 339.909 2378.07 -19.2483 140.233 2378.75 0 0 0 0 0 0 -166.526 343.937 2401.62 -214.551 80.2052 2488.93 0 0 0 -222.338 -205.978 2449.25 0 0 0 0 0 0 138.372 335.88 2354.51 151.96 73.6971 2449.76 0 0 0 191.38 -200.216 2450 0 0 0 -118.33 -56.9614 2393.94 -137.008 -509.456 2404.4 0 0 0 -115.78 -924.307 2503.15 69.4906 -61.9249 2364.92 117.388 -498.852 2407.1 0 0 0 133.947 -917.82 2506.88
9599610 -11.209 599.274 2360.6 -15.8865 341.939 2377.66 -20.7994 141.406 2379.94 0 0 0 0 0 0 -169.573 345.936 2398.12 -212.135 82.6911 2487.38 0 0 0 -229.645 -184.27 2440.42 0 0 0 0 0 0 137.8 337.941 2357.2 149.223 74.7628 2455.02 0 0 0 194.629 -198.561 2444.55 0 0 0 -120.68 -56.6571 2394.85 -138.492 -511.788 2405.36 0 0 0 -119.849 -931.579 2510.8 69.2555 -61.5974 2369.57 117.059 -497.133 2404.62 0 0 0 131.628 -915.572 2504.26
9643713 -15.5985 600.159 2361.53 -21.1415 345.118 2378.93 -25.9223 144.885 2380.24 0 0 0 0 0 0 -171.83 348.836 2397.2 -210.744 85.3515 2484.92 0 0 0 -241.267 -183.539 2425.37 0 0 0 0 0 0 129.547 341.401 2360.66 144.124 81.9817 2456.1 0 0 0 212.288 -199.576 2418.07 0 0 0 -125.198 -53.0171 2393.01 -139.732 -509.547 2405.1 0 0 0 -118.94 -924.283 2510.41 63.7916 -57.6796 2370.1 113.811 -500.076 2403.56 0 0 0 131.107 -918.115 2505.93
9699489 -16.9294 600.915 2362.02 -24.0298 347.137 2379.21 -29.0138 144.975 2381.24 0 0 0 0 0 0 -172.996 350.978 2395.95 -212.325 88.77 2484.95 0 0 0 -259.032 -182.227 2429.49 0 0 0 0 0 0 124.936 343.296 2362.47 142.634 83.3351 2454.1 0 0 0 225.453 -198.026 2401.78 0 0 0 -129.924 -54.7133 2394.05 -140.654 -511.594 2406.05 0 0 0 -118.217 -931.706 2514.13 61.9286 -59.6597 2372.49 112.826 -499.802 2404.6 0 0 0 130.725 -917.952 2506.4
9743821 -19.4399 600.777 2362.29 -28.136 348.089 2379.8 -32.4735 145.087 2382.09 0 0 0 0 0 0 -178.469 351.48 2395.64 -231.707 74.5397 2475.84 0 0 0 -266.219 -155.965 2410.34 0 0 0 0 0 0 122.197 344.698 2363.95 142.149 85.6262 2452.43 0 0 0 235.973 -171.106 2364.37 0 0 0 -133.323 -55.7382 2394.56 -143.021 -518.183 2406 0 0 0 -118.419 -936.215 2513.02 59.7005 -60.0924 2374.21 112.438 -499.965 2406.39 0 0 0 130.931 -917.229 2508.81
9799368 -23.3119 600.038 2361.86 -32.9795 349.692 2379.76 -36.0403 145.452 2381.71 0 0 0 0 0 0 -185.829 352.117 2393.88 -227.451 76.4287 2478.17 0 0 0 -271.523 -209.06 2384.94 0 0 0 0 0 0 119.87 347.266 2365.64 144.505 88.1327 2450.34 0 0 0 242.489 -162.335 2350.02 0 0 0 -136.137 -57.2478 2392.62 -143.565 -518.409 2404.93 0 0 0 -119.329 -936.233 2510.67 57.935 -60.3269 2374.69 111.188 -500.402 2407.9 0 0 0 131.192 -916.127 2509.85
9843928 -24.2655 599.736 2361.42 -42.5415 348.951 2382.88 -41.4929 144.421 2382.7 0 0 0 0 0 0 -200.995 348.127 2396.86 -227.924 75.8848 2478.69 0 0 0 -279.77 -204.326 2369.87 0 0 0 0 0 0 115.912 349.776 2368.9 147.186 89.1339 2449.07 0 0 0 242.685 -160.478 2312.1 0 0 0 -136.996 -60.6127 2391.04 -144.625 -521.364 2405.35 0 0 0 -120.594 -939.746 2512.01 56.1076 -59.6075 2374 110.166 -498.898 2408.25 0 0 0 130.182 -914.253 2506.38
9899247 -26.8862 599.996 2361.5 -42.2901 348.716 2381.74 -41.6354 144.103 2381.76 0 0 0 0 0 0 -200.073 348.212 2394.23 -236.15 70.5765 2475.27 0 0 0 -278.101 -209.489 2345.6 0 0 0 0 0 0 115.492 349.219 2369.24 157.715 89.2701 2441.58 0 0 0 240.078 -143.976 2297.3 0 0 0 -136.807 -60.8162 2389.38 -145.658 -521.137 2405.38 0 0 0 -123.955 -939.766 2511.59 54.8457 -60.205 2374.2 110.01 -498.847 2408.94 0 0 0 130.115 -913.827 2505.9
9944036 -32.5719 602.401 2363.2 -43.2463 348.115 2381.77 -42.7831 144.111 2380.99 0 0 0 0 0 0 -201.067 347.711 2393.55 -240.491 66.3572 2471.71 0 0 0 -275.156 -209.585 2327.96 0 0 0 0 0 0 114.575 348.518 2369.99 165.459 89.592 2431.39 0 0 0 225.612 -159.001 2282.61 0 0 0 -136.861 -60.1339 2387.27 -146.725 -519.507 2404.44 0 0 0 -123.972 -936.2 2510.05 52.2217 -59.6506 2373.16 109.742 -500.63 2409.37 0 0 0 131.16 -914.8 2506.99
9999126 -37.1792 602.94 2363.63 -43.2157 347.783 2383.59 -42.503 144.577 2382.33 0 0 0 0 0 0 -199.611 347.169 2394.09 -243.86 53.7199 2459.97 0 0 0 -269.535 -220.691 2313.34 0 0 0 0 0 0 113.18 348.396 2373.1 169.315 89.9457 2419.56 0 0 0 220.531 -159.474 2281.54 0 0 0 -135.664 -58.997 2387.37 -147.124 -518.906 2403.5 0 0 0 -121.941 -937.09 2506.82 52.083 -58.2604 2374.77 110.642 -501.68 2409.91 0 0 0 131.335 -920.339 2508.62
10044144 -43.0237 601.086 2365.49 -47.4621 345.959 2385.64 -44.1484 143.365 2383.48 0 0 0 0 0 0 -207.287 343.234 2395.99 -243.23 55.9623 2461.99 0 0 0 -263.317 -211.192 2300.01 0 0 0 0 0 0 112.363 348.684 2375.3 168.521 89.4167 2420.1 0 0 0 207.481 -157.108 2274.97 0 0 0 -134.347 -60.8237 2387.37 -147.476 -519.338 2402.25 0 0 0 -123.742 -936.09 2503.22 52.6779 -57.6354 2375.26 111.279 -500.762 2410.61 0 0 0 132.282 -923.019 2511.35
10099005 -44.9083 600.665 2365.79 -45.844 346.202 2385.72 -43.2814 144.072 2383.43 0 0 0 0 0 0 -204.824 344.069 2396.09 -242.781 55.9045 2461.61 0 0 0 -263.009 -214.405 2296.13 0 0 0 0 0 0 113.136 348.336 2375.36 168.021 89.2628 2416.63 0 0 0 200.354 -153.759 2282.78 0 0 0 -133.79 -59.307 2387.2 -146.643 -516.751 2401.61 0 0 0 -124.837 -933.101 2500.59 52.3526 -56.8091 2375.06 112.407 -501.01 2410.46 0 0 0 132.441 -922.552 2510.63
10144252 -45.2148 599.485 2365.29 -45.0506 345.434 2385.95 -43.055 144.731 2383.71 0 0 0 0 0 0 -203.359 343.762 2394.77 -242.112 49.2913 2452.02 0 0 0 -261.396 -229.396 2300.58 0 0 0 0 0 0 113.258 347.107 2377.14 164.328 89.1303 2421.18 0 0 0 187.49 -159.721 2296.14 0 0 0 -136.574 -56.982 2386.78 -146.069 -512.789 2402.33 0 0 0 -125.046 -929.582 2500.27 54.4555 -54.9637 2376.14 112.668 -502.007 2408.85 0 0 0 131.754 -922.952 2507.21
10198884 -46.6832 598.806 2365.07 -46.519 345.643 2386.26 -42.9338 145.527 2382.95 0 0 0 0 0 0 -205.067 342.69 2393.11 -241.401 45.642 2446.45 0 0 0 -249.831 -230.376 2292.32 0 0 0 0 0 0 112.029 348.597 2379.42 162.319 91.0452 2426.6 0 0 0 186.681 -154.416 2307.16 0 0 0 -134.162 -56.356 2383.73 -144.02 -507.96 2398.29 0 0 0 -123.976 -933.199 2502.63 55.4654 -52.8231 2375.54 112.101 -497.556 2407.65 0 0 0 131.094 -918.715 2505.5
10232177 -50.4837 597.466 2365.34 -46.0458 344.449 2386.32 -42.4718 145.164 2383.77 0 0 0 0 0 0 -204.365 341.528 2392.66 -240.473 44.3044 2443.01 0 0 0 -243.25 -231.236 2294.27 0 0 0 0 0 0 112.274 347.369 2379.99 164.741 88.6804 2427.25 0 0 0 182.625 -172.683 2324.1 0 0 0 -133.15 -55.8596 2384.99 -142.304 -506.636 2398.48 0 0 0 -123.627 -932.993 2503.72 55.3549 -52.3824 2377.45 112.582 -497.475 2405.95 0 0 0 130.879 -918.346 2504.72
10298763 -51.057 597.286 2365.7 -47.5828 344.971 2387.3 -43.0231 145.33 2384.25 0 0 0 0 0 0 -206.465 341.242 2393.8 -239.869 47.8989 2446.4 0 0 0 -241.248 -233.899 2315.47 0 0 0 0 0 0 111.3 348.699 2380.79 163.091 90.5338 2438.54 0 0 0 182.673 -173.908 2334.45 0 0 0 -132.954 -56.5285 2385.06 -142.049 -509.823 2399 0 0 0 -123.467 -935.433 2504.01 56.0272 -52.094 2377.33 112.33 -497.45 2404.87 0 0 0 130.51 -917.953 2504.91
10332056 -51.7468 597.012 2366.11 -49.0336 343.808 2387.79 -42.0177 147.306 2382.74 0 0 0 0 0 0 -208.679 337.972 2393.11 -237.765 36.3467 2456.94 0 0 0 -239.504 -233.948 2312.57 0 0 0 0 0 0 110.612 349.645 2382.46 161.461 90.8094 2436.8 0 0 0 190.962 -163.622 2348.49 0 0 0 -126.715 -52.5495 2380.75 -139.85 -510.389 2397.08 0 0 0 -121.906 -940.554 2500.57 56.7114 -45.8434 2374.63 111.884 -492.828 2402.55 0 0 0 130.419 -913.958 2503.31
10377836 -52.3726 597.114 2367.4 -49.8742 345.106 2387.96 -42.4802 148.2 2382.82 0 0 0 0 0 0 -207.867 339.04 2393.05 -235.539 48.2828 2458.08 0 0 0 -239.727 -245.117 2320.81 0 0 0 0 0 0 108.118 351.172 2382.87 156.506 92.7484 2436.82 0 0 0 187.992 -158.216 2366.08 0 0 0 -128.325 -52.2865 2380.68 -135.745 -505.91 2393.22 0 0 0 -120.739 -940.872 2496.41 58.1529 -45.1271 2374.67 112.063 -492.671 2402.72 0 0 0 130.413 -914.364 2503.46
10431935 -54.5666 597.193 2368.63 -49.2497 349.768 2388.45 -42.3042 154.315 2382.34 0 0 0 0 0 0 -205.913 344.057 2393.05 -231.282 69.3546 2456.93 0 0 0 -240.492 -251.645 2333.35 0 0 0 0 0 0 107.414 355.478 2383.86 156.244 97.5986 2435.08 0 0 0 195.186 -151.804 2372.01 0 0 0 -130.812 -44.6177 2379.03 -134.836 -509.302 2393.26 0 0 0 -120.876 -947.283 2497.85 60.0945 -37.6587 2373.43 112.531 -485.89 2401.3 0 0 0 130.807 -908.201 2502.08
10477944 -56.1897 598.003 2369.52 -50.1545 348.332 2388.42 -43.3426 154.312 2384.63 0 0 0 0 0 0 -207.038 342.682 2395.72 -230.176 65.3988 2465.45 0 0 0 -240.265 -252.449 2340.36 0 0 0 0 0 0 106.73 353.983 2381.12 147.077 94.3942 2428.36 0 0 0 194.514 -152.766 2362.52 0 0 0 -134.536 -43.2388 2385.4 -136.374 -511.376 2389.68 0 0 0 -121.419 -948.206 2496.61 61.4742 -36.1789 2376.28 112.823 -484.158 2404.56 0 0 0 131.109 -908.461 2506.36
10531814 -58.2134 598.711 2371.77 -50.3189 348.499 2388.37 -43.2155 153.929 2385.19 0 0 0 0 0 0 -206.628 342.656 2396.72 -230.342 66.1129 2467.87 0 0 0 -241.565 -255.305 2339.27 0 0 0 0 0 0 105.99 354.342 2380.01 147.849 93.0611 2426.49 0 0 0 204.715 -160.411 2365.63 0 0 0 -134.647 -44.3244 2387.28 -138.418 -513.35 2390.79 0 0 0 -121.063 -946.67 2497.02 62.4229 -36.9578 2376.75 112.673 -484.54 2406.25 0 0 0 130.574 -909.097 2509.12
10578052 -57.3646 598.631 2372.31 -50.7431 348.372 2389.1 -45.612 158.737 2384.72 0 0 0 0 0 0 -206.56 343.908 2399.83 -229.506 67.7424 2469.55 0 0 0 -244.238 -239.833 2345.69 0 0 0 0 0 0 105.073 352.836 2378.37 143.104 86.5683 2420.59 0 0 0 214.647 -175.752 2365.1 0 0 0 -133.142 -33.5527 2386.71 -139.291 -501.743 2389.67 0 0 0 -119.108 -935.732 2496.93 52.1807 -28.2433 2373.95 113.219 -495.155 2408.43 0 0 0 129.658 -921.016 2512.37
10631693 -56.7382 598.917 2372.8 -50.3927 347.501 2390 -45.2529 155.403 2389.32 0 0 0 0 0 0 -204.654 343.323 2404.46 -228.583 66.9701 2473.17 0 0 0 -244.919 -237.005 2347.31 0 0 0 0 0 0 103.869 351.679 2375.53 142.196 82.0639 2414.37 0 0 0 210.285 -176.94 2359.64 0 0 0 -138.07 -39.3485 2397.84 -140.147 -503.072 2385.87 0 0 0 -118.753 -938.502 2494.87 57.8432 -34.0422 2379.47 112.885 -491.476 2411.37 0 0 0 129.593 -918.628 2516.04
10698279 -56.4965 598.754 2373.88 -49.8322 346.863 2391.1 -44.3188 153.216 2388.49 0 0 0 0 0 0 -203.716 342.318 2403.21 -231.567 61.5561 2473.23 0 0 0 -244.196 -236.473 2339.14 0 0 0 0 0 0 104.052 351.407 2378.99 147.572 82.6365 2418.26 0 0 0 206.279 -172.845 2348.15 0 0 0 -136.612 -43.3183 2393.58 -140.147 -503.503 2388.22 0 0 0 -118.77 -937.917 2497.55 59.0006 -37.5417 2378.19 111.954 -489.986 2409.11 0 0 0 128.979 -917.569 2513.75
10731572 -56.4161 598.294 2374.02 -48.6711 345.32 2392.37 -44.4502 151.188 2390.27 0 0 0 0 0 0 -201.838 341.839 2406.31 -233.185 61.0535 2470.5 0 0 0 -240.935 -241.968 2332.35 0 0 0 0 0 0 104.495 348.801 2378.44 149.098 80.5637 2417.3 0 0 0 204.502 -171.24 2352.16 0 0 0 -140.542 -45.2245 2397.3 -141.012 -501.859 2387.5 0 0 0 -118.938 -936.892 2498.04 60.0834 -40.6652 2379.05 112.158 -490.862 2409.34 0 0 0 128.704 -918.981 2513.66
10798158 -56.0106 597.195 2374.36 -49.1186 344.497 2391.91 -44.1117 150.356 2388.84 0 0 0 0 0 0 -202.809 340.33 2404.73 -235.331 55.0992 2471.13 0 0 0 -243.752 -233.368 2328.61 0 0 0 0 0 0 104.572 348.663 2379.1 146.847 79.0616 2415.31 0 0 0 197.329 -172.425 2341.13 0 0 0 -138.39 -46.4754 2394.05 -141.461 -502.021 2389.04 0 0 0 -117.589 -938.103 2497.95 60.181 -41.0925 2377.49 111.51 -489.926 2408.49 0 0 0 129.036 -919.411 2512.56
10831451 -55.3348 596.427 2374.53 -49.6041 344.356 2391.71 -44.1469 150.403 2388.67 0 0 0 0 0 0 -203.612 339.826 2404.28 -243.155 45.1547 2469.77 0 0 0 -245.211 -236.475 2322.39 0 0 0 0 0 0 104.404 348.886 2379.14 148.238 80.0794 2415.11 0 0 0 193.968 -156.628 2338.02 0 0 0 -137.951 -46.4704 2393.73 -141.29 -500.317 2388.62 0 0 0 -118.071 -936.076 2498.75 60.5718 -40.6307 2377.53 109.362 -483.318 2409.2 0 0 0 127.548 -914.99 2514.03
10898037 -54.702 596 2375.21 -48.8323 344.043 2391.52 -41.4444 153.345 2384.76 0 0 0 0 0 0 -203.247 337.799 2398.89 -241.757 47.2229 2463.27 0 0 0 -238.908 -237.608 2310.44 0 0 0 0 0 0 105.583 350.286 2384.14 160.388 66.2201 2427.28 0 0 0 189.084 -162.735 2331.35 0 0 0 -129.197 -41.2003 2382.54 -141.306 -505.916 2392.66 0 0 0 -118.257 -942.135 2502.69 61.0841 -33.5063 2373.45 110.364 -478.023 2403.9 0 0 0 126.35 -903.746 2509.39
10931330 -54.6921 596.004 2375.61 -48.2108 342.646 2392.38 -40.2587 156.785 2381.53 0 0 0 0 0 0 -203.308 335.875 2394.69 -242.04 45.6819 2459.3 0 0 0 -237.505 -224.569 2300.99 0 0 0 0 0 0 106.886 349.417 2390.06 166.15 62.1662 2435.53 0 0 0 187.179 -169.145 2335.56 0 0 0 -126.972 -33.2093 2372.1 -141.608 -512.512 2394.95 0 0 0 -119.222 -949.329 2505.52 62.3593 -24.9436 2369.27 111.352 -464.566 2398.75 0 0 0 127.185 -892.251 2504.18
10978483 -54.0298 596.259 2375.59 -48.7314 342.492 2393.06 -40.4926 158.211 2380.32 0 0 0 0 0 0 -204.242 335.495 2393.71 -247.93 43.1912 2456.57 0 0 0 -246.387 -223.344 2320.89 0 0 0 0 0 0 106.78 349.49 2392.41 167.852 63.5114 2442.8 0 0 0 181.782 -169.609 2336.97 0 0 0 -128.224 -30.3893 2367.98 -141.803 -514.62 2396.66 0 0 0 -119.636 -951.719 2505.79 63.7165 -21.7525 2367.18 112.693 -462.244 2396.16 0 0 0 128.311 -891.015 2500.86
11031209 -53.6525 596.666 2375.46 -49.1681 341.893 2393.08 -41.2564 157.501 2380.51 0 0 0 0 0 0 -204.77 335.091 2394.92 -245.151 46.7956 2457.52 0 0 0 -248.56 -207.172 2319.65 0 0 0 0 0 0 106.434 348.694 2391.24 161.729 68.4474 2435.73 0 0 0 182.302 -180.304 2337.36 0 0 0 -131.705 -31.1895 2369.11 -139.663 -510.652 2396.17 0 0 0 -119.088 -947.765 2504.31 65.0149 -22.5905 2366.78 112.193 -461.724 2395.38 0 0 0 128.032 -895.402 2500.56
11097795 -52.314 597.106 2374.75 -49.1224 342.202 2392.92 -41.8512 155.328 2382.56 0 0 0 0 0 0 -204.584 335.891 2397.64 -244.894 48.3569 2459.54 0 0 0 -245.402 -222.48 2316.3 0 0 0 0 0 0 106.339 348.513 2388.2 158.493 71.7732 2430.85 0 0 0 178.413 -184.189 2335.54 0 0 0 -133.796 -35.5742 2375.21 -138.589 -507.007 2394.36 0 0 0 -112.718 -967.365 2506.52 64.6357 -27.519 2369.18 111.858 -468.559 2397.08 0 0 0 127.391 -900.428 2502.01
11131088 -50.6853 597.499 2374.86 -49.394 342.082 2393.96 -43.3596 151.389 2387.78 0 0 0 0 0 0 -204.861 336.81 2404.84 -247.279 50.7249 2469.94 0 0 0 -247.892 -206.436 2330.78 0 0 0 0 0 0 106.073 347.354 2383.08 157.02 69.1815 2422.03 0 0 0 185.902 -177.866 2337.22 0 0 0 -139.415 -42.7659 2388.74 -138.366 -498.965 2389.33 0 0 0 -113.599 -950.504 2498.72 64.7647 -35.8418 2374.46 111.838 -478.528 2402.23 0 0 0 126.985 -910.028 2507.87
11197674 -49.365 597.429 2375.13 -49.3031 341.167 2394.79 -43.913 148.609 2390.8 0 0 0 0 0 0 -203.927 336.534 2409.51 -246.27 49.5737 2475.17 0 0 0 -248.371 -213.593 2347.34 0 0 0 0 0 0 105.321 345.8 2380.07 156.257 65.4229 2416.2 0 0 0 182.361 -179.006 2345.42 0 0 0 -141.992 -47.0503 2396.67 -138.496 -495.309 2386.08 0 0 0 -105.704 -954.151 2499.04 64.9466 -40.85 2376.97 111.851 -484.536 2405.19 0 0 0 127.551 -917.221 2511.7
11230967 -48.3542 596.73 2375.42 -49.324 340.775 2394.95 -44.4362 147.124 2390.99 0 0 0 0 0 0 -203.548 336.566 2410.43 -247.515 34.5477 2478.5 0 0 0 -243.654 -211.658 2348.25 0 0 0 0 0 0 104.9 344.984 2379.47 155.479 65.5929 2415.75 0 0 0 189.274 -174.008 2346.61 0 0 0 -143.497 -49.3629 2397.47 -138.924 -493.242 2385.35 0 0 0 -107.394 -944.529 2494.45 64.4004 -43.6894 2376.6 111.848 -487.537 2405.47 0 0 0 127.999 -922.218 2513.09
11278806 -47.3965 596.86 2374.98 -49.2646 341.105 2395.58 -44.8606 148.485 2389.4 0 0 0 0 0 0 -203.732 337.133 2409.3 -248.172 40.0874 2475.4 0 0 0 -250.457 -212.254 2343.79 0 0 0 0 0 0 105.203 345.076 2381.86 154.655 65.3155 2413.19 0 0 0 197.311 -178.48 2357.96 0 0 0 -143.85 -46.7937 2392.41 -138.409 -496.459 2386.35 0 0 0 -101.726 -953.585 2493.98 62.937 -41.477 2374.05 111.335 -485.2 2405.07 0 0 0 127.994 -920.47 2512.54
11330846 -46.8416 597.004 2374.96 -49.8078 341.881 2395.8 -46.1875 148.994 2388.91 0 0 0 0 0 0 -203.91 338.482 2409.98 -246.154 45.4759 2474.51 0 0 0 -249.182 -217.822 2334.62 0 0 0 0 0 0 104.295 345.279 2381.63 152.943 65.6596 2411.14 0 0 0 202.79 -177.653 2353.38 0 0 0 -146.879 -46.1936 2391.62 -137.99 -496.808 2385.76 0 0 0 -105.779 -945.975 2494.43 61.7447 -41.5925 2372.43 111.892 -486.242 2405.45 0 0 0 127.863 -921.801 2513.12
11397432 -46.6453 596.373 2373.81 -50.0859 341.771 2395.92 -46.9447 148.345 2388.91 0 0 0 0 0 0 -204.412 338.737 2410.48 -246.935 45.2868 2474.63 0 0 0 -274.756 -216.318 2318.96 0 0 0 0 0 0 104.241 344.805 2381.36 152.913 64.2592 2413.21 0 0 0 227.061 -185.569 2340.8 0 0 0 -147.418 -47.1171 2391.67 -138.029 -496.193 2385.96 0 0 0 -117.801 -934.05 2498.1 59.8108 -43.0428 2372.12 112.992 -488.407 2407.11 0 0 0 128.006 -923.814 2514.84
11430725 -46.8121 594.701 2373.05 -49.6935 344.86 2391.09 -46.8681 149.558 2385.82 0 0 0 0 0 0 -203.348 342.346 2401.86 -242.518 43.4004 2469.58 0 0 0 -297.149 -211.544 2317.34 0 0 0 0 0 0 103.961 347.373 2380.32 152.074 72.2712 2416.09 0 0 0 244.507 -176.789 2337.72 0 0 0 -147.315 -47.4332 2387.78 -137.935 -497.245 2385.26 0 0 0 -124.324 -925.58 2499.94 59.2293 -44.054 2373.3 114.06 -490.508 2409.06 0 0 0 127.947 -923.57 2516.95
11497311 -46.5194 594.35 2373.81 -49.0179 346.644 2387.91 -46.0089 149.685 2384.86 0 0 0 0 0 0 -202.552 344.15 2397.51 -242.11 45.3218 2466.08 0 0 0 -351.922 -180.221 2284.11 0 0 0 0 0 0 104.516 349.138 2378.31 176.058 95.0852 2443.55 0 0 0 295.235 -145.282 2331.08 0 0 0 -145.784 -48.9445 2388.24 -138.484 -497.784 2383.47 0 0 0 -133.728 -918.116 2501.78 59.7838 -45.6051 2375.39 114.255 -495.833 2411.78 0 0 0 128.188 -923.582 2520
11545760 -45.935 594.379 2374.78 -48.382 345.644 2390.13 -44.8699 148.8 2386.36 0 0 0 0 0 0 -202.209 342.668 2402.23 -261.221 77.9259 2462.2 0 0 0 -415.522 -121.104 2241.94 0 0 0 0 0 0 105.445 348.62 2378.02 192.565 98.4486 2449.89 0 0 0 369.657 -84.6544 2314.28 0 0 0 -143.545 -50.0214 2390.64 -138.685 -499.432 2385.48 0 0 0 -126.674 -919.911 2502.1 60.8296 -46.0674 2374.56 113.945 -495.202 2409.98 0 0 0 128.851 -924.989 2519.68
11597190 -44.9698 594.706 2375.59 -47.459 345.227 2391.2 -44.0823 147.265 2387.59 0 0 0 0 0 0 -201.197 342.368 2404.15 -288.345 88.1046 2447.85 0 0 0 -433.247 -75.0929 2254.03 0 0 0 0 0 0 106.279 348.085 2378.26 201.972 102.861 2443.55 0 0 0 404.279 -55.6789 2303.47 0 0 0 -142.032 -52.5815 2392.51 -138.742 -504.619 2388.77 0 0 0 -118.256 -929.807 2500.79 60.6206 -48.8133 2375.44 113.398 -496.193 2410.25 0 0 0 128.296 -927.054 2520.42
11645868 -44.141 596.108 2376.5 -47.1745 347.168 2392.13 -43.7345 149.398 2388 0 0 0 0 0 0 -201.346 344.229 2404.43 -325.183 100.315 2437.18 0 0 0 -512.504 11.2863 2187.74 0 0 0 0 0 0 106.998 350.106 2379.83 257.966 145.601 2438.2 0 0 0 456.529 54.7152 2288.76 0 0 0 -141.374 -50.2982 2391.93 -138.933 -504.092 2389.09 0 0 0 -117.29 -923.827 2501.76 60.7849 -46.4451 2375.81 113.285 -493.608 2409.24 0 0 0 128.167 -928.504 2521.43
11697069 -43.1922 597.534 2377.61 -46.5561 347.073 2392.96 -42.3207 150.996 2389.57 0 0 0 0 0 0 -201.555 343.499 2406.05 -343.133 107.262 2436.12 0 0 0 -528.421 72.0691 2199.49 0 0 0 0 0 0 108.443 350.647 2379.87 281.303 150.871 2429.97 0 0 0 504.253 105.385 2256.98 0 0 0 -137.47 -47.3726 2394.57 -138.837 -504.867 2387.02 0 0 0 -118.806 -923.588 2498.7 61.2989 -42.7888 2377.79 113.359 -491.431 2410.64 0 0 0 129.802 -928.172 2522.93
11763655 -41.2492 599.108 2378.62 -45.3797 347.499 2393.88 -40.5272 151.948 2390.27 0 0 0 0 0 0 -201.784 343.383 2406.57 -389.318 166.124 2415.98 0 0 0 -569.854 199.843 2178.56 0 0 0 0 0 0 111.024 351.614 2381.19 357.628 212.155 2419.27 0 0 0 530.786 229.34 2251.12 0 0 0 -133.282 -46.1702 2394.58 -138.511 -507.43 2386.91 0 0 0 -119.703 -925.47 2498.8 61.9329 -41.034 2378.75 114.384 -492.576 2411.99 0 0 0 131.274 -926.785 2522.14
11796948 -35.9529 601.737 2384.73 -47.0812 345.339 2394.4 -41.5995 150.786 2390.14 0 0 0 0 0 0 -206.897 340.58 2406.08 -448.123 189.505 2410.11 0 0 0 -574.133 264.42 2188.27 0 0 0 0 0 0 112.735 350.097 2382.71 360.468 243.531 2401.11 0 0 0 557.871 293.84 2232.69 0 0 0 -134.34 -46.6922 2393.07 -139.149 -507.498 2386.93 0 0 0 -114.109 -925.846 2495.61 62.1048 -40.8431 2378.71 114.829 -492.135 2411.57 0 0 0 132.312 -927.838 2523.03
11846083 -35.9591 600.506 2385.18 -53.2556 343.344 2396.98 -45.8132 150.836 2392.22 0 0 0 0 0 0 -220.143 336.582 2409.55 -469.378 289.448 2336.34 0 0 0 -591.996 446.254 2146.61 0 0 0 0 0 0 113.632 350.106 2384.4 401.054 308.966 2366.71 0 0 0 574.992 457.42 2204.19 0 0 0 -135.339 -45.6011 2394.78 -142.547 -504.98 2390.58 0 0 0 -115.678 -919.725 2493.17 58.5979 -37.7426 2380.16 115.745 -490.823 2411.87 0 0 0 132.575 -925.765 2523.9
11896827 -29.4525 600.927 2393.53 -49.7278 349.742 2398.33 -43.6242 158.113 2392.8 0 0 0 0 0 0 -219.468 344.033 2408.79 -471.277 300.171 2333.78 0 0 0 -572.891 522.506 2149.82 0 0 0 0 0 0 120.012 355.45 2387.86 396.351 335.722 2359.56 0 0 0 554.804 532.369 2214.8 0 0 0 -132.116 -36.6976 2393.1 -141.813 -505.566 2392.06 0 0 0 -117.303 -920.824 2495.84 57.0753 -30.3349 2381.43 111.803 -472.397 2405.85 0 0 0 135.418 -905.213 2504.37
11946191 -25.6378 595.803 2403.51 -49.3071 370.156 2397.45 -43.5324 170.382 2392.18 0 0 0 0 0 0 -224.123 364.839 2407.42 -433.02 377.564 2328.27 0 0 0 -508.749 657.953 2166.84 0 0 0 0 0 0 125.509 375.472 2387.49 387.534 415.321 2352.65 0 0 0 494.315 678.494 2211.79 0 0 0 -131.698 -32.2496 2392.26 -142.088 -502.621 2392.26 0 0 0 -120.24 -912.505 2492.9 56.1826 -26.5359 2381.55 109.763 -463.53 2395.11 0 0 0 138.16 -902.774 2494.34
11996706 -24.5362 592.162 2408.16 -49.4664 384.193 2400.11 -43.2541 184.177 2390.54 0 0 0 0 0 0 -227.676 378.075 2412.29 -430.239 405.449 2323.89 0 0 0 -462.769 703.747 2190.74 0 0 0 0 0 0 128.743 390.311 2387.92 385.339 423.461 2333.11 0 0 0 442.895 715.163 2232.47 0 0 0 -132.348 -19.1106 2387.49 -142.82 -494.578 2391.54 0 0 0 -121.182 -907.53 2492.43 58.2648 -12.5669 2374.46 112.064 -477.729 2401.86 0 0 0 140.182 -909.434 2496.28
12029999 -24.3312 596.693 2406.06 -47.2987 392.598 2402.11 -41.0868 191.869 2390.08 0 0 0 0 0 0 -226.254 386.215 2416.21 -413.844 432.475 2320.41 0 0 0 -427.419 717.181 2210.18 0 0 0 0 0 0 131.657 398.98 2388.01 379.345 431.928 2328.72 0 0 0 391.471 728.744 2240.1 0 0 0 -132.821 -12.3534 2385.77 -143.561 -489.656 2390.75 0 0 0 -120.985 -907.494 2490.54 63.0709 -5.36647 2370.34 111.355 -467.755 2399.27 0 0 0 142.091 -908.107 2499.18
12096585 -14.1333 617.045 2406.43 -31.0621 406.94 2398.15 -30.9497 203.363 2384.34 0 0 0 0 0 0 -201.367 406.109 2409.01 -345.44 465.554 2343.52 0 0 0 -369.206 728.192 2242.88 0 0 0 0 0 0 139.243 407.771 2387.29 345.243 510.446 2287.92 0 0 0 303.667 742.564 2262.29 0 0 0 -129.981 -0.69809 2376.85 -145.156 -479.252 2387.24 0 0 0 -123.197 -899.342 2483.19 68.3064 0.269714 2364.2 110.155 -463.302 2399.39 0 0 0 142.307 -907.933 2502.04
12129878 -5.47793 625.664 2404.16 -23.8072 414.742 2401.2 -25.1948 211.23 2384.68 0 0 0 0 0 0 -192.107 415.339 2407.98 -352.129 501.297 2320.52 0 0 0 -334.993 740.238 2247.01 0 0 0 0 0 0 144.493 414.145 2394.42 346.646 545.671 2278.41 0 0 0 268.278 739.712 2281.3 0 0 0 -117.868 8.04305 2371.83 -138.121 -471.233 2376.83 0 0 0 -121.233 -905.434 2485.71 64.7032 7.39549 2364.47 110.021 -462.827 2397.99 0 0 0 138.581 -901.18 2500.34
12196464 -2.00165 626.029 2400.23 -20.2944 409.461 2414.24 -19.6266 208.43 2393.88 0 0 0 0 0 0 -183.317 406.779 2435.38 -338.261 533.051 2328.08 0 0 0 -262.622 757.236 2269.4 0 0 0 0 0 0 142.728 412.142 2393.1 315.07 560.412 2282.12 0 0 0 200.682 744.114 2298.47 0 0 0 -101.091 6.04773 2384.18 -133.018 -466.33 2374.1 0 0 0 -121.462 -904.212 2480.63 63.1736 8.74991 2362.88 111.427 -463.654 2399.42 0 0 0 138.303 -897.896 2501.38
12246514 0.507471 632.741 2397.59 -19.9709 414.437 2413.74 -22.6656 206.99 2394.76 0 0 0 0 0 0 -181.713 415.097 2429.5 -326.644 570.464 2305.46 0 0 0 -179.709 780.145 2280.41 0 0 0 0 0 0 141.771 413.777 2397.98 297.009 568.966 2281.23 0 0 0 161.99 742.078 2309.45 0 0 0 -111.588 -0.106186 2384.19 -129.191 -467.315 2375.18 0 0 0 -116.903 -905.031 2473.49 60.8676 -0.809647 2367.39 113.131 -466.675 2399.06 0 0 0 136.921 -902.467 2503.07
12296343 1.36343 638.198 2396.4 -20.2544 417.329 2413.18 -22.8698 208.943 2400.87 0 0 0 0 0 0 -179.802 418.098 2434.06 -291.149 583.517 2299.31 0 0 0 -162.242 773.716 2302.81 0 0 0 0 0 0 139.294 416.559 2392.31 287.117 573.641 2266.96 0 0 0 79.4064 787.443 2321.87 0 0 0 -111.746 0.972458 2399.85 -128.47 -463.078 2363.86 0 0 0 -120.059 -902.328 2464.55 60.7754 0.140823 2377.27 121.703 -473.433 2400.54 0 0 0 138.969 -903.766 2509.4
12362929 2.37733 641.92 2395.71 -19.833 419.039 2411.24 -23.8745 205.616 2399.98 0 0 0 0 0 0 -177.082 421.006 2430.39 -274.587 592.484 2284.41 0 0 0 -139.036 763.22 2306.39 0 0 0 0 0 0 137.416 417.071 2392.1 277.21 572.926 2247.86 0 0 0 26.2333 791.67 2347.22 0 0 0 -113.873 -6.7305 2399.18 -132.313 -469.216 2368.62 0 0 0 -120.072 -901.227 2466.16 58.0404 -8.88159 2378.25 118.888 -471.915 2399.14 0 0 0 138.011 -904.68 2508.39
12413361 17.0256 641.643 2413.97 -19.217 419.73 2411.46 -23.3199 206.93 2397.99 0 0 0 0 0 0 -174.264 421.557 2429.83 -269.346 592.394 2279.71 0 0 0 -100.217 783.623 2330.9 0 0 0 0 0 0 135.83 417.904 2393.1 271.012 574.669 2248.03 0 0 0 36.8909 789.891 2355.75 0 0 0 -113.356 -4.85776 2394.69 -129.538 -475.06 2369.82 0 0 0 -119.286 -903.904 2468.88 58.51 -6.88223 2374.33 117.769 -471.191 2396.22 0 0 0 136.996 -902.99 2506.22
12462808 11.3483 644.372 2407.99 -19.2725 420.106 2409.7 -24.4468 206.262 2397.06 0 0 0 0 0 0 -172.812 422.91 2425.12 -266.765 615.251 2295.82 0 0 0 -80.8079 804.614 2352.79 0 0 0 0 0 0 134.267 417.302 2394.28 268.241 570.804 2250.19 0 0 0 39.664 791.505 2364.03 0 0 0 -114.568 -6.03116 2392.95 -131.768 -478.159 2374.03 0 0 0 -119.034 -914.731 2480.4 55.3257 -9.13385 2375.89 118.917 -477.576 2390.76 0 0 0 135.909 -903.844 2506.94
12529394 7.91535 644.094 2406.18 -20.1345 420.194 2408.02 -26.0385 203.843 2397.95 0 0 0 0 0 0 -172.907 423.742 2421.37 -264 625.86 2295.95 0 0 0 -51.3802 822.45 2376.82 0 0 0 0 0 0 132.638 416.646 2394.67 268.274 568.429 2255.22 0 0 0 56.1737 783.587 2352.78 0 0 0 -116.259 -10.5497 2395.25 -133.844 -478.365 2376.6 0 0 0 -120.518 -887.737 2485.93 52.3741 -14.4658 2380.51 117.07 -477.211 2393.66 0 0 0 135.285 -904.03 2507.15
12562687 6.6335 645.448 2406.07 -20.8921 421.409 2406.96 -27.2136 206.266 2393.07 0 0 0 0 0 0 -173.235 425.344 2415.35 -265.212 619.765 2284.47 0 0 0 -48.7121 823.581 2373.95 0 0 0 0 0 0 131.451 417.474 2398.58 269.169 573.382 2274.01 0 0 0 60.3654 788.198 2364.96 0 0 0 -120.306 -6.63687 2383.95 -129.972 -474.887 2378.8 0 0 0 -120.575 -897.133 2489.53 53.2356 -11.1194 2374.4 115.244 -476.498 2390.53 0 0 0 135.094 -908.297 2504.33
12613576 4.72546 646.969 2404.93 -20.7189 422.149 2405.98 -27.8975 206.096 2390.21 0 0 0 0 0 0 -171.985 426.758 2411.68 -266.895 617.742 2277.27 0 0 0 -50.167 824.472 2374 0 0 0 0 0 0 130.548 417.54 2400.27 269.743 571.207 2273.23 0 0 0 62.7393 786.249 2358.66 0 0 0 -121.349 -7.3288 2377.7 -131.437 -480.083 2381.8 0 0 0 -120.195 -905.969 2487.26 51.1971 -12.5866 2371.19 114.247 -472.522 2388.04 0 0 0 135.527 -905.666 2502.22
12662566 3.26823 647.223 2404.97 -20.2436 421.595 2406.04 -22.6282 208.29 2390.03 0 0 0 0 0 0 -170.806 423.005 2409.68 -268.345 613.329 2275.59 0 0 0 -44.9653 820.756 2371.76 0 0 0 0 0 0 130.319 420.186 2402.39 267.016 575.49 2283.71 0 0 0 62.4822 792.091 2360.06 0 0 0 -99.3447 -4.31944 2375.83 -130.168 -484.235 2380.88 0 0 0 -120.847 -914.231 2486.18 49.3189 -5.71144 2372.23 114.159 -466.785 2388.68 0 0 0 136.316 -898.696 2499.57
12729152 3.28924 647.106 2405.07 -19.5673 422.034 2405.69 -27.4501 208.015 2396.88 0 0 0 0 0 0 -169.233 427.064 2417.41 -271.55 622.072 2286.42 0 0 0 -44.4463 824.22 2383.55 0 0 0 0 0 0 130.098 417.003 2393.96 265.188 573.539 2272.12 0 0 0 61.8623 787.575 2352.01 0 0 0 -105.495 -3.64627 2393.58 -130.642 -470.977 2373.68 0 0 0 -121.38 -901.275 2478.39 34.8291 -8.36282 2382.59 113.704 -478.636 2395.5 0 0 0 137.031 -911.329 2505.39
12762445 3.51645 645.943 2404.94 -18.7039 422.325 2405.09 -24.4445 206.264 2398.87 0 0 0 0 0 0 -167.722 425.863 2419.71 -272.135 618.028 2288.88 0 0 0 -43.8299 821.228 2382.78 0 0 0 0 0 0 130.314 418.786 2390.47 265.079 575.148 2267.43 0 0 0 59.6544 788.416 2350.85 0 0 0 -102.121 -8.08798 2399.71 -125.329 -472.047 2371.62 0 0 0 -122.039 -902.346 2473.7 41.7507 -11.5041 2385.59 112.784 -475.105 2401.45 0 0 0 127.691 -900.846 2520.58
12829031 2.89328 645.551 2405.82 -18.9492 422.737 2405.24 -22.2128 205.686 2399.54 0 0 0 0 0 0 -168.054 424.568 2420.92 -272.926 615.832 2290.04 0 0 0 -51.0331 819.275 2377.07 0 0 0 0 0 0 130.156 420.907 2389.55 266.088 577.117 2265.43 0 0 0 54.343 789.523 2349.22 0 0 0 -96.9593 -10.487 2401.37 -125.673 -473.211 2372.95 0 0 0 -122.758 -907.111 2474.79 46.0065 -12.242 2386.32 113.975 -475.313 2401.84 0 0 0 132 -906.353 2517.02
12862324 2.23568 645.396 2407.26 -19.2458 422.39 2404.85 -19.4019 213.555 2393.69 0 0 0 0 0 0 -167.662 421.468 2424.18 -273.918 612.25 2293.24 0 0 0 -65.5121 808.491 2372.23 0 0 0 0 0 0 129.171 423.313 2385.53 264.042 582.859 2261.99 0 0 0 30.1413 804.106 2357.99 0 0 0 -97.1186 4.23811 2392.62 -127.733 -461.949 2372.28 0 0 0 -125.284 -896.48 2470.56 58.0026 5.20222 2372.42 115.765 -474.623 2404.28 0 0 0 135.982 -919.212 2516.69
12913899 1.69565 645.403 2407.96 -19.6012 422.367 2405.18 -21.2571 211.663 2395.8 0 0 0 0 0 0 -168.072 422.8 2421.65 -277.279 607.062 2290.68 0 0 0 -100.371 793.872 2346.47 0 0 0 0 0 0 128.869 421.933 2388.7 264.953 581.56 2263.12 0 0 0 25.8616 799.253 2359.22 0 0 0 -97.254 1.17587 2394.68 -122.605 -462.246 2377.79 0 0 0 -122.545 -900.311 2472.98 51.428 0.741669 2378.17 113.476 -469.16 2402.25 0 0 0 132.761 -911.932 2512.5
12962203 1.90922 646.141 2409.1 -19.9106 422.464 2406.2 -23.9043 213.218 2395.84 0 0 0 0 0 0 -168.56 424.606 2420.23 -276.174 609.275 2288.18 0 0 0 -75.7068 808.083 2359.52 0 0 0 0 0 0 128.739 420.321 2392.17 265.457 583.581 2266.1 0 0 0 38.4051 796.63 2359.11 0 0 0 -103.802 5.06673 2392.65 -123.172 -468.218 2380.27 0 0 0 -118.806 -905.852 2475.76 48.0058 2.87837 2378.32 112.582 -464.037 2398.83 0 0 0 131.815 -905.48 2509.56
13014007 1.01285 646.479 2408.24 -20.5617 423.026 2406.52 -24.4112 212.575 2396.75 0 0 0 0 0 0 -168.915 425.031 2421.78 -274.91 604.076 2288.63 0 0 0 -77.7961 807.636 2357.73 0 0 0 0 0 0 127.792 421.021 2391.27 265.933 583.78 2264.72 0 0 0 21.8846 800.346 2357.95 0 0 0 -104.957 3.16077 2394.87 -124.531 -468.612 2379.12 0 0 0 -118.339 -906.391 2475.47 48.4352 1.08752 2379.09 112.46 -463.949 2401.67 0 0 0 132.147 -907.25 2511
13062082 1.02544 646.115 2408.5 -21.1451 423.78 2407.03 -23.4913 212.539 2397.85 0 0 0 0 0 0 -169.631 424.754 2422.57 -273.66 603.999 2288.03 0 0 0 -73.1796 803.672 2355.71 0 0 0 0 0 0 127.341 422.806 2391.5 266.334 585.65 2264.98 0 0 0 30.5711 800.892 2354.97 0 0 0 -105.491 1.82028 2396.99 -125.338 -469.412 2378.36 0 0 0 -117.338 -907.293 2473.83 53.8155 0.775574 2380.33 113.813 -464.556 2401.98 0 0 0 132.994 -906.741 2511.05
13114115 1.07526 645.639 2408.78 -22.2354 424.687 2407.4 -23.8786 213.354 2398.66 0 0 0 0 0 0 -171.091 425.216 2422.61 -273.201 606.419 2288.47 0 0 0 -73.3463 800.977 2346.63 0 0 0 0 0 0 126.62 424.159 2392.2 265.905 586.366 2268.17 0 0 0 30.6805 801.073 2353.19 0 0 0 -104.933 2.3028 2398.03 -125.866 -470.501 2377.87 0 0 0 -117.307 -906.389 2473.92 53.8891 1.73895 2381.81 114.878 -463.247 2404.53 0 0 0 133.447 -907.43 2510.06
13161961 0.685978 645.555 2408.21 -23.3063 425.805 2407.69 -23.6604 214.629 2398.99 0 0 0 0 0 0 -172.325 425.456 2422.23 -272.138 608.585 2287.85 0 0 0 -73.5865 802.624 2352.35 0 0 0 0 0 0 125.712 426.154 2393.16 266.053 585.124 2267.52 0 0 0 26.1472 802.216 2353.71 0 0 0 -103.833 3.26601 2398.06 -125.836 -470.667 2377.18 0 0 0 -124.009 -913.245 2474.21 55.8034 3.64027 2382.49 115.456 -462.279 2405.55 0 0 0 134.419 -907.92 2508.83
13214223 0.473894 645.853 2408.82 -23.6717 426.252 2407.36 -31.6086 211.686 2401.02 0 0 0 0 0 0 -172.753 431.431 2418.72 -271.653 620.313 2279.02 0 0 0 -77.6644 805.134 2342.77 0 0 0 0 0 0 125.409 421.073 2396 265.984 578.48 2268.84 0 0 0 30.7987 793.64 2349.37 0 0 0 -103.057 -0.6745 2399.52 -126.53 -476.559 2376.81 0 0 0 -123.183 -912.324 2474.74 23.9661 -5.08725 2389.84 114.407 -459.545 2405.26 0 0 0 134.964 -906.341 2506.46
13261840 0.979393 646.61 2408.56 -23.6572 426.079 2407.88 -29.0519 211.209 2401.26 0 0 0 0 0 0 -172.836 429.497 2418.52 -273.551 616.026 2281.2 0 0 0 -73.3501 805.646 2345.64 0 0 0 0 0 0 125.521 422.661 2397.25 266.229 579.056 2270.48 0 0 0 34.3295 791.957 2347.5 0 0 0 -106.216 -2.01726 2399.76 -126.637 -480.024 2373.62 0 0 0 -127.538 -914.639 2475.86 37.3227 -5.3058 2389.52 114.456 -460.671 2406.21 0 0 0 134.408 -909.011 2506.21
13328426 1.68262 646.35 2407.85 -23.373 425.649 2408.54 -29.4521 210.999 2397.17 0 0 0 0 0 0 -171.938 428.907 2426.47 -273.168 613.465 2289.96 0 0 0 -72.3514 804.914 2349.46 0 0 0 0 0 0 125.192 422.391 2390.6 265.843 579.48 2269.32 0 0 0 30.1798 794.88 2340.03 0 0 0 -110.84 -1.99968 2394.9 -128.757 -477.759 2367.68 0 0 0 -128.482 -912.8 2469.83 39.7775 -5.30266 2376.72 116.168 -463.481 2412.45 0 0 0 136.25 -910.401 2514.39
13361719 2.04375 645.858 2408.63 -22.2581 425.386 2409.61 -27.1535 207.999 2400.19 0 0 0 0 0 0 -171.253 428.003 2426.64 -275.04 607.925 2288.01 0 0 0 -73.1957 802.65 2353.74 0 0 0 0 0 0 126.737 422.769 2392.58 265.496 582.112 2270.56 0 0 0 32.5464 794.536 2337.44 0 0 0 -110.991 -8.0014 2399.79 -129.827 -482.838 2369.93 0 0 0 -129.017 -920.328 2473.09 46.8933 -10.7746 2381.74 116.099 -461.972 2412.39 0 0 0 135.372 -907.373 2514.19
13428305 3.24891 646.12 2409.79 -19.6088 429.026 2413.28 -25.1249 210.142 2404.06 0 0 0 0 0 0 -167.36 431.958 2432.08 -276.533 602.885 2287.03 0 0 0 -69.3711 800.004 2351.22 0 0 0 0 0 0 128.142 426.094 2394.48 263.851 586.473 2271.99 0 0 0 34.5256 797.913 2338.14 0 0 0 -111.307 -7.14249 2405.11 -129.708 -481.301 2372.36 0 0 0 -128.166 -920.779 2476.38 50.0251 -10.3438 2384.58 116.225 -466.235 2410.85 0 0 0 134.792 -909.314 2512.7
13461598 3.403 646.799 2413.91 -19.0812 426.749 2411.3 -24.6493 208.732 2405.29 0 0 0 0 0 0 -167.848 430.052 2429.31 -282.359 597.809 2292.76 0 0 0 -71.3411 796.815 2342.83 0 0 0 0 0 0 129.686 423.446 2393.29 263.341 584.705 2276.16 0 0 0 30.1904 798.617 2341.39 0 0 0 -112.686 -7.45422 2409.27 -132.992 -485.089 2369.27 0 0 0 -126.386 -918.211 2474.6 52.2517 -11.1166 2389.3 117.466 -469.113 2410.81 0 0 0 136.413 -909.179 2510.62
13514546 1.64491 647.32 2414.25 -17.9915 425.036 2410.49 -24.6672 204.366 2406.7 0 0 0 0 0 0 -166.727 429.191 2430.57 -286.264 596.236 2297.64 0 0 0 -79.7803 792.589 2340.57 0 0 0 0 0 0 130.744 420.881 2390.4 263.537 580.927 2274.05 0 0 0 44.1457 788.637 2329.95 0 0 0 -118.135 -13.8792 2414.63 -136.816 -487.945 2366.75 0 0 0 -126.765 -920.494 2472.87 55.4493 -18.7283 2391.2 118.922 -478.055 2411.75 0 0 0 136.392 -909.972 2513.75
13561477 0.65167 647.877 2413.67 -18.1196 424.397 2408.88 -25.4531 203.773 2406.51 0 0 0 0 0 0 -167.118 429.141 2428.38 -282.974 599.129 2296.9 0 0 0 -76.2997 793.705 2341.37 0 0 0 0 0 0 130.879 419.653 2389.39 263.855 579.787 2271.14 0 0 0 36.6861 790.818 2329.74 0 0 0 -120.696 -14.0515 2415.65 -136.594 -484.634 2365.87 0 0 0 -122.168 -921.562 2474.25 55.1228 -19.6489 2392.64 118.132 -478.981 2413.26 0 0 0 136.741 -914.887 2514.16
13628063 1.10949 649.054 2414.74 -18.6884 423.115 2408.26 -25.7452 203.491 2406.87 0 0 0 0 0 0 -167.779 427.798 2425.26 -280.535 600.677 2293.86 0 0 0 -55.0537 809.728 2357.42 0 0 0 0 0 0 130.403 418.432 2391.26 264.916 577.939 2272.79 0 0 0 62.6772 782.027 2315.34 0 0 0 -118.769 -13.434 2415.28 -134.062 -481.401 2368.14 0 0 0 -140.283 -905.376 2463.65 53.1653 -18.8344 2395.68 117.109 -476.446 2412.42 0 0 0 136.62 -915.485 2511.67
13661356 1.8437 651.642 2418.8 -19.0391 421.883 2408.08 -29.9552 204.016 2402.16 0 0 0 0 0 0 -168.973 429.219 2414.56 -280.693 605.251 2284.28 0 0 0 -77.8095 811.264 2340.31 0 0 0 0 0 0 130.895 414.547 2401.61 265.363 575.524 2281.73 0 0 0 54.5133 784.262 2332.07 0 0 0 -118.766 -10.039 2399.61 -131.156 -478.505 2378.73 0 0 0 -128.497 -909.296 2478.36 37.0232 -17.6618 2392.88 114.521 -475.839 2403.32 0 0 0 134.156 -918.15 2502.33
13727942 2.01346 651.5 2418.52 -19.4755 421.018 2408.21 -33.214 206.345 2399.36 0 0 0 0 0 0 -169.496 430.504 2411 -285.775 606.907 2285.66 0 0 0 -95.8445 819.757 2331.92 0 0 0 0 0 0 130.545 411.533 2405.42 267.341 565.777 2283.27 0 0 0 67.9689 784.715 2326.26 0 0 0 -121.279 -3.62921 2391.91 -130.73 -476.73 2383.32 0 0 0 -125.352 -908.853 2482.32 27.3737 -13.0286 2389.14 113.759 -474.515 2399.49 0 0 0 133.36 -918.706 2499.1
13761235 2.01611 651.276 2417.84 -19.6735 421.24 2408.23 -26.0344 210.237 2390.7 0 0 0 0 0 0 -170.045 425.425 2412.42 -305.756 580.347 2283.59 0 0 0 -109.246 816.878 2329.52 0 0 0 0 0 0 130.698 417.055 2404.04 290.535 552.263 2285.02 0 0 0 88.7837 788.567 2327.7 0 0 0 -100.788 1.13712 2375.08 -130.227 -474.18 2382.51 0 0 0 -123.43 -908.968 2483.8 35.9974 -2.67001 2371.27 113.637 -475.671 2399.89 0 0 0 133.542 -921.499 2500.81
13827821 2.93751 652.11 2415.18 -19.45 421.744 2407.86 -27.8924 210.836 2391.82 0 0 0 0 0 0 -170.738 427.551 2411.14 -322.907 571.955 2284.5 0 0 0 -157.884 801.562 2308.24 0 0 0 0 0 0 131.838 415.938 2404.58 312.758 526.761 2266.38 0 0 0 143.197 770.409 2297.44 0 0 0 -109.996 2.75458 2377.38 -126.927 -473.934 2383.95 0 0 0 -121.787 -910.747 2484.82 37.3265 -2.89966 2374.18 112.765 -473.246 2399.78 0 0 0 133.635 -920.463 2501.82
13881608 3.06207 636.961 2401.6 -20.0413 419.417 2408.12 -27.8313 210.481 2391.99 0 0 0 0 0 0 -175.074 424.416 2418.25 -345.618 536.125 2291.38 0 0 0 -227.373 786.637 2271.25 0 0 0 0 0 0 134.992 414.418 2398 339.591 502.022 2266.8 0 0 0 183.246 763.066 2262.77 0 0 0 -116.331 4.14742 2381.14 -128.047 -467.506 2377.97 0 0 0 -122.276 -905.566 2478.44 45.0884 -1.05721 2370.59 111.612 -471.413 2405.77 0 0 0 135.368 -926.692 2507.15
13927700 1.97702 639.157 2404.97 -19.5681 418.637 2410.01 -28.5599 210.252 2393.72 0 0 0 0 0 0 -179.873 424.964 2417.56 -364.837 503.836 2288.31 0 0 0 -258.291 774.593 2257.11 0 0 0 0 0 0 140.737 412.311 2402.45 344.954 463.632 2289.18 0 0 0 215.85 740.309 2242.12 0 0 0 -119.272 5.09195 2381.28 -127.85 -468.679 2379.63 0 0 0 -121.921 -906.268 2480.11 44.168 -1.35837 2373.58 109.88 -466.768 2405.42 0 0 0 135.454 -926.37 2506.04
13994286 -1.64053 624.715 2404.74 -18.8914 413.261 2415.42 -26.6803 208.712 2394.32 0 0 0 0 0 0 -185.575 418.907 2422.21 -382.832 388.175 2293.3 0 0 0 -300.144 730.086 2187.74 0 0 0 0 0 0 147.792 407.615 2408.62 355.112 412.994 2306.53 0 0 0 271.664 684.257 2194.84 0 0 0 -121.928 7.1254 2376.79 -128.852 -466.176 2378.8 0 0 0 -122.554 -902.699 2478.97 52.9902 1.20038 2369.66 109.735 -466.714 2407.07 0 0 0 135.911 -929.86 2509.2
14027579 -4.22767 616.003 2407.14 -27.295 409.553 2416.83 -29.6958 207.023 2393.74 0 0 0 0 0 0 -197.202 410.57 2425.57 -381.866 360.194 2295.19 0 0 0 -330.36 675.697 2166.37 0 0 0 0 0 0 142.612 408.535 2408.09 359.618 382.192 2313.28 0 0 0 307.475 612.081 2172.75 0 0 0 -125.38 5.05222 2375.46 -129.291 -468.031 2380.1 0 0 0 -121.482 -901.915 2480.37 61.1873 3.93484 2365.86 109.048 -463.01 2403.71 0 0 0 135.394 -927.473 2507.88
14081823 -9.52444 608.537 2415.32 -29.4052 406.606 2417.97 -31.5548 202.646 2391.96 0 0 0 0 0 0 -198.602 407.232 2427.04 -365.789 249.598 2304.62 0 0 0 -375.851 524.586 2100.03 0 0 0 0 0 0 139.792 405.98 2408.9 351.632 273.697 2365.15 0 0 0 343.278 474.594 2106.03 0 0 0 -129.458 -0.959213 2371.08 -129.622 -465.752 2383.77 0 0 0 -120.587 -896.141 2482.71 62.0496 -1.66805 2360.81 116.25 -480.66 2395.22 0 0 0 135.317 -930.637 2504.35
14127458 -10.7764 608.079 2413.69 -31.2864 398.246 2421.15 -31.9516 197.54 2393.92 0 0 0 0 0 0 -198.394 397.547 2430.38 -361.17 234.816 2310.17 0 0 0 -376.811 440.922 2054.91 0 0 0 0 0 0 135.821 398.945 2411.91 348.178 250.983 2351.28 0 0 0 389.514 494.916 2185.5 0 0 0 -128.507 -3.56793 2371.99 -129.638 -470.896 2383.36 0 0 0 -119.108 -895.055 2481.74 63.2735 -2.76575 2361.4 116.082 -488.693 2394.65 0 0 0 133.603 -925.801 2505.09
14181931 -14.6848 607.659 2414.27 -27.4072 377.168 2421.04 -29.7753 180.831 2395.72 0 0 0 0 0 0 -188.8 378.311 2427.27 -362.614 196.627 2332.16 0 0 0 -374.685 204.678 2037.35 0 0 0 0 0 0 133.986 376.025 2414.8 276.593 152.474 2421.41 0 0 0 360.748 166.329 2097.41 0 0 0 -128.522 -14.8235 2374.13 -129.909 -482.146 2389.48 0 0 0 -119.078 -902.733 2484.14 64.2353 -16.1886 2366.69 116.52 -488.075 2395.82 0 0 0 132.726 -919.721 2503.08
14227337 -18.955 607.339 2417.63 -28.5065 375.027 2422.89 -30.7108 174.009 2398.08 0 0 0 0 0 0 -185.332 376.001 2428.94 -310.838 128.795 2390.78 0 0 0 -357.784 71.8982 2035.4 0 0 0 0 0 0 128.319 374.054 2416.84 249.789 142.687 2420.67 0 0 0 350.378 46.7783 2101.05 0 0 0 -127.54 -26.4228 2376.93 -134.481 -495.972 2398.3 0 0 0 -123.209 -933.629 2484.9 61.7101 -27.5974 2369.63 118.764 -490.243 2397.95 0 0 0 133.228 -919.325 2501.73
14293923 -25.9258 607.833 2416.22 -30.6989 368.998 2420 -31.5357 170.579 2396.93 0 0 0 0 0 0 -182.746 369.051 2425.06 -271.33 110.008 2412.17 0 0 0 -312.577 -108.113 2174.46 0 0 0 0 0 0 121.348 368.945 2414.95 224.01 124.079 2429.87 0 0 0 301.827 -111.94 2233.8 0 0 0 -127.556 -27.8063 2377.02 -136.695 -505.625 2400.54 0 0 0 -122.662 -955.91 2487.97 62.8108 -27.8727 2370.69 119.506 -485.449 2398.59 0 0 0 132.278 -914.733 2501.69
14327216 -26.1915 606.489 2415.93 -30.3137 362.538 2407.19 -30.3305 165.783 2391.26 0 0 0 0 0 0 -179.957 362.005 2413.93 -250.262 98.6312 2420.07 0 0 0 -283.019 -170.723 2258.7 0 0 0 0 0 0 119.33 363.07 2400.46 209.687 114.852 2435.68 0 0 0 271.651 -156.386 2301.91 0 0 0 -127.332 -31.3165 2379.68 -140.327 -518.076 2408.04 0 0 0 -124.072 -969.125 2496.51 66.6371 -30.6263 2370.96 118.125 -486.342 2397.45 0 0 0 130.983 -914.289 2498.56
14382146 -25.0701 603.529 2415.23 -29.652 356.834 2400.59 -29.4139 159.884 2389.77 0 0 0 0 0 0 -179.166 356.149 2409.77 -235.877 88.218 2434.23 0 0 0 -251.261 -202.487 2385.9 0 0 0 0 0 0 119.862 357.519 2391.4 197.302 103.769 2431.88 0 0 0 219.117 -180.031 2430.7 0 0 0 -128.804 -37.5222 2385.07 -140.637 -520.6 2412.16 0 0 0 -125.691 -971.496 2506.54 70.4528 -36.6092 2372.83 117.533 -491.88 2398.42 0 0 0 131.432 -938.297 2500.57
14427095 -22.2736 590.998 2410.18 -29.3054 352.604 2397.83 -29.0658 157.945 2388.67 0 0 0 0 0 0 -179.441 351.93 2408.24 -219.422 83.1149 2469.31 0 0 0 -258.652 -183.402 2327.41 0 0 0 0 0 0 120.83 353.279 2387.43 180.9 96.2954 2422.28 0 0 0 198.52 -164.416 2468.05 0 0 0 -129.867 -37.1687 2386.51 -138.17 -515.893 2408.39 0 0 0 -124.11 -969.864 2507.44 72.214 -36.2608 2372.51 117.037 -491.974 2398.25 0 0 0 131.274 -931.189 2500.7
14493681 -22.2917 595.633 2409.08 -31.0109 354.229 2397.71 -30.8118 160.217 2388.31 0 0 0 0 0 0 -182.156 353.501 2409.53 -213.539 78.8153 2472.45 0 0 0 -220.087 -213.794 2452.98 0 0 0 0 0 0 120.135 354.956 2385.89 171.821 104.734 2448.54 0 0 0 175.508 -163.46 2522.78 0 0 0 -131.144 -34.279 2386.78 -134.802 -508.293 2395.4 0 0 0 -122.383 -952.175 2506.89 69.9188 -33.3112 2371.06 114.872 -483.555 2396.92 0 0 0 131.014 -927.919 2500.68
14526974 -24.7011 596.181 2405.81 -31.1671 361.238 2397.51 -31.4133 164.245 2388.04 0 0 0 0 0 0 -181.587 360.847 2409.54 -210.082 74.1974 2481.2 0 0 0 -223.643 -208.032 2484.01 0 0 0 0 0 0 119.253 361.628 2385.48 161.481 113.102 2483.25 0 0 0 169.882 -156.039 2534.58 0 0 0 -130.743 -33.0048 2386.49 -134.964 -509.453 2398.39 0 0 0 -123.965 -955.924 2506.9 67.4239 -32.4905 2370.65 115.878 -486.845 2398.87 0 0 0 131.336 -925.903 2501.87
14593560 -25.9968 593.874 2398.84 -33.0247 362.374 2399.98 -33.195 165.671 2390.36 0 0 0 0 0 0 -184.167 361.917 2412 -208.625 71.6691 2488.59 0 0 0 -221.595 -224.148 2475.09 0 0 0 0 0 0 118.117 362.831 2387.95 144.476 93.8052 2481.73 0 0 0 171.329 -168.826 2543.92 0 0 0 -129.549 -31.3219 2388.4 -133.971 -510.537 2402.41 0 0 0 -124.064 -947.631 2508.91 62.8182 -30.7402 2373.09 116.738 -488.176 2397.04 0 0 0 131.043 -926.408 2500.78
14626853 -28.1928 592.655 2394.75 -33.8999 356.491 2398.82 -33.9796 154.829 2396.4 0 0 0 0 0 0 -182.802 356.307 2419.07 -204.523 53.5186 2530.29 0 0 0 -232.127 -211.012 2479.9 0 0 0 0 0 0 115.002 356.675 2378.56 127.646 97.2164 2461.26 0 0 0 181.916 -180.284 2532.49 0 0 0 -132.294 -46.9549 2407.35 -131.709 -512.609 2414.1 0 0 0 -121.041 -930.655 2504.08 64.1755 -46.7124 2380.62 117.907 -504.721 2405.44 0 0 0 132.48 -939.118 2509.45
14660146 -29.5021 593.485 2394.11 -35.6647 351.59 2396.2 -34.3516 147.383 2397.66 0 0 0 0 0 0 -183.396 350.805 2419.13 -204.657 59.5232 2525.11 0 0 0 -239.685 -224.12 2464.8 0 0 0 0 0 0 112.067 352.376 2373.27 129.3 88.2606 2459.15 0 0 0 193.27 -169.96 2507.3 0 0 0 -131.567 -57.3482 2414.42 -130.769 -515.144 2416.65 0 0 0 -121.319 -927.7 2502.37 65.4896 -56.3002 2383.83 119.241 -513.968 2409.09 0 0 0 133.402 -946.976 2513.96
14726732 -30.6859 592.88 2390.04 -36.5487 350.015 2395.23 -33.8154 148.147 2395.54 0 0 0 0 0 0 -184.561 348.038 2413.75 -216.368 45.1689 2498.45 0 0 0 -257.346 -223.793 2425.99 0 0 0 0 0 0 111.464 351.991 2376.72 137.392 90.1862 2464.78 0 0 0 213.457 -172.855 2460.45 0 0 0 -128.667 -55.0233 2408.05 -131.486 -513.219 2410.2 0 0 0 -117.299 -927.62 2503.37 66.503 -52.4173 2383.63 118.358 -511.24 2409.23 0 0 0 130.609 -943.895 2518.53
14760025 -31.1316 592.242 2387.77 -37.275 348.491 2395.72 -33.3576 148.736 2392.6 0 0 0 0 0 0 -185.643 345.357 2410.12 -213.081 55.5621 2498.53 0 0 0 -261.863 -220.248 2395.37 0 0 0 0 0 0 111.093 351.626 2381.32 141.138 90.9608 2470.3 0 0 0 228.644 -168.344 2435.79 0 0 0 -122.108 -52.9775 2398.47 -132.276 -509.937 2409.21 0 0 0 -117.082 -922.495 2507.74 63.228 -49.0619 2380.49 118.098 -510.688 2406.68 0 0 0 128.782 -945.207 2519.42
14826611 -32.2946 592.357 2386.44 -37.8275 347.334 2395.67 -33.8883 148.705 2392.59 0 0 0 0 0 0 -186.189 344.176 2409.56 -213.661 65.5602 2486.76 0 0 0 -272.394 -202.97 2336.83 0 0 0 0 0 0 110.533 350.491 2381.77 150.474 94.5663 2468.21 0 0 0 243.05 -160.8 2370.86 0 0 0 -123.796 -51.9205 2398.31 -131.957 -509.921 2404.95 0 0 0 -112.389 -919.499 2505.52 63.8974 -47.926 2380.73 117.876 -508.71 2408.42 0 0 0 129.241 -943.164 2517.68
14859904 -32.9335 593.917 2389.07 -38.1933 346.876 2395.8 -34.2409 148.517 2392.92 0 0 0 0 0 0 -186.858 343.716 2409.45 -216.83 69.2942 2479.19 0 0 0 -277.089 -206.759 2320.63 0 0 0 0 0 0 110.471 350.036 2382.15 157.571 96.1778 2465.15 0 0 0 247.071 -155.176 2339.28 0 0 0 -124.158 -51.8367 2398.66 -131.961 -513.345 2403.83 0 0 0 -100.658 -952.065 2495.36 63.5807 -47.8459 2381.43 117.283 -508.149 2410.81 0 0 0 129.184 -941.491 2516.83
14926490 -34.3521 595.105 2390.3 -38.8778 345.882 2395.27 -35.0116 148.335 2391.97 0 0 0 0 0 0 -188.033 342.757 2407.61 -222.29 69.1953 2467.29 0 0 0 -275.351 -200.801 2277.39 0 0 0 0 0 0 110.278 349.007 2382.93 170.364 98.3703 2463.59 0 0 0 255.229 -130.92 2292.14 0 0 0 -123.772 -51.1525 2396.34 -132.292 -516.786 2404.11 0 0 0 -102.031 -946.257 2500.88 61.4814 -47.271 2381.01 116.14 -505.831 2411.07 0 0 0 129.163 -940.78 2516.46
14959783 -35.0786 596.45 2390.85 -38.8429 346.421 2394.41 -35.2152 149.598 2390.39 0 0 0 0 0 0 -189.107 343.413 2406.07 -224.659 65.0425 2466.04 0 0 0 -275.283 -194.257 2267.91 0 0 0 0 0 0 111.421 349.429 2382.76 174.877 100.98 2459.54 0 0 0 253.659 -130.51 2270.27 0 0 0 -123.554 -49.0661 2393.5 -132.274 -518.411 2403.4 0 0 0 -107.74 -955.607 2509.68 60.379 -45.3847 2379.24 115.937 -504.188 2411.94 0 0 0 129.663 -938.356 2516.47
15026369 -34.4373 598.007 2392.22 -39.2755 347.576 2393.41 -35.0761 150.276 2389.26 0 0 0 0 0 0 -189.926 344.112 2405.64 -227.832 64.9524 2460.78 0 0 0 -271.647 -190.101 2250.23 0 0 0 0 0 0 111.375 351.039 2381.17 176.286 105.913 2452.88 0 0 0 240.182 -125.477 2247.24 0 0 0 -121.295 -49.1016 2392.46 -132.613 -518.821 2402.68 0 0 0 -105.922 -965.384 2507.44 59.5418 -44.9443 2377.78 116.222 -504.165 2413.12 0 0 0 130.368 -939.094 2516.3
15059662 -35.013 598.361 2392.55 -39.4715 348.554 2393.45 -34.8906 153.552 2386.22 0 0 0 0 0 0 -190.739 344.527 2406.21 -229.033 68.5458 2458.28 0 0 0 -269.331 -183.463 2252.66 0 0 0 0 0 0 111.796 352.581 2380.68 175.673 115.393 2440.9 0 0 0 238.835 -122.358 2249.66 0 0 0 -116.888 -43.7555 2386.31 -132.816 -520.942 2399.03 0 0 0 -104.758 -940.404 2503.54 56.2681 -39.1463 2371.69 116.304 -498.335 2413.7 0 0 0 130.532 -933.093 2515.56
15126248 -35.1726 598.623 2393.52 -39.6335 348.594 2392.83 -35.536 153.96 2385.62 0 0 0 0 0 0 -191.515 344.924 2405.59 -229.591 71.8548 2456.12 0 0 0 -261.389 -183.477 2268.92 0 0 0 0 0 0 112.248 352.265 2380.07 179.24 111.438 2426.3 0 0 0 225.177 -129.329 2251.72 0 0 0 -117.853 -42.7635 2385.67 -132.775 -520.74 2399.99 0 0 0 -112.49 -926.484 2504.8 54.9761 -38.5869 2371.15 116.864 -496.08 2413.06 0 0 0 131.527 -931.29 2513.84
