13347700 30.3077 601.256 2400.4 7.2193 357.625 2391.81 -1.11593 159.138 2382.32 0 0 0 0 0 0 -146.921 363.573 2402.79 -189.349 83.7587 2453.76 0 0 0 -219.687 -178.771 2308.94 0 0 0 0 0 0 161.359 351.677 2380.82 197.262 110.653 2445.29 0 0 0 260.513 -176.149 2378.56 0 0 0 -107.097 -35.5821 2379.8 -111.806 -506.32 2387.16 0 0 0 -95.876 -922.735 2500.35 88.1952 -43.1181 2365.88 139.11 -510.763 2399.95 0 0 0 140.905 -948.702 2498.56
13407170 27.5656 600.975 2400.93 6.60083 353.958 2392.84 -2.46907 157.229 2382.51 0 0 0 0 0 0 -149.345 360.65 2402.32 -193.044 80.2085 2450.51 0 0 0 -217.152 -184.8 2292.79 0 0 0 0 0 0 162.547 347.266 2383.35 195.439 109.626 2446.79 0 0 0 259.134 -182.86 2393.62 0 0 0 -110.407 -35.2575 2378.2 -112.377 -506.423 2387.9 0 0 0 -95.9949 -930.801 2501.31 87.3295 -43.7424 2366.17 139.396 -510.59 2400.06 0 0 0 139.164 -948.701 2500.54
13447808 25.1695 601.002 2401.06 1.95614 344.935 2392.38 -3.65829 154.506 2381.59 0 0 0 0 0 0 -158.481 349.207 2400.47 -200.126 80.7975 2445.99 0 0 0 -212.891 -185.495 2297.94 0 0 0 0 0 0 162.393 340.663 2384.29 195.808 96.0299 2451.82 0 0 0 257.956 -181.184 2398.56 0 0 0 -104.242 -33.3952 2375.59 -113.021 -511.215 2388.86 0 0 0 -116.86 -936.452 2495.79 85.6969 -38.4527 2366.01 139.742 -504.907 2400.95 0 0 0 138.724 -943.391 2501.7
13507049 24.2476 599.821 2400.1 2.19314 341.854 2390.19 -2.76914 153.394 2381.13 0 0 0 0 0 0 -157.243 345.704 2397.43 -197.854 81.1902 2447.22 0 0 0 -233.389 -183.919 2305.27 0 0 0 0 0 0 161.63 338.004 2382.96 194.684 94.2166 2449.68 0 0 0 255.351 -178.494 2393.31 0 0 0 -100.513 -32.8265 2376.27 -114.016 -512.387 2387.01 0 0 0 -108.875 -939.394 2498.44 85.0501 -37.3075 2367.85 139.463 -503.362 2403.96 0 0 0 138.876 -941.227 2504.43
13547915 22.8045 598.153 2395 -1.88442 341.137 2389.92 -4.54049 152.92 2381.37 0 0 0 0 0 0 -159.632 343.079 2396.17 -199.8 81.6967 2447.4 0 0 0 -225.991 -187.472 2311.95 0 0 0 0 0 0 155.863 339.194 2383.68 193.394 96.9137 2448 0 0 0 250.796 -176.055 2390.15 0 0 0 -99.3474 -34.1615 2376.47 -114.015 -512.958 2387.07 0 0 0 -103.709 -944.161 2499.24 84.9543 -36.431 2369.18 138.823 -501.459 2405.64 0 0 0 139.359 -930.66 2509.52
13606928 23.5399 597.019 2392.39 0.809108 343.454 2390.98 -3.27839 153.663 2382.25 0 0 0 0 0 0 -155.806 346.495 2398.2 -198.16 81.8525 2448.77 0 0 0 -233.956 -185.905 2318.76 0 0 0 0 0 0 157.424 340.414 2383.75 192.903 98.6558 2446.11 0 0 0 249.235 -177.044 2378.06 0 0 0 -99.1277 -34.3467 2377.76 -116.272 -510.125 2386.88 0 0 0 -104.621 -939.211 2498.71 84.3959 -37.91 2369.3 138.292 -501.638 2405.99 0 0 0 139.548 -931.167 2508.86
13673514 21.7652 589.946 2385.78 -3.26914 342.637 2390.09 -5.53134 153.198 2381.23 0 0 0 0 0 0 -159.719 344.195 2396.72 -198.129 83.1358 2448.27 0 0 0 -222.23 -197.103 2309.51 0 0 0 0 0 0 153.181 341.078 2383.47 192.978 100.019 2444.17 0 0 0 245.671 -164.896 2363.61 0 0 0 -99.6767 -35.3245 2376.27 -120.446 -508.24 2388.77 0 0 0 -104.276 -937.092 2496.78 84.0896 -37.1552 2368.49 138.009 -499.58 2405.35 0 0 0 139.261 -928.683 2508.28
13714762 18.2835 590.281 2384.45 -4.09982 345.064 2390.95 -7.20198 153.453 2381.2 0 0 0 0 0 0 -158.122 347.195 2398.08 -198.589 83.9308 2446.17 0 0 0 -222.99 -198.258 2305 0 0 0 0 0 0 149.922 342.934 2383.82 190.781 102.276 2443.46 0 0 0 241.469 -164.738 2345.66 0 0 0 -103.989 -36.8628 2375.78 -119.369 -507.745 2389.3 0 0 0 -103.824 -933.38 2497.24 83.3804 -39.4546 2367.11 137.509 -500.612 2404.66 0 0 0 139.319 -924.493 2511.59
13773393 19.565 592.299 2386.35 -5.3861 346.374 2391.04 -7.84937 154.496 2380.91 0 0 0 0 0 0 -158.19 347.956 2398.23 -204.566 109.301 2466.43 0 0 0 -226.973 -167.762 2329.43 0 0 0 0 0 0 147.418 344.792 2383.86 189.279 102.63 2441.79 0 0 0 238.991 -168.727 2334.63 0 0 0 -103.775 -36.4147 2375.17 -119.424 -507.427 2388.44 0 0 0 -101.52 -926.449 2493.12 83.1499 -38.3503 2366.38 137.146 -498.398 2404.42 0 0 0 139.633 -921.637 2510.5
13814869 20.2363 593.535 2385.72 -6.03081 347.06 2390.86 -9.24546 154.99 2380.35 0 0 0 0 0 0 -158.15 349.133 2399.5 -202.468 106.384 2462.01 0 0 0 -231.397 -177.581 2329.93 0 0 0 0 0 0 146.089 344.987 2382.21 189.375 100.197 2437.96 0 0 0 233.864 -160.883 2323.63 0 0 0 -106.725 -35.796 2375.2 -119.826 -506.589 2387.37 0 0 0 -100.326 -922.986 2490.1 81.805 -38.3654 2364.49 135.882 -496.026 2404.31 0 0 0 140.32 -915.031 2512.66
13848239 20.6372 594.613 2386.15 -7.38507 349.351 2392.3 -9.97794 156.295 2381.01 0 0 0 0 0 0 -159.87 350.774 2402.98 -199.137 105.55 2461.57 0 0 0 -225.213 -176.655 2320.01 0 0 0 0 0 0 145.1 347.927 2381.63 189.9 103.453 2436.43 0 0 0 232.95 -155.37 2317.12 0 0 0 -105.817 -35.8901 2376.24 -119.741 -505.872 2386.01 0 0 0 -99.4128 -927.27 2490.54 80.6754 -37.631 2363.19 134.799 -494.186 2404.69 0 0 0 138.614 -906.989 2515.54
13906565 19.2635 595.066 2386.72 -6.99227 348.678 2392.64 -9.99334 155.917 2380.85 0 0 0 0 0 0 -158.433 350.428 2402.58 -199.159 104.244 2460.69 0 0 0 -226.843 -181.965 2319.78 0 0 0 0 0 0 144.449 346.928 2382.71 189.719 102.202 2434.89 0 0 0 223.392 -155.828 2311 0 0 0 -106.884 -35.7583 2375.21 -120.087 -504.531 2385.47 0 0 0 -99.0884 -930.783 2493.04 80.8952 -37.9282 2362.9 133.757 -493.491 2404 0 0 0 138.558 -910.564 2513.06
13948346 18.8857 595.193 2386.51 -7.35296 347.9 2392.48 -10.555 155.148 2380.57 0 0 0 0 0 0 -158.656 349.715 2403.8 -199.203 96.7398 2458.99 0 0 0 -221.989 -181.925 2315.28 0 0 0 0 0 0 143.95 346.086 2381.15 189.503 99.5078 2430.65 0 0 0 231.402 -153.822 2310.81 0 0 0 -108.02 -36.4749 2375.73 -121.008 -503.095 2383.81 0 0 0 -99.1094 -931.641 2493.15 80.5058 -38.7356 2361.62 132.51 -493.65 2403.27 0 0 0 138.785 -912.892 2513.59
14015085 17.8834 595.281 2386.3 -7.95546 347.702 2391.85 -10.5943 154.755 2380.5 0 0 0 0 0 0 -158.858 349.094 2403.27 -199.724 98.3861 2460.98 0 0 0 -222.419 -198.795 2308.26 0 0 0 0 0 0 142.947 346.31 2380.43 188.461 99.4467 2427.93 0 0 0 223.92 -148.714 2317.71 0 0 0 -107.689 -37.3211 2376.29 -120.743 -503.559 2383.4 0 0 0 -98.747 -931.982 2494.05 81.2226 -39.0636 2361.99 131.518 -494.229 2403.3 0 0 0 138.951 -913.438 2515.66
14073030 17.5539 595.308 2385.58 -9.04074 347.057 2391.6 -10.9242 154.039 2380.56 0 0 0 0 0 0 -159.906 347.88 2402.96 -199.728 94.6903 2459.02 0 0 0 -225.985 -185.497 2317.29 0 0 0 0 0 0 141.825 346.235 2380.24 186.597 100.672 2422.54 0 0 0 227.556 -157.775 2318.06 0 0 0 -106.924 -38.4656 2376.6 -120.307 -504.595 2382.12 0 0 0 -98.8723 -927.38 2490.77 81.309 -39.4916 2362.43 130.667 -494.645 2404.69 0 0 0 139.256 -912.52 2518.11
14115193 4.57673 578.044 2394.52 -9.51376 348.791 2391.59 -11.2014 153.497 2380.49 0 0 0 0 0 0 -178.173 349.544 2403.97 -212.353 72.7334 2452.84 0 0 0 -234.456 -184.925 2337.49 0 0 0 0 0 0 159.146 348.037 2379.21 199.254 70.3307 2417.3 0 0 0 236.861 -193.803 2322.43 0 0 0 -109.943 -41.3626 2376.51 -129.862 -500.938 2391.09 0 0 0 -99.6717 -927.781 2475.24 84.1649 -42.2298 2362.26 134.714 -493.123 2416.29 0 0 0 139.69 -915.237 2520.36
14148562 -1.50415 580.245 2389.64 -5.66794 328.27 2391.27 -13.2661 132.394 2375.96 0 0 0 0 0 0 -182.54 335.51 2386.43 -225.846 -58.7461 2431.88 0 0 0 -238.643 -199.828 2366.64 0 0 0 0 0 0 171.204 321.029 2396.12 203.301 41.3632 2426.74 0 0 0 237.587 -226.352 2341.1 0 0 0 -119.596 -59.4395 2357.93 -134.873 -515.58 2371.45 0 0 0 -115.008 -942.917 2457.18 77.8675 -67.5226 2363.34 129.277 -516.096 2421.73 0 0 0 133.821 -941.047 2517.73
14206202 0.0632758 587.019 2389.06 -5.48371 352.735 2393.72 -12.392 155.91 2385.31 0 0 0 0 0 0 -186.736 359.657 2380.57 -211.191 78.7527 2406.56 0 0 0 -232.767 -182.452 2299.38 0 0 0 0 0 0 175.769 345.812 2406.86 201.444 64.8886 2431.43 0 0 0 232.645 -205.739 2354.18 0 0 0 -118.131 -37.1402 2369.74 -127.091 -501.542 2395.97 0 0 0 -106.259 -930.173 2475.71 79.5301 -44.6898 2384.08 137.977 -505.257 2437.9 0 0 0 140.584 -928.497 2543.05
14248670 0.0486264 589.882 2388.74 -5.2881 364.113 2394.26 -11.9141 166.815 2388.83 0 0 0 0 0 0 -188.792 370.736 2377.54 -208.275 89.0196 2398.44 0 0 0 -228.222 -176.31 2301.58 0 0 0 0 0 0 178.216 357.49 2410.98 198.749 75.7616 2430.68 0 0 0 227.101 -197.232 2361.03 0 0 0 -117.692 -26.9037 2374.36 -131.599 -486.1 2389.91 0 0 0 -106.387 -914.658 2469.39 80.6118 -34.061 2392.42 141.222 -489.143 2429.46 0 0 0 143.087 -914.491 2526.84
14315408 -0.235522 591.069 2387.57 -5.49912 369.278 2395.01 -11.9321 171.735 2391.74 0 0 0 0 0 0 -190.125 375.597 2376.46 -205.657 93.3604 2393.25 0 0 0 -224.03 -175.327 2305.78 0 0 0 0 0 0 179.127 362.959 2413.55 202.237 88.8384 2435.23 0 0 0 226.892 -181.693 2360.49 0 0 0 -117.743 -22.4062 2378.49 -127.857 -479.185 2387.13 0 0 0 -110.896 -907.998 2467.42 81.0124 -29.2089 2398.45 139.781 -482.022 2424.99 0 0 0 141.469 -907.452 2522.9
14372667 -1.16692 590.19 2387.99 -5.58379 370.567 2396.01 -11.6722 172.895 2393.66 0 0 0 0 0 0 -190.853 376.496 2377.26 -203.242 93.9265 2390.74 0 0 0 -220.112 -177.491 2311.82 0 0 0 0 0 0 179.685 364.639 2414.75 206.288 78.1541 2435.13 0 0 0 230.076 -193.896 2356.1 0 0 0 -117.303 -21.5912 2381.25 -127.238 -477.107 2382.14 0 0 0 -110.248 -905.917 2462.86 81.7823 -27.962 2401.39 138.367 -479.866 2420.38 0 0 0 144.651 -905.288 2518.47
14415516 -0.403016 592.167 2387.69 -5.5823 373.533 2397.12 -11.5043 175.794 2396.11 0 0 0 0 0 0 -191.05 379.19 2377.13 -200.938 96.4076 2387.94 0 0 0 -216.388 -177.228 2316.76 0 0 0 0 0 0 179.886 367.876 2417.12 207.835 71.9493 2434.26 0 0 0 233.646 -200.354 2354.98 0 0 0 -116.991 -18.9076 2384.36 -125.715 -473.836 2383.79 0 0 0 -114.101 -902.767 2464.86 82.1387 -24.9813 2405.83 136.159 -476.445 2425.55 0 0 0 144.833 -902.69 2519.98
14472546 0.517634 591.023 2388.05 -4.24777 372.932 2398.25 -9.99541 175.159 2397.03 0 0 0 0 0 0 -189.843 378.451 2377.87 -197.737 95.5316 2386.53 0 0 0 -211.856 -179.905 2322.38 0 0 0 0 0 0 181.348 367.413 2418.62 208.723 68.7686 2432.27 0 0 0 237.582 -204.283 2353.74 0 0 0 -115.33 -19.6519 2384.88 -123.717 -474.239 2380.01 0 0 0 -112.473 -903.362 2460.3 83.844 -25.5744 2406.75 141.475 -476.259 2425.59 0 0 0 140.721 -903.937 2513.15
14539132 1.13115 587.292 2379.73 -3.85982 370.382 2396.06 -9.55839 172.641 2398.58 0 0 0 0 0 0 -189.508 375.468 2375.31 -195.813 92.4617 2382.25 0 0 0 -208.69 -184.437 2324.44 0 0 0 0 0 0 181.788 365.296 2416.81 207.59 64.6235 2429.03 0 0 0 239.864 -207.396 2350.43 0 0 0 -114.851 -22.3725 2389.96 -124.669 -476.797 2386.14 0 0 0 -111.196 -906.098 2465.18 84.3375 -27.8295 2412.22 139.639 -478.804 2424.85 0 0 0 140.05 -905.248 2518.5
14572425 1.24066 588.99 2382.56 -3.30512 372.044 2397.57 -8.03687 174.252 2399.91 0 0 0 0 0 0 -189.061 376.247 2377.24 -194.099 93.1844 2382.8 0 0 0 -205.824 -184.901 2330.73 0 0 0 0 0 0 182.451 367.84 2417.89 207.271 63.4126 2429.06 0 0 0 241.981 -208.504 2349.84 0 0 0 -112.411 -21.2855 2391.35 -123.187 -475.53 2382.82 0 0 0 -108.819 -904.45 2463.79 86.8742 -25.7948 2413.15 139.133 -477.146 2418.08 0 0 0 146.632 -901.499 2520.2
14615731 0.270997 589.464 2384.98 -3.79735 372.218 2398.4 -8.07343 174.396 2399.79 0 0 0 0 0 0 -189.561 376.089 2377.88 -193.587 92.9907 2382.33 0 0 0 -204.248 -186.057 2335.43 0 0 0 0 0 0 181.966 368.347 2418.92 202.172 62.0491 2429.58 0 0 0 242.166 -207.481 2346.04 0 0 0 -111.989 -21.3501 2390.17 -124.464 -475.393 2377.05 0 0 0 -111.908 -903.474 2462.54 87.2903 -25.5028 2412.19 137.001 -477.155 2414.34 0 0 0 144.997 -900.701 2520.11
14672304 1.33617 591.755 2386.19 -2.9228 374.724 2399.49 -7.10798 176.895 2401.21 0 0 0 0 0 0 -188.756 378.482 2379.48 -191.973 95.3608 2383.05 0 0 0 -201.656 -184.467 2340.82 0 0 0 0 0 0 182.91 370.967 2419.49 200.586 61.0261 2431.78 0 0 0 240.737 -206.631 2344.68 0 0 0 -110.968 -18.9193 2392.2 -124.958 -472.983 2381.93 0 0 0 -110.763 -900.46 2470.17 88.3815 -22.9502 2413.66 135.732 -474.821 2419.19 0 0 0 150.071 -898.464 2523.95
14715839 0.828265 591.59 2387.3 -3.05412 374.006 2400.4 -6.98845 176.165 2401.88 0 0 0 0 0 0 -188.884 377.55 2380.27 -191.456 94.4145 2383.12 0 0 0 -200.241 -186.045 2345.1 0 0 0 0 0 0 182.776 370.461 2420.52 202.174 69.6161 2431.83 0 0 0 236.592 -199.014 2346.52 0 0 0 -110.594 -19.7744 2392.57 -124.726 -473.733 2378.76 0 0 0 -111.977 -901.684 2464.94 88.7488 -23.5768 2414.16 135.874 -475.495 2418.83 0 0 0 147.593 -899.761 2521.56
14772183 1.27761 591.836 2386.34 -2.55236 374.374 2400.4 -6.47691 176.534 2402.24 0 0 0 0 0 0 -188.372 377.872 2380.14 -190.428 94.7269 2382.43 0 0 0 -198.39 -186.246 2348.2 0 0 0 0 0 0 183.267 370.876 2420.66 202.806 72.881 2433.02 0 0 0 233.507 -194.903 2344.27 0 0 0 -110.067 -19.4295 2393.21 -125.894 -473.353 2379.87 0 0 0 -108.063 -901.192 2465.61 89.2639 -23.182 2414.94 135.717 -475.185 2418.75 0 0 0 146.221 -900.009 2519.4
14815947 0.457573 591.221 2386.87 -2.96666 374.1 2401.09 -7.14177 176.263 2402.75 0 0 0 0 0 0 -188.878 377.861 2381.75 -190.522 94.7098 2383.57 0 0 0 -197.733 -186.678 2352.76 0 0 0 0 0 0 182.945 370.34 2420.42 202.843 74.9297 2431.75 0 0 0 231.681 -193.246 2343.7 0 0 0 -111.033 -19.5571 2394.04 -125.579 -473.452 2378.47 0 0 0 -112.425 -900.651 2468.04 88.3989 -23.5912 2414.79 135.266 -475.537 2420.17 0 0 0 143.71 -901.18 2517.51
14872062 1.32028 591.912 2386.63 -2.24887 374.671 2401.16 -6.58583 176.844 2403.5 0 0 0 0 0 0 -188.032 378.501 2380.66 -189.347 95.3461 2382.12 0 0 0 -195.873 -186.379 2354.39 0 0 0 0 0 0 183.534 370.84 2421.67 202.919 75.6231 2431.75 0 0 0 231.398 -191.602 2340.84 0 0 0 -110.57 -18.9279 2394.84 -124.447 -472.869 2379.83 0 0 0 -108.727 -900.235 2468.29 88.7241 -23.0371 2416.84 135.698 -474.991 2419.35 0 0 0 145.011 -899.161 2522.73
14916055 -0.0363846 593.612 2393.52 -2.99903 376.358 2403.81 -6.73896 178.522 2403.58 0 0 0 0 0 0 -188.858 379.894 2383.93 -189.909 96.7366 2385.1 0 0 0 -195.812 -185.261 2360.14 0 0 0 0 0 0 182.86 372.822 2423.69 202.948 76.6346 2431.13 0 0 0 229.458 -191.025 2340.93 0 0 0 -110.164 -17.4173 2392.69 -123.215 -471.172 2372.81 0 0 0 -112.573 -897.72 2465.71 89.2066 -21.2105 2414.02 136.643 -473.076 2420.04 0 0 0 144.183 -899.973 2510.92
14971941 1.36667 594.239 2398.46 -1.38602 377.141 2405.56 -4.9734 179.309 2403.72 0 0 0 0 0 0 -187.07 380.708 2384.16 -187.911 97.5493 2385.1 0 0 0 -193.247 -184.669 2362.63 0 0 0 0 0 0 184.298 373.574 2426.97 203.092 78.9177 2431 0 0 0 228.344 -189.271 2342.02 0 0 0 -108.156 -16.6109 2390.39 -122.953 -470.47 2374.73 0 0 0 -109.291 -896.96 2467.63 91.0341 -20.4373 2413.35 136.679 -472.508 2418.07 0 0 0 146.318 -897.354 2517.96
15016162 1.64575 593.282 2399.93 -1.87841 376.676 2407.3 -5.97271 178.846 2405.43 0 0 0 0 0 0 -187.622 380.717 2386.47 -188.294 97.5569 2387.22 0 0 0 -193.115 -184.841 2367 0 0 0 0 0 0 183.865 372.635 2428.12 204.23 80.7247 2431 0 0 0 227.624 -187.509 2341.65 0 0 0 -109.69 -16.8168 2392.39 -126.268 -470.739 2381.12 0 0 0 -113.804 -898.067 2470.28 89.5557 -21.1514 2414.73 133.456 -473.384 2420.58 0 0 0 143.79 -899.107 2517
15071820 1.94136 593.958 2400.66 -2.65445 377.144 2408.04 -7.53478 179.328 2406.32 0 0 0 0 0 0 -188.325 381.91 2386.72 -188.863 98.7493 2387.32 0 0 0 -193.218 -183.794 2369.12 0 0 0 0 0 0 183.016 372.379 2429.35 203.66 78.6647 2432.65 0 0 0 228.627 -188.732 2341.27 0 0 0 -112 -15.9323 2393.17 -129.1 -469.876 2382.71 0 0 0 -114.122 -897.248 2471.34 87.1699 -21.0444 2416.03 133.094 -473.079 2421.83 0 0 0 144.281 -898.505 2519.72
15116270 2.17709 594.72 2400.53 -2.95207 377.544 2408.09 -8.1846 179.734 2406.38 0 0 0 0 0 0 -188.56 382.642 2386.29 -188.99 99.4814 2386.77 0 0 0 -192.921 -183.179 2370.4 0 0 0 0 0 0 182.655 372.445 2429.89 203.722 77.6896 2431.1 0 0 0 235.153 -188.761 2339.16 0 0 0 -112.968 -15.3415 2392.97 -127.321 -469.355 2381.41 0 0 0 -113.035 -897.292 2467.42 86.1334 -20.8109 2416.36 134.955 -472.555 2418.61 0 0 0 142.76 -897.749 2517.9
15171699 1.52942 592.529 2393.47 -3.70393 376.095 2406.04 -9.02835 178.302 2407.17 0 0 0 0 0 0 -189.395 380.972 2384.91 -203.543 -53.8099 2390.07 0 0 0 -205.745 -193.361 2366.28 0 0 0 0 0 0 181.987 371.217 2427.17 205.866 70.8495 2431.55 0 0 0 239.796 -195.886 2337.86 0 0 0 -113.949 -16.8749 2396.97 -126.16 -470.947 2385.04 0 0 0 -113.64 -899.3 2469.25 85.2433 -22.1072 2419.63 136.441 -473.574 2417.42 0 0 0 142.315 -896.478 2525.85
15216378 0.816854 590.759 2389.43 -4.10139 374.805 2405.69 -9.54296 177.04 2408.96 0 0 0 0 0 0 -189.956 379.594 2386.07 -213.855 -2.52258 2397.03 0 0 0 -224.595 -212.054 2342.11 0 0 0 0 0 0 181.753 370.016 2425.3 214.942 68.4327 2433.27 0 0 0 266.326 -195.367 2337.19 0 0 0 -114.671 -18.1568 2401.72 -128.52 -472.207 2390.6 0 0 0 -111.509 -901.634 2467.91 84.7019 -23.294 2422.76 135.345 -474.842 2420.09 0 0 0 143.618 -898.657 2524.91
15271578 -0.128807 590.704 2387.92 -4.61846 374.462 2405.26 -9.94744 176.689 2408.88 0 0 0 0 0 0 -190.623 379.142 2387.11 -225.049 19.8224 2403.26 0 0 0 -248.114 -222.768 2318.54 0 0 0 0 0 0 181.386 369.782 2423.42 226.973 75.2177 2436.63 0 0 0 292.719 -185.325 2336.51 0 0 0 -115.042 -18.5745 2402.76 -127.322 -472.364 2384.12 0 0 0 -112.913 -900.917 2466.65 84.4887 -23.5948 2422.23 135.738 -475.069 2417.87 0 0 0 143.896 -899.656 2519.67
15304871 -1.07842 591.466 2394.66 -5.06579 374.504 2407.18 -9.51915 176.692 2408.15 0 0 0 0 0 0 -191.002 378.597 2388.19 -235.244 36.9272 2408.34 0 0 0 -275.059 -216.391 2298.71 0 0 0 0 0 0 180.871 370.412 2426.17 246.492 79.6147 2435.82 0 0 0 329.138 -175.795 2329.86 0 0 0 -113.699 -18.9245 2398.94 -127.099 -472.688 2379.63 0 0 0 -109.258 -901.39 2460.85 85.7543 -23.3147 2419.31 136.545 -474.854 2418.39 0 0 0 147.293 -900.175 2516.86
15349855 -1.58758 594.728 2397.53 -5.66819 377.966 2409.13 -9.615 180.131 2409.25 0 0 0 0 0 0 -191.457 381.66 2388.69 -250.598 49.006 2411.42 0 0 0 -308.852 -203.861 2278.81 0 0 0 0 0 0 180.121 374.272 2429.58 269.249 89.8109 2438.91 0 0 0 379.54 -144.846 2315.22 0 0 0 -113.212 -15.7233 2398.41 -125.404 -469.677 2383.29 0 0 0 -113.793 -898.522 2464.81 86.0879 -19.6861 2420.34 138.157 -471.066 2423.13 0 0 0 143.645 -896.931 2519.61
15404750 -1.70392 596.003 2398.97 -6.36375 379.539 2410.82 -10.0456 181.692 2411.03 0 0 0 0 0 0 -192.397 382.982 2392.81 -304.109 80.045 2420.13 0 0 0 -430.859 -121.048 2241.44 0 0 0 0 0 0 179.67 376.096 2428.84 290.625 102.906 2438.95 0 0 0 424.511 -107.271 2301.47 0 0 0 -113.513 -14.3093 2401.57 -126.612 -468.326 2388.92 0 0 0 -114.603 -897.848 2466.84 86.0582 -18.0031 2420.9 136.813 -469.484 2416.89 0 0 0 144.692 -893.777 2519.79
15449963 -3.2277 593.528 2401.68 -6.52128 377.675 2412.07 -10.2322 179.836 2410.67 0 0 0 0 0 0 -192.467 381.297 2393.12 -329.05 105.519 2419.06 0 0 0 -484.989 -61.4704 2224.58 0 0 0 0 0 0 179.424 374.054 2431.01 324.817 124.456 2431.48 0 0 0 485.911 -50.0728 2283.94 0 0 0 -113.671 -16.062 2399.12 -124.883 -470.051 2383.86 0 0 0 -114.519 -900.083 2459.25 85.7851 -19.9464 2419.44 136.439 -471.433 2412.82 0 0 0 145.247 -894.929 2519
15504629 -2.77631 593.906 2402.04 -5.51108 378.224 2413.88 -8.92239 180.371 2413.09 0 0 0 0 0 0 -191.484 381.505 2395.08 -351.527 123.257 2406.03 0 0 0 -534.203 -5.06494 2208.79 0 0 0 0 0 0 180.462 374.943 2432.68 349.906 143.231 2431.23 0 0 0 536.409 2.43983 2281.07 0 0 0 -112.078 -15.7215 2402.22 -122.31 -469.754 2387.22 0 0 0 -115.75 -898.732 2468.57 87.4104 -19.241 2422.39 139.595 -470.537 2424.23 0 0 0 144.639 -896.282 2520.83
15550070 -2.52821 593.625 2401.22 -5.62605 378.625 2415.04 -8.96478 180.773 2415.69 0 0 0 0 0 0 -191.528 381.699 2395.51 -377.766 150.131 2396.01 0 0 0 -578.729 80.2585 2196.3 0 0 0 0 0 0 180.276 375.552 2434.58 379.95 177.113 2431.12 0 0 0 585.702 83.7548 2276.15 0 0 0 -112.012 -15.4309 2405.85 -123.993 -469.267 2387.07 0 0 0 -114.587 -898.186 2468.61 87.4049 -18.7278 2426.81 138.459 -470.203 2426.78 0 0 0 141.689 -896.469 2521.45
15604508 -1.17871 596.048 2408.31 -5.14696 380.139 2418.2 -8.75343 182.294 2417.33 0 0 0 0 0 0 -191.118 383.612 2399.39 -397.886 177.069 2389.01 0 0 0 -610.232 156.907 2193.46 0 0 0 0 0 0 180.824 376.667 2437.01 406.473 206.553 2421.56 0 0 0 628.181 149.883 2267.55 0 0 0 -112.106 -13.6882 2406.38 -123.628 -467.475 2385.96 0 0 0 -114.596 -897.705 2460.08 87.3861 -17.413 2426.56 135.648 -469.068 2418.4 0 0 0 145.81 -893.824 2518.94
15637801 -1.03562 597.259 2411.86 -4.65544 381.375 2420.01 -8.38381 183.532 2418.55 0 0 0 0 0 0 -190.644 385.018 2401.39 -414.442 202.036 2385.01 0 0 0 -629.366 225.947 2194.44 0 0 0 0 0 0 181.333 377.732 2438.64 423.237 235.275 2416.28 0 0 0 648.691 215.405 2258.8 0 0 0 -111.867 -12.3573 2407.09 -124.25 -465.896 2382.39 0 0 0 -110.781 -894.501 2464.5 87.6423 -16.2654 2427.07 136.05 -467.975 2419.86 0 0 0 145.77 -891.934 2523.98
15683547 -0.0941114 596.904 2413.63 -3.38581 381.513 2421.38 -7.19028 183.672 2419.47 0 0 0 0 0 0 -189.493 385.259 2404.04 -433.223 246.019 2374.51 0 0 0 -641.272 329.487 2203.74 0 0 0 0 0 0 182.721 377.767 2438.72 441.617 284.136 2413.64 0 0 0 669.902 313.611 2263.14 0 0 0 -110.816 -12.1591 2408.27 -124.28 -465.499 2380.6 0 0 0 -110.041 -893.809 2464.47 88.8264 -16.1772 2426.87 137.228 -467.906 2419.11 0 0 0 147.88 -892.414 2521.03
15737680 0.61999 598.38 2423.02 -2.14901 381.887 2424.33 -5.62196 184.194 2417.76 0 0 0 0 0 0 -188.345 385.701 2407.99 -443.624 284.022 2366.25 0 0 0 -643.34 413.403 2218.09 0 0 0 0 0 0 184.047 378.073 2440.67 448.296 325.056 2407.32 0 0 0 673 395.55 2266.9 0 0 0 -108.962 -11.4534 2402.42 -122.858 -464.597 2371.85 0 0 0 -110.399 -892.243 2459.39 90.7719 -15.545 2419.95 136.13 -467.452 2407.19 0 0 0 150.954 -890.42 2514.69
15783655 1.36154 598.141 2419.21 -1.60462 381.964 2422.35 -4.76443 184.237 2415.76 0 0 0 0 0 0 -187.816 385.481 2406.08 -452.326 336.998 2361.13 0 0 0 -624.332 516.563 2241.53 0 0 0 0 0 0 184.607 378.447 2438.61 451.135 376.041 2395.66 0 0 0 658.16 501.981 2276.96 0 0 0 -107.798 -11.6025 2400.46 -124.386 -464.991 2376.06 0 0 0 -106.327 -892.872 2461.38 91.9495 -15.3753 2417.91 137.082 -467.413 2413.37 0 0 0 147.07 -891.424 2517.25
15837559 1.90342 598.179 2417.31 -1.19222 382.135 2421.29 -4.16669 184.407 2414.28 0 0 0 0 0 0 -187.409 385.513 2405.04 -455.165 382.997 2359.57 0 0 0 -600.929 596.696 2260.3 0 0 0 0 0 0 185.024 378.757 2437.54 450.565 419.022 2386.33 0 0 0 640.327 583.894 2281.26 0 0 0 -107.018 -11.5097 2398.55 -123.558 -465.073 2377.16 0 0 0 -111.346 -893.208 2462.23 92.736 -15.1332 2415.98 137.353 -467.257 2417.23 0 0 0 146.838 -892.88 2514.28
15883763 3.80501 598.029 2418.86 0.964697 382.514 2420.92 -1.30695 184.86 2411.93 0 0 0 0 0 0 -185.21 385.418 2404.11 -446.553 427.516 2357.59 0 0 0 -558.184 670.445 2286.39 0 0 0 0 0 0 187.139 379.61 2437.73 433.834 461.697 2389.59 0 0 0 590.156 661.821 2287.86 0 0 0 -103.434 -11.236 2393.92 -120.864 -464.857 2374.18 0 0 0 -109.171 -892.402 2462.36 96.277 -14.3514 2411.95 139.826 -466.616 2414.34 0 0 0 150.631 -891.468 2514.73
15937438 6.22744 597.123 2410.13 2.81391 381.846 2417.96 0.556425 184.103 2411.34 0 0 0 0 0 0 -183.354 384.537 2401.03 -434.217 462.232 2352.62 0 0 0 -516.674 723.691 2303.73 0 0 0 0 0 0 188.982 379.155 2434.88 424.053 490.578 2390.44 0 0 0 543.891 718.492 2295.29 0 0 0 -101.553 -12.1965 2395.66 -123.253 -465.777 2380.43 0 0 0 -110.501 -894.103 2464.61 98.1505 -15.0832 2413.81 137.984 -467.685 2417.67 0 0 0 150.129 -890.861 2524.67
15983871 8.46917 596.826 2414.27 4.05759 381.568 2418.2 2.45004 183.917 2409.19 0 0 0 0 0 0 -182.072 383.875 2400.8 -417.072 495.865 2349.7 0 0 0 -466.856 768.954 2313.23 0 0 0 0 0 0 190.187 379.261 2435.59 406.206 521.229 2389.94 0 0 0 486.128 770.47 2305.71 0 0 0 -98.9889 -12.4965 2390.85 -122.581 -465.831 2371.54 0 0 0 -107.68 -893.8 2457.24 100.674 -14.9708 2409.51 138.811 -467.736 2409.45 0 0 0 147.527 -889.265 2523
16037317 9.52661 595.689 2414.84 4.62123 380.989 2416.72 3.23897 183.382 2406.57 0 0 0 0 0 0 -181.527 383.176 2399.5 -397.624 526.57 2347.56 0 0 0 -433.304 805.201 2315.92 0 0 0 0 0 0 190.769 378.803 2433.94 391.922 542.607 2387.89 0 0 0 436.946 805.148 2314.19 0 0 0 -97.9841 -13.0528 2387.19 -126.343 -466.313 2375.74 0 0 0 -109.171 -895.475 2454.54 101.697 -15.3984 2405.66 137.265 -468.241 2413.71 0 0 0 144.6 -892.858 2514.6
16083978 10.6395 596.67 2424.12 3.95048 381.91 2418.17 0.864568 184.659 2403.48 0 0 0 0 0 0 -182.172 386.089 2401.16 -376.119 551.114 2340.76 0 0 0 -377.073 832.49 2329.2 0 0 0 0 0 0 190.073 377.731 2435.19 372.107 564.239 2384.36 0 0 0 376.657 834.07 2324.63 0 0 0 -102.054 -10.3504 2379.66 -130.253 -463.73 2370.81 0 0 0 -114.621 -892.85 2450.34 97.6116 -14.8334 2397.92 130.991 -467.892 2405.71 0 0 0 138.959 -891.69 2510.39
16137196 10.9156 596.571 2420.26 2.5899 382.077 2416.13 -1.71629 184.746 2402.47 0 0 0 0 0 0 -183.492 387.326 2398.94 -360.021 573.914 2336.54 0 0 0 -330.369 854.367 2337.25 0 0 0 0 0 0 188.672 376.827 2433.31 356.812 580.384 2380.17 0 0 0 319.377 849.385 2328.18 0 0 0 -105.827 -9.7692 2379.61 -129.851 -463.444 2376.24 0 0 0 -114.65 -892.359 2457.07 93.7821 -15.4004 2398.04 134.557 -467.459 2415.28 0 0 0 135.148 -892.815 2513.59
16184086 9.82859 596.964 2426.33 1.05358 383.2 2417.24 -4.01488 186.084 2400.97 0 0 0 0 0 0 -185.043 389.366 2400.5 -340.483 596.1 2331.6 0 0 0 -268.504 866.143 2351.09 0 0 0 0 0 0 187.15 377.034 2433.97 340.572 589.805 2374.04 0 0 0 262.869 850.909 2324.86 0 0 0 -108.896 -7.72412 2375.73 -127.777 -461.622 2369.79 0 0 0 -115.313 -889.386 2456.72 90.7293 -14.3387 2393.68 135.807 -466.04 2411.48 0 0 0 137.191 -890.513 2513.83
16237075 8.7913 598.082 2429.37 -0.017179 384.955 2417.48 -5.51179 187.949 2399.9 0 0 0 0 0 0 -186.098 391.639 2400.73 -324.595 609.085 2329.17 0 0 0 -219.399 868.748 2351.53 0 0 0 0 0 0 186.063 378.271 2434.22 323.285 600.949 2367.98 0 0 0 213.838 852.776 2324.58 0 0 0 -110.81 -5.47235 2373.34 -125.423 -459.539 2366.78 0 0 0 -115.628 -885.304 2462.97 88.7971 -12.6425 2391.3 135.207 -464.201 2410.6 0 0 0 141.449 -887.873 2516.1
16270368 8.44226 598.223 2430.39 -0.831317 386.142 2417.66 -6.74634 189.192 2399.47 0 0 0 0 0 0 -186.965 393.208 2401.67 -314.658 617.743 2324.91 0 0 0 -180.945 863.846 2355.74 0 0 0 0 0 0 185.302 379.076 2433.64 308.763 610.549 2361.35 0 0 0 172.679 852.033 2331.35 0 0 0 -112.495 -3.96806 2372.71 -123.882 -458.169 2369.22 0 0 0 -120.936 -884.503 2463.38 87.172 -11.548 2389.86 130.841 -463.367 2409.94 0 0 0 146.306 -885 2522.03
16336954 8.24725 598.492 2430.9 -1.67496 386.836 2417.56 -8.27569 189.946 2398.9 0 0 0 0 0 0 -187.773 394.598 2401.48 -302.788 624.767 2321.42 0 0 0 -143.795 854.956 2359.57 0 0 0 0 0 0 184.423 379.073 2433.64 297.77 616.606 2353.74 0 0 0 133.213 840.891 2341.71 0 0 0 -114.691 -2.7793 2371.62 -126.986 -456.984 2371.24 0 0 0 -118.703 -884.227 2460.9 84.9378 -11.1062 2388.87 130.423 -462.802 2408.01 0 0 0 144.112 -885.092 2518.2
16384302 8.57333 597.94 2431.65 -1.58056 386.612 2417.9 -8.44831 189.736 2399.15 0 0 0 0 0 0 -187.628 394.676 2401.37 -286.429 634.29 2314.14 0 0 0 -106.161 845.48 2366.31 0 0 0 0 0 0 184.466 378.548 2434.43 289.375 622.996 2345.15 0 0 0 99.617 826.385 2352.08 0 0 0 -115.103 -2.81416 2371.54 -122.159 -457.115 2370.03 0 0 0 -119.026 -884.193 2460.94 84.4705 -11.4643 2389.27 133.656 -462.426 2414.55 0 0 0 144.945 -886.647 2517.25
16436833 7.61185 595.719 2431.53 -2.18889 385.342 2417.49 -8.85078 188.465 2398.67 0 0 0 0 0 0 -188.162 393.297 2400.11 -271.874 643.401 2312.83 0 0 0 -75.1044 838.806 2371.28 0 0 0 0 0 0 183.784 377.388 2434.87 285.547 624.612 2341.14 0 0 0 82.7509 817.681 2351.66 0 0 0 -115.261 -4.14583 2370.52 -122.486 -458.465 2368.13 0 0 0 -117.296 -885.3 2460.26 84.2353 -12.6789 2389.17 135.225 -463.547 2413.01 0 0 0 142.164 -886.944 2519.54
16484409 7.63595 595.029 2431.97 -2.14997 384.477 2417.2 -8.94494 187.617 2398.23 0 0 0 0 0 0 -188.178 392.512 2400.45 -262.733 646.212 2309.12 0 0 0 -52.2907 827.135 2370 0 0 0 0 0 0 183.878 376.442 2433.94 276.873 626.777 2339.17 0 0 0 72.899 820.765 2339.31 0 0 0 -115.517 -4.93362 2370.27 -124.676 -459.227 2370.12 0 0 0 -115.143 -886.501 2459.84 84.0369 -13.5529 2388.24 134.632 -464.29 2415.34 0 0 0 143.74 -889.147 2515.71
16536712 7.5933 594.974 2431.68 -2.3093 383.812 2416.9 -9.14943 186.932 2398.15 0 0 0 0 0 0 -188.254 391.949 2399.3 -258.528 645.583 2306.36 0 0 0 -45.472 825.075 2367.28 0 0 0 0 0 0 183.635 375.675 2434.5 266.58 628.387 2336.27 0 0 0 62.5247 823.482 2338.21 0 0 0 -115.722 -5.58266 2369.95 -124.24 -459.885 2372.51 0 0 0 -113.743 -887.707 2459.55 83.7429 -14.3114 2388.83 135.939 -464.898 2415.61 0 0 0 142.892 -889.492 2517.45
16584517 7.13965 597.92 2439.54 -2.24084 386.346 2418.65 -9.32406 189.837 2396.66 0 0 0 0 0 0 -188.182 394.996 2401.25 -253.328 644.23 2307.31 0 0 0 -40.285 826.755 2360.82 0 0 0 0 0 0 183.7 377.695 2436.06 262.271 629.889 2335.17 0 0 0 55.6004 822.722 2340.06 0 0 0 -116.137 -2.03143 2365.33 -126.212 -456.279 2370.52 0 0 0 -112.393 -885.147 2451.56 83.3223 -11.3109 2384 137.307 -461.731 2410.12 0 0 0 139.029 -886.285 2512.34
16636591 6.85874 601.384 2443.97 -1.39301 389.528 2420.56 -8.20604 193.207 2396.82 0 0 0 0 0 0 -187.29 398.142 2402.67 -247.36 645.276 2305.71 0 0 0 -35.1851 828.435 2362.08 0 0 0 0 0 0 184.504 380.914 2438.44 259.833 630.539 2333.21 0 0 0 53.4957 824.051 2338.57 0 0 0 -114.726 1.5062 2363.49 -121.325 -452.735 2372.17 0 0 0 -117.438 -880.918 2457.3 84.6874 -7.73401 2382.67 136.09 -458.142 2413.39 0 0 0 142.776 -883.11 2513.66
16669884 6.28995 601.632 2446.68 -1.08146 391.252 2421.17 -7.55801 194.98 2396.86 0 0 0 0 0 0 -186.984 399.611 2403.21 -244.87 646.912 2303.49 0 0 0 -32.6522 829.865 2361.19 0 0 0 0 0 0 184.821 382.893 2439.13 257.925 631.816 2332.89 0 0 0 51.1084 825.019 2335.77 0 0 0 -113.744 3.19164 2362.91 -123.953 -450.974 2372.23 0 0 0 -112.817 -878.503 2460.05 85.6748 -5.77495 2382.17 137.43 -455.576 2419.88 0 0 0 142.745 -882.613 2510.64
16717994 6.67913 599.833 2439.54 -1.61462 390.514 2418.93 -7.83114 193.979 2396.83 0 0 0 0 0 0 -187.548 398.402 2401.08 -243.462 647.865 2304.22 0 0 0 -29.8865 829.865 2360.29 0 0 0 0 0 0 184.319 382.626 2436.78 260.024 630.651 2331.24 0 0 0 51.4077 821.983 2334.24 0 0 0 -113.774 1.67419 2365.16 -125.593 -452.437 2375.73 0 0 0 -112.755 -880.321 2461.92 85.6787 -6.78726 2384.31 134.4 -457.146 2419.55 0 0 0 143.57 -882.985 2515.58
16769763 6.05818 597.909 2436.97 -2.21059 388.964 2417.53 -7.96433 192.334 2396.09 0 0 0 0 0 0 -188.119 396.399 2399.24 -244.299 647.512 2304.83 0 0 0 -30.5463 830.117 2358.39 0 0 0 0 0 0 183.698 381.53 2435.83 262.781 628.795 2328.19 0 0 0 53.4334 819.267 2334.57 0 0 0 -113.431 -0.30809 2364.84 -124.051 -454.495 2373.42 0 0 0 -112.404 -882.136 2461.16 85.9951 -8.28313 2384.47 135.464 -458.702 2418.17 0 0 0 142.116 -884.804 2513.48
16818102 6.00314 598.058 2435.18 -2.37052 388.014 2417.08 -8.39179 191.299 2396.48 0 0 0 0 0 0 -188.268 395.625 2398.74 -243.686 647.891 2303.92 0 0 0 -29.0985 829.592 2357.36 0 0 0 0 0 0 183.527 380.403 2435.42 262.213 628.923 2328.31 0 0 0 52.9668 819.562 2334.32 0 0 0 -114.12 -1.33365 2366.04 -125.979 -455.51 2373.86 0 0 0 -111.637 -883.073 2461.66 85.2936 -9.49805 2385.71 133.039 -460.374 2415.48 0 0 0 141.76 -885.057 2516.72
16869642 5.91446 599.251 2433.79 -1.69007 387.975 2416.09 -7.1129 191.206 2395.81 0 0 0 0 0 0 -187.59 395.009 2397.55 -247.987 646.871 2305.03 0 0 0 -30.0592 825.99 2353.04 0 0 0 0 0 0 184.21 380.941 2434.63 259.649 628.746 2328.78 0 0 0 51.034 820.109 2334.37 0 0 0 -112.244 -1.78973 2365.59 -123.962 -455.98 2373.11 0 0 0 -110.192 -883.703 2460.29 87.1728 -9.33511 2385.47 139.888 -459.75 2413.61 0 0 0 142.971 -884.978 2512.86
16918210 5.2217 600.578 2441.1 -1.36195 390.094 2418.31 -6.50667 193.676 2394.99 0 0 0 0 0 0 -187.34 397.072 2400.56 -248.698 645.919 2302.49 0 0 0 -32.78 826.639 2353.61 0 0 0 0 0 0 184.616 383.116 2436.06 256.664 630.312 2327.82 0 0 0 48.3745 821.935 2335.9 0 0 0 -111.402 1.00046 2362.16 -123.057 -453.2 2369.3 0 0 0 -114.564 -880.672 2458.23 88.0994 -6.48502 2381.2 136.58 -457.216 2411.74 0 0 0 143.381 -883.515 2506.07
16969521 4.58628 600.742 2444.25 -1.62572 391.022 2419.65 -6.63797 194.778 2394.83 0 0 0 0 0 0 -187.682 397.917 2402.71 -247.246 646.227 2300.31 0 0 0 -34.6654 826.829 2363.22 0 0 0 0 0 0 184.43 384.127 2436.6 255.793 632.283 2328.46 0 0 0 46.0395 822.338 2335.7 0 0 0 -111.442 2.23163 2360.92 -123.983 -451.82 2372.84 0 0 0 -116.742 -880.161 2457.6 88.142 -5.16486 2379.1 136.762 -455.573 2413.95 0 0 0 142.449 -881.682 2509.4
17002814 4.36203 602.016 2446.33 -1.97163 392.089 2420.63 -7.14872 195.916 2395.22 0 0 0 0 0 0 -188.116 399.061 2404.73 -250.523 647.585 2298.75 0 0 0 -35.5425 825.848 2360.76 0 0 0 0 0 0 184.173 385.118 2436.52 256.853 631.609 2327.64 0 0 0 46.9457 821.408 2336.91 0 0 0 -112.166 3.48259 2361.28 -124.782 -450.566 2373.76 0 0 0 -115.597 -879.232 2456.74 87.5142 -3.99568 2378.33 133.696 -454.608 2414.05 0 0 0 145.704 -879.668 2513.33
17069400 3.90161 602.225 2446.86 -2.26639 392.401 2420.32 -7.06788 196.266 2394.51 0 0 0 0 0 0 -188.523 398.896 2405.61 -250.669 648.251 2298.86 0 0 0 -33.7423 825.073 2358.47 0 0 0 0 0 0 183.991 385.906 2435.02 257.712 630.27 2327.12 0 0 0 48.6012 820.857 2338.11 0 0 0 -111.77 3.61414 2360.82 -123.375 -450.521 2370.87 0 0 0 -118.947 -877.723 2461.09 88.0315 -3.35297 2376.59 134.189 -453.916 2413.13 0 0 0 145.595 -880.111 2507.55
17102693 3.41169 603.117 2447.63 -2.63032 392.99 2420.7 -7.33855 196.876 2394.69 0 0 0 0 0 0 -188.847 399.482 2405.46 -251.845 648.101 2298.32 0 0 0 -32.2041 822.536 2355.03 0 0 0 0 0 0 183.587 386.499 2435.93 257.375 630.119 2326.01 0 0 0 48.7791 821.149 2338.94 0 0 0 -111.924 4.24382 2360.51 -123.907 -449.71 2375.83 0 0 0 -115.368 -878.974 2454.67 87.8301 -2.71925 2376.85 130.291 -454 2408.18 0 0 0 149.024 -875.759 2518.47
17151794 2.38538 602.847 2448.02 -3.3651 393.4 2420.82 -7.94405 197.322 2394.52 0 0 0 0 0 0 -189.56 399.835 2405.27 -257.687 647.772 2301.79 0 0 0 -35.9026 821.176 2352.97 0 0 0 0 0 0 182.83 386.965 2436.38 258.174 631.212 2326.78 0 0 0 48.4 821.069 2337.64 0 0 0 -112.388 4.69574 2359.86 -124.265 -449.285 2375.05 0 0 0 -116.237 -878.442 2455.12 87.3423 -2.20703 2376.55 129.744 -453.58 2406.98 0 0 0 148.699 -875.772 2516.38
17202572 2.77715 599.657 2440.21 -3.49668 388.675 2418.73 -7.6137 192.207 2395.65 0 0 0 0 0 0 -189.614 394.53 2402.09 -255.393 647.64 2300.95 0 0 0 -34.2018 821.933 2351.96 0 0 0 0 0 0 182.62 382.821 2435.37 259.051 631.647 2328.71 0 0 0 46.8962 818.979 2333.45 0 0 0 -111.557 -1.12111 2363.65 -122.865 -455.228 2374.57 0 0 0 -113.269 -882.721 2462.82 88.0955 -7.40135 2381.5 130.733 -458.788 2411.61 0 0 0 149.471 -879.735 2526.01
17251902 2.82267 598.385 2436.31 -3.69852 386.718 2417.13 -7.57824 190.007 2396.15 0 0 0 0 0 0 -189.758 392.241 2399.75 -253.174 645.003 2303.21 0 0 0 -33.4153 821.674 2352.23 0 0 0 0 0 0 182.361 381.194 2434.51 259.747 630.125 2329.75 0 0 0 49.3651 819.494 2334.7 0 0 0 -111.251 -3.74098 2365.84 -123.931 -457.869 2374.37 0 0 0 -113.397 -885.481 2462.27 88.3356 -9.66637 2384.49 130.333 -461.265 2412.23 0 0 0 147.95 -883.241 2523.15
17302451 1.09453 596.487 2435.36 -4.27946 385.31 2416.89 -7.05804 188.551 2396.1 0 0 0 0 0 0 -190.308 389.837 2398.91 -251.583 642.835 2301.42 0 0 0 -34.7444 822.769 2351.5 0 0 0 0 0 0 181.749 380.782 2434.87 258.82 629.72 2330.23 0 0 0 49.2406 820.032 2334.58 0 0 0 -109.614 -5.77922 2365.65 -123.358 -459.881 2374.49 0 0 0 -111.734 -888.376 2457.89 89.9412 -10.6361 2384.94 133.989 -461.909 2414.7 0 0 0 147.377 -886.126 2517.07
17352010 1.36146 598.472 2441.88 -3.46431 387.31 2418.73 -6.0181 190.956 2394.56 0 0 0 0 0 0 -189.582 391.829 2401.69 -254.125 642.326 2303.36 0 0 0 -37.2455 822.86 2351.17 0 0 0 0 0 0 182.653 382.792 2435.77 258.089 629.266 2329.28 0 0 0 49.6452 820.786 2335.35 0 0 0 -108.397 -2.97423 2361.25 -124.108 -457.013 2370.15 0 0 0 -113.626 -885.573 2453.52 91.2528 -7.82127 2379.53 133.895 -459.206 2409.73 0 0 0 145.344 -884.373 2508.57
17402330 0.900352 597.216 2437.14 -3.86096 387.181 2416.88 -5.87229 190.559 2394.89 0 0 0 0 0 0 -189.981 391.009 2399.68 -254.286 642.959 2302.79 0 0 0 -35.2751 820.847 2350.8 0 0 0 0 0 0 182.259 383.353 2434.08 256.787 629.947 2330.25 0 0 0 48.0536 821.219 2333.28 0 0 0 -107.709 -4.00955 2363.67 -125.299 -457.836 2377.38 0 0 0 -112.839 -887.185 2456.22 91.9419 -8.11588 2382.12 133.977 -459.1 2418.1 0 0 0 143.749 -884.992 2514.11
17435623 -0.689951 599.919 2443.27 -3.66015 389.66 2418.85 -4.87972 193.379 2394 0 0 0 0 0 0 -189.795 392.989 2401.69 -253.514 643.724 2302.55 0 0 0 -35.5208 823.21 2349.29 0 0 0 0 0 0 182.474 386.331 2436.01 256.462 630.956 2329.59 0 0 0 47.138 821.608 2332.18 0 0 0 -105.933 -1.11583 2359.94 -121.904 -455.095 2370.14 0 0 0 -113.775 -883.712 2453.29 93.7341 -4.68697 2378.35 135.374 -456.195 2407 0 0 0 145.25 -880.499 2509.69
17502209 0.0904126 601.538 2453.84 -2.63421 392.91 2421.75 -3.87436 197.26 2392.55 0 0 0 0 0 0 -188.81 396.574 2405.11 -251.456 644.226 2300.48 0 0 0 -34.1536 823.713 2350.31 0 0 0 0 0 0 183.542 389.246 2438.39 256.949 632.021 2327.68 0 0 0 46.7627 821.627 2333.54 0 0 0 -104.971 3.57504 2354.42 -124.819 -449.85 2373.94 0 0 0 -112.401 -879.768 2449.14 94.7415 -0.355194 2372.26 134.36 -451.917 2403.29 0 0 0 143.029 -875.795 2507.99
17535502 0.430995 598.692 2443.12 -2.97598 390.468 2418.07 -4.28662 194.251 2393.04 0 0 0 0 0 0 -189.192 393.787 2401.8 -251.321 643.705 2300.13 0 0 0 -35.743 824.89 2351.3 0 0 0 0 0 0 183.24 387.149 2434.34 257.674 633.835 2325.46 0 0 0 45.892 821.409 2335.89 0 0 0 -105.474 -0.185974 2359.29 -129.341 -453.286 2382.33 0 0 0 -112.345 -882.876 2458.73 94.2799 -3.74619 2376.74 133.978 -454.747 2414.67 0 0 0 141.623 -879.624 2515.34
17585595 0.431717 598.605 2445.76 -3.22176 389.806 2419.16 -4.26836 193.706 2392.95 0 0 0 0 0 0 -189.569 392.763 2404.47 -252.057 643.268 2302.58 0 0 0 -35.8034 824.948 2348.73 0 0 0 0 0 0 183.125 386.849 2433.84 259.123 633.998 2325.75 0 0 0 46.0865 820.264 2334.51 0 0 0 -105.266 -0.807877 2358.86 -128.305 -454.196 2376.93 0 0 0 -110.175 -883.574 2454.49 94.6363 -3.98036 2374.61 132.359 -455.628 2406.22 0 0 0 144.769 -879.002 2512.41
17635381 0.0385807 601.381 2455.09 -2.77305 392.72 2422.04 -4.02565 197.078 2392.65 0 0 0 0 0 0 -189.245 395.852 2409.14 -249.697 642.251 2302.56 0 0 0 -35.5899 826.456 2348.78 0 0 0 0 0 0 183.699 389.589 2434.94 259.472 632.573 2325.53 0 0 0 47.4813 819.875 2337.19 0 0 0 -105.296 3.11548 2356.33 -129.387 -450.184 2376.04 0 0 0 -111.709 -879.803 2452.48 94.7392 -0.243774 2370.17 131.486 -451.949 2402.7 0 0 0 148.053 -875.151 2509.1
17685702 1.68364 599.394 2443.74 -2.55873 390.725 2419.01 -4.4861 194.47 2394.35 0 0 0 0 0 0 -188.905 394.372 2404.55 -248.693 643.025 2301.87 0 0 0 -34.4319 827.158 2347.81 0 0 0 0 0 0 183.788 387.077 2433.47 258.175 633.809 2328 0 0 0 45.5513 820.599 2334.59 0 0 0 -106.362 0.171127 2361.94 -130.867 -453.218 2379.25 0 0 0 -112.415 -881.442 2462.75 93.5348 -3.74129 2377.45 128.281 -455.518 2411.39 0 0 0 149.25 -876.736 2524.48
17735260 0.586367 600.224 2445.57 -2.83794 391.109 2419.09 -4.25092 194.953 2393.33 0 0 0 0 0 0 -189.189 394.366 2404.51 -248.424 642.931 2302.71 0 0 0 -32.9079 825.254 2349.99 0 0 0 0 0 0 183.513 387.853 2433.66 257.666 632.386 2327.09 0 0 0 46.1147 820.432 2333.73 0 0 0 -105.611 0.54425 2359.75 -127.237 -453.132 2372.09 0 0 0 -114.161 -881.309 2456.84 94.2829 -2.94891 2375.39 130.018 -454.626 2409.79 0 0 0 150.928 -878.558 2511.87
17768553 0.602051 601.328 2438.98 -3.3564 391.489 2417.35 -4.96821 195.033 2393.94 0 0 0 0 0 0 -189.644 394.85 2401.98 -253.414 641.543 2300.74 0 0 0 -35.6522 820.099 2351.69 0 0 0 0 0 0 182.931 388.129 2432.72 257.239 631.964 2326.89 0 0 0 46.203 820.609 2333.68 0 0 0 -106.495 0.378922 2362.28 -127.394 -453.291 2376.66 0 0 0 -112.654 -882.36 2456.5 93.3349 -3.22597 2378.77 128.2 -455.091 2411.62 0 0 0 147.697 -877.643 2519.75
17835139 0.486544 600.402 2435.7 -3.66418 390.526 2416.02 -4.98746 193.935 2393.61 0 0 0 0 0 0 -189.696 393.835 2397.98 -254.58 641.216 2300.17 0 0 0 -36.1254 818.869 2351.49 0 0 0 0 0 0 182.368 387.217 2434.06 256.642 632.784 2325.39 0 0 0 45.2684 821.008 2333.5 0 0 0 -106.099 -0.881378 2361.52 -128.525 -454.551 2373.65 0 0 0 -111.733 -883.462 2454.1 93.4772 -4.43109 2380.88 130.588 -456.126 2413.61 0 0 0 146.666 -880.493 2515
17868432 0.851773 598.819 2434.55 -3.33 389.266 2414.87 -4.55343 192.578 2393.24 0 0 0 0 0 0 -189.224 392.563 2395.4 -257.968 641.507 2297.58 0 0 0 -37.4091 816.088 2350.37 0 0 0 0 0 0 182.564 385.969 2434.33 257.298 631.987 2325.18 0 0 0 45.9617 820.247 2333.66 0 0 0 -105.479 -2.34244 2361.17 -126.384 -456.082 2373.74 0 0 0 -111.064 -885.421 2452.23 93.9254 -5.87885 2382.05 134.114 -457.363 2413.98 0 0 0 142.104 -881.868 2515.73
17935018 -0.42197 597.22 2434.48 -4.0743 387.862 2414.54 -4.501 191.203 2392.58 0 0 0 0 0 0 -189.991 390.435 2395.11 -255.921 640.818 2294.68 0 0 0 -36.7339 816.566 2349.33 0 0 0 0 0 0 181.842 385.289 2433.97 258.208 630.643 2326.19 0 0 0 47.5141 819.657 2333.86 0 0 0 -104.641 -4.07631 2360.2 -125.232 -457.876 2371.13 0 0 0 -111.517 -886.35 2454.42 94.7856 -6.83626 2381.04 133.841 -458.661 2409.2 0 0 0 145.765 -881.493 2517.36
17968311 -0.786757 601.266 2441.44 -3.7946 390.788 2416.72 -4.4465 194.474 2391.99 0 0 0 0 0 0 -189.886 393.621 2399.13 -253.891 641.362 2298.02 0 0 0 -36.3553 819.823 2350.39 0 0 0 0 0 0 182.297 387.955 2434.3 257.358 630.641 2324.5 0 0 0 46.8068 819.801 2332.59 0 0 0 -104.912 -0.320786 2357.83 -123.401 -454.269 2365.25 0 0 0 -114.851 -880.829 2457.92 94.7148 -3.35994 2376.7 131.912 -455.424 2403.62 0 0 0 146.328 -877.744 2513.7
18019395 -0.788735 598.784 2436.92 -4.42722 389.016 2414.89 -5.1604 192.512 2391.67 0 0 0 0 0 0 -190.533 391.781 2397.36 -253.832 639.569 2297.78 0 0 0 -37.0398 819.69 2347.5 0 0 0 0 0 0 181.678 386.251 2432.41 257.117 630.847 2322.67 0 0 0 46.9635 820.241 2334.2 0 0 0 -105.708 -2.50931 2359.05 -124.655 -456.221 2373.61 0 0 0 -114.582 -884.668 2456.79 93.9211 -5.47501 2377.85 131.063 -457.115 2410.78 0 0 0 144.521 -881.002 2514.77
18068190 -1.71247 598.821 2442.66 -4.47041 388.775 2416.59 -5.15139 192.575 2390.97 0 0 0 0 0 0 -190.615 391.656 2399.47 -252.634 640.76 2296.1 0 0 0 -35.1412 818.827 2349.9 0 0 0 0 0 0 181.674 385.894 2433.71 258.237 630.479 2323.15 0 0 0 47.0837 818.886 2332.3 0 0 0 -105.67 -2.07941 2356.17 -123.506 -455.896 2369.83 0 0 0 -113.951 -883.647 2456.96 94.0055 -5.16971 2374.54 130.517 -457.156 2403.2 0 0 0 146.472 -879.34 2513.52
18119503 -0.61473 596.84 2437.53 -4.02768 387.128 2414.77 -4.7656 190.674 2391.17 0 0 0 0 0 0 -190.048 390.036 2396.38 -258.946 639.353 2294.06 0 0 0 -38.8079 814.084 2348.02 0 0 0 0 0 0 181.993 384.22 2433.16 258.917 629.462 2324.1 0 0 0 48.106 818.342 2331.35 0 0 0 -105.278 -4.21977 2357.7 -123.2 -458.06 2371.06 0 0 0 -113.927 -885.275 2461.04 94.2705 -7.33934 2377.43 135.574 -458.276 2413.92 0 0 0 141.104 -882.844 2515.01
18168069 -0.473447 595.727 2434.96 -3.66921 385.879 2413.84 -4.2538 189.298 2391.24 0 0 0 0 0 0 -189.673 388.572 2395.22 -263.772 640.322 2295.55 0 0 0 -40.3742 812.127 2345.13 0 0 0 0 0 0 182.335 383.185 2432.46 256.995 631.27 2325.01 0 0 0 45.67 819.65 2329.85 0 0 0 -104.601 -5.83864 2358.66 -124.834 -459.642 2369.7 0 0 0 -113.966 -885.702 2464.81 94.9239 -8.72771 2378.63 134.039 -460.374 2408.03 0 0 0 145.605 -882.651 2517.85
18201362 -0.43646 597.846 2441.18 -3.63267 387.355 2415.41 -4.63922 191.089 2390.31 0 0 0 0 0 0 -189.576 390.751 2396.31 -264.834 637.249 2294.47 0 0 0 -43.6284 811.646 2344.98 0 0 0 0 0 0 182.311 383.959 2434.51 256.501 631.668 2324.22 0 0 0 45.1277 819.953 2330.7 0 0 0 -105.377 -3.35457 2354.96 -125.04 -457.201 2365.65 0 0 0 -116.742 -883.58 2459.7 94.0858 -6.9977 2375.45 129.826 -459.045 2403.67 0 0 0 148.315 -880.947 2514.3
18267948 -1.15135 598.964 2445.29 -4.02719 388.244 2416.66 -5.01879 192.229 2389.66 0 0 0 0 0 0 -190.056 391.698 2398.42 -266.604 638.994 2292.06 0 0 0 -45.6655 812.354 2347.09 0 0 0 0 0 0 182.001 384.791 2434.9 256.522 632.881 2322.74 0 0 0 44.655 820.501 2331.73 0 0 0 -105.788 -1.93388 2352.87 -127.182 -455.518 2368.84 0 0 0 -115.391 -883.293 2455.65 93.7669 -5.63844 2372.43 132.2 -456.975 2407.36 0 0 0 145.785 -881.491 2508.05
18301241 -1.27182 600.585 2446.85 -4.07682 389.857 2417.08 -5.22764 193.881 2389.73 0 0 0 0 0 0 -190.132 393.455 2399.12 -261.212 638.43 2294.55 0 0 0 -42.3163 815.455 2345.86 0 0 0 0 0 0 181.979 386.26 2435.03 257.363 631.11 2323.49 0 0 0 45.9516 819.332 2330.4 0 0 0 -106.169 -0.166367 2352.75 -128.536 -453.636 2370.88 0 0 0 -112.157 -882.234 2452.72 93.4122 -4.02556 2372.01 131.042 -455.249 2409.65 0 0 0 146.103 -879.33 2512.45
18367827 -0.495777 600.465 2447.63 -3.43691 390.755 2417.9 -4.35955 194.769 2390.57 0 0 0 0 0 0 -189.556 394.049 2400.56 -260.32 639.538 2293.62 0 0 0 -41.1169 815.592 2347.11 0 0 0 0 0 0 182.682 387.461 2435.24 256.392 631.579 2322.7 0 0 0 45.3073 820.218 2328.36 0 0 0 -105.108 0.550247 2353.94 -129.422 -452.83 2372.02 0 0 0 -112.576 -880.885 2456.77 94.5437 -2.98311 2372.53 134.555 -454.273 2406.91 0 0 0 145.297 -877.785 2512.69
18401120 -1.35711 598.77 2447.51 -3.10609 390.263 2417.74 -3.49462 194.348 2389.88 0 0 0 0 0 0 -189.378 392.857 2402.1 -262.618 639.164 2291.95 0 0 0 -43.0365 813.791 2348.51 0 0 0 0 0 0 183.166 387.669 2433.38 256.632 631.713 2321.59 0 0 0 45.6092 820.182 2331.83 0 0 0 -103.795 -0.174576 2353.63 -128.178 -453.627 2369.83 0 0 0 -113.358 -881.526 2455.86 96.0289 -2.95723 2370.41 133.183 -454.727 2401.59 0 0 0 148.326 -875.271 2517.72
18467706 -1.11885 601.252 2447.96 -3.57309 392.246 2418.03 -4.52792 196.366 2389.94 0 0 0 0 0 0 -189.956 395.189 2403.84 -264.069 637.95 2294.12 0 0 0 -45.7386 815.277 2346.92 0 0 0 0 0 0 182.81 389.303 2432.21 256.25 633.458 2320.1 0 0 0 43.2055 819.156 2336.01 0 0 0 -105.45 2.06364 2354.24 -130.384 -451.27 2372.76 0 0 0 -115.475 -879.936 2454.87 94.485 -1.09303 2369.45 131.693 -452.197 2408.51 0 0 0 144.159 -875.5 2514.34
18500999 -1.02171 604.844 2448.68 -4.11974 394.992 2418.6 -5.25284 199.121 2390.44 0 0 0 0 0 0 -190.388 398.305 2403.05 -259.204 638.669 2294.25 0 0 0 -45.0321 821.661 2344.32 0 0 0 0 0 0 182.148 391.679 2434.15 257.878 635.226 2322.38 0 0 0 40.7595 815.986 2339.56 0 0 0 -106.291 5.02652 2353.95 -127.338 -448.509 2372.07 0 0 0 -114.03 -877.919 2450.48 93.5195 1.47269 2370.62 131.632 -449.63 2409.35 0 0 0 145.348 -872.393 2517.61
18567585 0.412035 602.529 2448.54 -2.91972 394.474 2418.65 -4.7085 198.685 2389.96 0 0 0 0 0 0 -189.118 398.552 2402.43 -255.957 640.124 2294.98 0 0 0 -43.6236 826.424 2340.5 0 0 0 0 0 0 183.279 390.396 2434.87 261.393 635.288 2321.39 0 0 0 41.0539 812.092 2339.01 0 0 0 -106.364 5.08427 2352.57 -126.613 -448.557 2369.1 0 0 0 -114.759 -877.645 2449.54 93.3696 0.710129 2369.97 133.696 -450.36 2406.95 0 0 0 144.882 -874.117 2511.74
18600878 -0.412952 600.648 2448.47 -3.88788 393.825 2418.45 -6.18349 198.032 2389.82 0 0 0 0 0 0 -190.192 398.183 2403.58 -251.021 641.818 2296.22 0 0 0 -38.2105 827.148 2343.77 0 0 0 0 0 0 182.416 389.468 2433.31 262.517 635.04 2321.89 0 0 0 41.8469 811.601 2338.63 0 0 0 -108.405 4.57565 2353.23 -127.507 -449.059 2371.32 0 0 0 -117.338 -877.777 2453.96 91.4463 -0.0987854 2369.17 132.27 -451.253 2404.73 0 0 0 145.032 -873.993 2513.46
18667464 -0.493382 603.152 2456.44 -4.59432 396.482 2420.57 -7.38715 201.201 2388.84 0 0 0 0 0 0 -190.962 401.401 2406.71 -256.993 641.336 2294.4 0 0 0 -39.3636 820.181 2344.38 0 0 0 0 0 0 181.774 391.563 2434.44 263.449 633.011 2323.63 0 0 0 45.1716 812.889 2333.84 0 0 0 -110.139 8.55743 2349.67 -127.231 -445.22 2366.06 0 0 0 -117.4 -873.432 2451.34 89.7787 3.28094 2364.54 131.472 -447.85 2399.47 0 0 0 144.385 -869.832 2511.18
18700757 -0.306341 603.612 2460.92 -4.4458 397.963 2421.74 -7.57037 202.925 2388.52 0 0 0 0 0 0 -190.675 403.561 2406.38 -262.213 639.832 2288.79 0 0 0 -41.2471 813.295 2342.83 0 0 0 0 0 0 181.784 392.365 2437.09 261.717 631.572 2321.3 0 0 0 46.2737 814.875 2331.65 0 0 0 -110.582 10.8906 2347.07 -125.635 -442.818 2366.77 0 0 0 -113.527 -870.987 2451.99 89.1917 4.88556 2363.53 131.945 -445.506 2405.39 0 0 0 145.821 -868.244 2514.12
18767343 1.2428 604.331 2463.17 -3.14307 399.009 2422.17 -6.43723 204.148 2387.91 0 0 0 0 0 0 -189.371 404.855 2406.82 -265.563 639.411 2288.12 0 0 0 -43.5649 811.325 2343.29 0 0 0 0 0 0 183.085 393.163 2437.51 261.632 630.893 2321.57 0 0 0 47.264 815.57 2330.99 0 0 0 -109.613 12.4216 2345.42 -123.73 -441.29 2365.97 0 0 0 -114.532 -868.937 2454.06 90.1497 6.15074 2361.88 131.734 -444.243 2405.16 0 0 0 147.2 -867.677 2510.94
18800636 0.877668 600.141 2447.79 -3.90842 393.154 2417.22 -7.02563 197.419 2388.94 0 0 0 0 0 0 -190.038 398.521 2400.59 -268.799 637.327 2284.98 0 0 0 -45.7286 807.267 2342.09 0 0 0 0 0 0 182.221 387.786 2433.86 260.872 630.212 2321.3 0 0 0 47.7415 816.332 2331.07 0 0 0 -109.975 4.56429 2351.74 -124.414 -449.118 2372.82 0 0 0 -115.539 -875.811 2465.41 89.6896 -1.19377 2369.58 130.658 -451.956 2409.53 0 0 0 144.671 -873.077 2524.04
18867222 1.92097 599.794 2447.59 -4.17213 390.876 2416.44 -8.43523 195.106 2388.24 0 0 0 0 0 0 -190.19 397.437 2399.02 -263.643 637.005 2287.01 0 0 0 -43.2373 811.019 2342.07 0 0 0 0 0 0 181.845 384.316 2433.86 260.372 628.563 2324.05 0 0 0 48.7701 816.556 2328.76 0 0 0 -112.47 2.85318 2350.7 -126.657 -450.93 2369.65 0 0 0 -118.652 -878.803 2456.6 87.0738 -4.18393 2369.39 127.069 -455.414 2404.64 0 0 0 145.438 -876.757 2517.84
18900515 2.04673 598.327 2440 -4.51912 388.866 2413.33 -9.17958 192.739 2387.73 0 0 0 0 0 0 -190.428 395.694 2394.87 -263.265 638.198 2287.14 0 0 0 -41.4102 810.468 2342.03 0 0 0 0 0 0 181.389 382.038 2431.8 259.099 627.333 2322.78 0 0 0 49.3687 817.452 2327.26 0 0 0 -113.552 0.273392 2352.23 -123.966 -453.542 2372.48 0 0 0 -117.932 -881.11 2461.19 85.8719 -7.05104 2372.04 128.148 -458.251 2405.05 0 0 0 148.509 -878.793 2520.96
18967101 1.63749 596.789 2435.7 -4.6339 387.036 2412.25 -8.6431 190.62 2388.77 0 0 0 0 0 0 -190.557 393.057 2393.64 -259.258 637.844 2290.06 0 0 0 -38.4671 812.606 2341.16 0 0 0 0 0 0 181.29 381.014 2430.87 258.239 627.41 2323.47 0 0 0 50.3171 819.548 2325.5 0 0 0 -112.372 -2.56531 2355.29 -122.706 -456.43 2374.7 0 0 0 -114.726 -883.709 2464.69 87.0673 -9.02457 2375.27 132.76 -460.093 2405.29 0 0 0 148.525 -879.689 2525.21
19000394 2.81498 600.141 2441.55 -3.76995 389.698 2414.08 -8.36995 193.556 2388.46 0 0 0 0 0 0 -189.804 396.311 2396.84 -258.951 638.575 2290.2 0 0 0 -39.6377 815.051 2341.9 0 0 0 0 0 0 182.264 383.084 2431.31 260.277 626.714 2324.01 0 0 0 50.8618 817.253 2325.11 0 0 0 -112.752 0.961288 2353.61 -122.983 -453.012 2370.28 0 0 0 -116.318 -880.46 2459.62 86.8117 -6.1328 2372.09 131.4 -457.349 2401.84 0 0 0 146.951 -877.799 2518.85
19066980 2.50232 597.706 2436.48 -4.29922 387.598 2412.12 -8.75042 191.272 2387.85 0 0 0 0 0 0 -190.346 393.947 2394.89 -255.406 640.237 2290.41 0 0 0 -36.5205 816.568 2344.42 0 0 0 0 0 0 181.748 381.249 2429.36 260.3 626.79 2322.83 0 0 0 50.6983 817.044 2327.89 0 0 0 -112.986 -1.6479 2354.33 -122.533 -455.763 2366.54 0 0 0 -114.735 -881.689 2462.57 86.5832 -8.45842 2372.82 131.261 -459.552 2404.33 0 0 0 147.798 -878.963 2524.91
19100273 1.7761 597.216 2434.44 -4.67076 386.79 2411.48 -8.95738 190.396 2387.66 0 0 0 0 0 0 -190.671 393.007 2393.69 -258.541 640.096 2289.72 0 0 0 -37.7857 813.881 2344.35 0 0 0 0 0 0 181.33 380.572 2429.27 259.463 625.666 2321.51 0 0 0 50.9018 817 2328.84 0 0 0 -113.005 -2.66299 2354.29 -122.295 -456.695 2369.57 0 0 0 -114.608 -883.824 2460.09 86.5174 -9.33273 2373.38 132.851 -460.092 2407.17 0 0 0 146.332 -881.752 2519.77
19166859 2.1969 597.738 2433.42 -3.93033 387.104 2411.55 -8.36154 190.582 2388.83 0 0 0 0 0 0 -189.915 393.374 2393.6 -262.149 639.528 2289.39 0 0 0 -39.9371 812.285 2341.3 0 0 0 0 0 0 182.054 380.834 2429.51 258.873 625.524 2321.88 0 0 0 50.9107 817.498 2330.07 0 0 0 -112.545 -2.57806 2356.48 -120.93 -456.73 2368.26 0 0 0 -114.875 -883.071 2462.6 86.96 -9.3038 2375.74 132.537 -460.256 2408.02 0 0 0 146.826 -881.84 2521
19200152 1.86444 597.187 2432.91 -4.08975 386.805 2410.87 -8.5046 190.265 2388.26 0 0 0 0 0 0 -190.045 393.083 2392.61 -258.612 639.932 2290.3 0 0 0 -38.2757 815.341 2341.29 0 0 0 0 0 0 181.866 380.527 2429.13 258.289 626.334 2322.08 0 0 0 50.5384 818.637 2326.74 0 0 0 -112.657 -2.90819 2355.85 -124.734 -456.948 2368.59 0 0 0 -113.838 -884.299 2457.63 86.8181 -9.64244 2375.44 131.162 -460.981 2403.55 0 0 0 149.113 -881.989 2518.18
19266738 0.856512 598 2432.65 -4.17544 387.336 2410.17 -8.09 190.792 2387.49 0 0 0 0 0 0 -190.178 393.11 2392.24 -255.091 642.199 2291.43 0 0 0 -35.6077 818.54 2342.97 0 0 0 0 0 0 181.827 381.561 2428.11 257.577 627.077 2322.38 0 0 0 50.3407 819.983 2324.27 0 0 0 -111.768 -2.6545 2355.19 -123.366 -456.737 2367.35 0 0 0 -111.964 -883.718 2458.27 87.7591 -8.84889 2374.42 133.666 -459.723 2406.95 0 0 0 147.361 -882.682 2514.55
19300031 1.65774 597.522 2432.03 -4.23932 387.408 2409.81 -7.84263 190.882 2386.91 0 0 0 0 0 0 -190.262 392.896 2391.99 -256.476 640.894 2290.14 0 0 0 -36.3622 816.737 2340.73 0 0 0 0 0 0 181.783 381.92 2427.64 256.427 627.503 2321.26 0 0 0 49.5922 820.842 2324.38 0 0 0 -111.22 -2.69939 2354.45 -125.941 -456.62 2368.78 0 0 0 -111.816 -884.446 2455.19 88.3278 -8.58638 2373.57 133.661 -459.507 2406.51 0 0 0 146.108 -882.59 2513.98
19366617 2.16436 596.782 2432.22 -3.31634 386.82 2409.79 -6.2633 190.355 2386.3 0 0 0 0 0 0 -189.392 391.696 2392.36 -259.726 640.168 2288.67 0 0 0 -39.5265 815.617 2340.27 0 0 0 0 0 0 182.759 381.944 2427.23 256.304 626.83 2319.36 0 0 0 49.8374 820.531 2324.22 0 0 0 -109.013 -3.49512 2353.45 -122.84 -457.409 2369.09 0 0 0 -111.058 -885.806 2453.07 90.5926 -8.7258 2372.15 135.259 -459.81 2403.85 0 0 0 149.774 -881.792 2515.32
19399910 1.84215 597.048 2432.31 -3.14421 386.805 2409.58 -6.17226 190.304 2386.4 0 0 0 0 0 0 -189.181 391.776 2391.76 -261.142 638.184 2286.9 0 0 0 -40.8088 812.174 2342.55 0 0 0 0 0 0 182.892 381.835 2427.41 255.701 626.955 2320.14 0 0 0 49.1646 820.453 2328.27 0 0 0 -108.981 -3.53218 2353.65 -124.616 -457.297 2371.66 0 0 0 -114.436 -885.53 2456.76 90.5808 -8.86409 2372.77 132.727 -459.836 2408.88 0 0 0 146.306 -883.384 2514.29
19433203 1.82657 596.828 2431.85 -3.51058 386.836 2409.86 -6.53348 190.33 2386.7 0 0 0 0 0 0 -189.574 391.768 2392.3 -263.888 637.069 2285.48 0 0 0 -42.3088 809.355 2341.54 0 0 0 0 0 0 182.553 381.905 2427.42 256.198 626.45 2320.88 0 0 0 49.4606 819.743 2329.28 0 0 0 -109.352 -3.53149 2354.13 -124.436 -457.386 2370.4 0 0 0 -115.299 -885.238 2457.54 90.2392 -8.8215 2372.96 132.156 -460.163 2404.32 0 0 0 143.968 -882.781 2513.66
19499789 1.12088 596.514 2432.63 -3.97354 386.502 2409.65 -6.75713 190.02 2386.26 0 0 0 0 0 0 -190.112 391.14 2392.84 -266.023 636.752 2284.86 0 0 0 -45.0378 810.042 2340.22 0 0 0 0 0 0 182.165 381.863 2426.46 259.322 625.416 2320.61 0 0 0 51.0823 817.026 2330.23 0 0 0 -109.378 -3.97403 2353.85 -124.739 -457.918 2366.88 0 0 0 -116.193 -884.5 2459.95 90.2963 -8.94983 2371.88 135.341 -459.672 2407.4 0 0 0 143.297 -884.531 2507.67
19533082 1.49242 598.485 2440.02 -3.51292 388.731 2411.59 -6.58891 192.659 2385.18 0 0 0 0 0 0 -189.663 393.878 2395.05 -267.516 638.14 2284.4 0 0 0 -44.9033 809.151 2340.29 0 0 0 0 0 0 182.637 383.584 2428.12 259.588 626.14 2319.49 0 0 0 50.7003 817.072 2328.71 0 0 0 -109.507 -0.653 2349.91 -124.475 -454.604 2363.45 0 0 0 -115.386 -881.064 2457.14 90.1775 -6.1743 2367.65 133.401 -456.904 2405.46 0 0 0 144.364 -881.517 2506.76
19599668 1.50568 597.409 2435.71 -3.60578 387.809 2410.3 -6.57224 191.515 2385.54 0 0 0 0 0 0 -189.61 392.898 2392.24 -266.434 637.843 2284.09 0 0 0 -43.6495 808.388 2340.77 0 0 0 0 0 0 182.399 382.72 2428.37 262.231 626.904 2318.95 0 0 0 51.3092 815.684 2323.97 0 0 0 -109.306 -2.04866 2351.1 -122.795 -455.925 2367.96 0 0 0 -116.069 -882.88 2459.58 90.2285 -7.50798 2370.47 132.537 -457.782 2414.07 0 0 0 146.015 -883.691 2509.41
19632961 0.966809 597.265 2434.06 -4.03648 387.244 2410.03 -6.41936 190.875 2385.75 0 0 0 0 0 0 -190.026 391.774 2391.65 -266.883 637.884 2284.98 0 0 0 -43.7147 809.487 2336.5 0 0 0 0 0 0 181.953 382.714 2428.42 263.942 625.172 2318.43 0 0 0 52.9738 813.967 2322.05 0 0 0 -108.557 -3.06502 2351.61 -122.695 -456.974 2367.22 0 0 0 -114.373 -883.671 2459.94 90.9528 -7.92473 2371.34 131.343 -458.894 2408.99 0 0 0 149.007 -882.328 2513.82
19699547 0.0731039 596.539 2433.23 -4.44191 386.609 2410 -6.34951 190.204 2385.93 0 0 0 0 0 0 -190.464 390.645 2391.8 -262.342 637.27 2284.83 0 0 0 -40.4327 810.119 2337.71 0 0 0 0 0 0 181.58 382.573 2428.19 264.388 624.253 2317.22 0 0 0 52.6873 812.213 2322.07 0 0 0 -108.03 -4.03745 2352.11 -122.077 -457.959 2367.6 0 0 0 -117.035 -885.145 2458.24 91.5156 -8.36685 2371.62 133.569 -459.143 2410.14 0 0 0 145.24 -883.725 2511.22
19732840 0.602436 597.054 2432.81 -4.08843 386.938 2409.54 -6.11015 190.508 2385.66 0 0 0 0 0 0 -190.063 391.119 2390.89 -261.988 636.807 2285.75 0 0 0 -39.3162 809.434 2336.12 0 0 0 0 0 0 181.886 382.756 2428.19 266.333 623.078 2315.94 0 0 0 53.6798 809.93 2321.97 0 0 0 -107.88 -3.67946 2351.77 -122.592 -457.564 2367.79 0 0 0 -115.904 -884.816 2458.06 91.6159 -8.16478 2371.77 134.409 -459.092 2407.78 0 0 0 143.007 -882.653 2513.5
19799426 -1.94128 597.381 2435.11 -5.51027 387.108 2410.47 -7.3353 190.77 2385.82 0 0 0 0 0 0 -191.419 391.259 2391.16 -260.772 638.221 2284.44 0 0 0 -37.7926 810.648 2334.22 0 0 0 0 0 0 180.398 382.957 2429.77 267.642 621.91 2314.75 0 0 0 54.4292 808.155 2319.99 0 0 0 -108.873 -3.34195 2350.83 -125.26 -457.125 2367.98 0 0 0 -114.523 -884.834 2455.56 90.5524 -7.79446 2371.54 132.88 -458.781 2407.51 0 0 0 140.749 -881.329 2517.4
19832719 -0.214938 597.654 2435.76 -4.3193 387.458 2410.53 -6.72803 191.156 2385.64 0 0 0 0 0 0 -190.125 392.286 2390.43 -260.88 637.237 2280.46 0 0 0 -38.2576 809.21 2333.26 0 0 0 0 0 0 181.487 382.63 2430.62 268.558 620.391 2313.39 0 0 0 55.7728 807.076 2320.18 0 0 0 -108.796 -2.55624 2349.98 -124.653 -456.306 2368.47 0 0 0 -111.197 -884.017 2455.71 90.522 -7.73489 2371.54 133.874 -458.462 2409.5 0 0 0 144.607 -881.066 2519.05
19899305 -0.314793 598.036 2434.08 -4.45853 387.219 2410.96 -6.71695 190.765 2387.31 0 0 0 0 0 0 -190.205 391.845 2390.27 -268.166 634.54 2278.15 0 0 0 -45.0051 805.777 2331.13 0 0 0 0 0 0 181.288 382.593 2431.65 273.576 617.358 2310.57 0 0 0 60.3546 803.544 2317.55 0 0 0 -108.601 -3.2079 2352.57 -123.995 -456.852 2373.74 0 0 0 -110.826 -885.105 2458.34 90.6502 -8.17 2374.77 136.342 -459.011 2408.07 0 0 0 144.026 -879.953 2523.95
19932598 -1.58183 598.295 2434.24 -4.67305 387.511 2411.69 -6.05343 191.032 2388.18 0 0 0 0 0 0 -190.603 391.105 2392.57 -274.635 628.596 2275.27 0 0 0 -54.2328 802.507 2330.86 0 0 0 0 0 0 181.257 383.917 2430.82 278.292 613.857 2309.69 0 0 0 66.3415 801.467 2309.27 0 0 0 -107.162 -3.51938 2354.42 -122.953 -457.259 2373.05 0 0 0 -109.329 -885.038 2459.97 92.2945 -7.37524 2374.93 138.92 -458.417 2403.89 0 0 0 140.908 -879.377 2519.96
19965891 -1.76465 597.568 2433.32 -5.098 387.176 2411.87 -5.93204 190.604 2389.12 0 0 0 0 0 0 -191.028 390.194 2392.6 -278.903 625.904 2272.86 0 0 0 -61.4127 803.688 2327.55 0 0 0 0 0 0 180.832 384.157 2431.13 279.538 611.403 2305.87 0 0 0 68.0367 799.594 2304.89 0 0 0 -106.488 -4.34908 2356.04 -124.315 -458.024 2374.44 0 0 0 -113.242 -886.784 2456.63 92.9557 -7.58672 2376.7 137.581 -458.552 2409.69 0 0 0 140.43 -881.279 2519.06
20032477 -0.0993714 597.526 2433.86 -3.90517 386.729 2412.76 -5.46578 190.128 2390.3 0 0 0 0 0 0 -189.822 390.41 2393.47 -282.212 625.944 2270.28 0 0 0 -65.2108 806.694 2315.72 0 0 0 0 0 0 182.012 383.048 2432.06 283.16 607.719 2300.6 0 0 0 76.5805 801.09 2295.32 0 0 0 -106.743 -4.49814 2357.48 -125.825 -458.286 2370.14 0 0 0 -114.529 -885.246 2460.88 92.6898 -8.44626 2378.18 134.177 -459.959 2407.5 0 0 0 143.28 -881.626 2520.5
20065770 -1.35471 596.494 2425.13 -4.94682 384.335 2410.53 -6.07135 187.349 2392.14 0 0 0 0 0 0 -190.594 387.421 2388.82 -283.944 618.942 2266.86 0 0 0 -72.4482 807.538 2304.72 0 0 0 0 0 0 180.7 381.249 2432.23 289.1 600.034 2298.06 0 0 0 87.4107 797.457 2280.76 0 0 0 -106.776 -7.98138 2362.11 -126.547 -461.684 2377.1 0 0 0 -114.64 -889.798 2462.23 92.3843 -11.2921 2385.4 132.778 -462.998 2413.56 0 0 0 147.966 -884.204 2527.67
20132356 -2.46798 595.176 2428.27 -5.68812 382.719 2413.2 -6.29786 185.762 2394.27 0 0 0 0 0 0 -191.6 385.154 2393.87 -291.152 607.619 2259.27 0 0 0 -80.261 798.617 2287.05 0 0 0 0 0 0 180.224 380.285 2432.54 296.391 586.706 2291.1 0 0 0 101.008 788.439 2260.23 0 0 0 -106.626 -9.88956 2364.96 -125.352 -463.769 2373.79 0 0 0 -113.5 -891.348 2461.76 92.8105 -12.501 2385.71 135.807 -464.302 2406.84 0 0 0 145.741 -885.919 2520.07
20165649 -2.579 593.777 2430.83 -5.71285 381.147 2415.5 -6.05168 184.25 2395.84 0 0 0 0 0 0 -191.798 383.233 2397.82 -301.976 588.341 2252.35 0 0 0 -96.0222 785.703 2268.81 0 0 0 0 0 0 180.373 379.061 2433.18 303.036 570.871 2284.61 0 0 0 115.984 778.287 2242.58 0 0 0 -106.196 -11.5279 2366.69 -123.792 -465.517 2372.73 0 0 0 -116.065 -893.585 2458.78 93.4145 -13.7655 2385.66 137.502 -465.337 2409.8 0 0 0 143.473 -888.593 2516.93
20232235 -3.63814 594.355 2439.62 -5.54558 381.1 2419.6 -6.02374 184.539 2396.97 0 0 0 0 0 0 -191.817 383.345 2404.04 -313.225 557.437 2240.2 0 0 0 -112.74 760.844 2245.45 0 0 0 0 0 0 180.726 378.856 2435.16 312.685 541.025 2274.87 0 0 0 132.519 751.192 2219.14 0 0 0 -106.41 -10.8179 2365.99 -126.964 -464.712 2368.64 0 0 0 -113.598 -891.354 2460.6 93.4066 -13.2259 2382.68 134.723 -464.861 2410.32 0 0 0 146.939 -889.051 2513.08
20265528 -5.41731 596.494 2444.51 -7.1449 384.11 2423.43 -7.50409 187.604 2400.2 0 0 0 0 0 0 -193.553 386.096 2409.51 -331.629 518.148 2235.06 0 0 0 -135.215 724.998 2224.28 0 0 0 0 0 0 179.263 382.125 2437.35 315.84 520.51 2261.43 0 0 0 135.939 727.755 2202.05 0 0 0 -107.842 -7.8376 2369.51 -127.724 -461.729 2375.94 0 0 0 -114.809 -889.381 2463.29 92.1153 -9.9677 2384.45 133.058 -461.387 2416 0 0 0 146.025 -885.837 2517.84
20298821 -6.13056 598.13 2445.95 -7.48222 385.317 2425.73 -7.90933 188.773 2402.76 0 0 0 0 0 0 -193.933 387.294 2412.28 -321.314 494.074 2219.53 0 0 0 -130.484 704.824 2203.41 0 0 0 0 0 0 178.969 383.339 2439.19 315.922 491.256 2257.7 0 0 0 141.441 696.985 2182.61 0 0 0 -108.335 -6.71077 2372.58 -126.432 -460.712 2376.8 0 0 0 -113.244 -888.738 2462.44 91.6626 -8.83195 2387.01 134.335 -460.154 2417.89 0 0 0 144.174 -885.126 2517.95
20365407 -7.51694 598.812 2440.18 -8.64151 384.676 2425.36 -9.36558 187.779 2405.93 0 0 0 0 0 0 -195.203 386.526 2413.56 -313.641 443.522 2208.27 0 0 0 -133.072 659.542 2178.2 0 0 0 0 0 0 177.92 382.826 2437.15 311.477 436.143 2254.35 0 0 0 149.685 644.018 2166.14 0 0 0 -110.154 -8.12537 2380.18 -129.023 -462.116 2381.35 0 0 0 -113.576 -889.96 2467.6 89.9749 -10.1097 2392.84 133.898 -461.452 2421.67 0 0 0 141.185 -886.369 2522.26
20398700 -8.01135 601.685 2443.82 -13.0123 388.92 2427.23 -18.056 192.158 2407.38 0 0 0 0 0 0 -199.593 394.623 2418.1 -304.323 383.76 2206.16 0 0 0 -138.715 603.297 2152.04 0 0 0 0 0 0 173.569 383.217 2436.35 305.736 379.567 2251.7 0 0 0 154.323 584.393 2148.35 0 0 0 -123.202 -1.54369 2382.64 -137.101 -455.641 2378.05 0 0 0 -125.673 -883.897 2462.82 77.0019 -7.66307 2392.43 121.842 -459.287 2413.47 0 0 0 131.591 -882.841 2519.34
20465286 -10.1284 601.067 2438.11 -15.0091 390.192 2425.11 -21.2881 193.205 2407.9 0 0 0 0 0 0 -201.609 396.895 2416.46 -300.159 288.877 2238.59 0 0 0 -166.179 476.234 2117.57 0 0 0 0 0 0 171.591 383.488 2433.75 289.871 288.287 2273.35 0 0 0 179.034 472.725 2129.94 0 0 0 -127.635 -0.185944 2386.06 -128.895 -454.366 2383.03 0 0 0 -116.675 -884.224 2458.68 72.5009 -7.37537 2395.34 131.995 -457.115 2416.05 0 0 0 137.166 -880.625 2522.43
20498579 -11.4756 599.431 2435.76 -15.9853 386.825 2423.87 -21.4779 189.623 2408.86 0 0 0 0 0 0 -202.497 392.846 2413.02 -283.092 218.95 2251.79 0 0 0 -175.338 380.109 2080.35 0 0 0 0 0 0 170.526 380.805 2434.72 268.922 218.132 2305.18 0 0 0 196.985 375.294 2111.86 0 0 0 -127.005 -4.35001 2388.03 -122.374 -458.315 2375.47 0 0 0 -114.14 -886.421 2460.61 73.0639 -10.8084 2399.67 134.858 -460.595 2412.71 0 0 0 144.997 -882.044 2526.39
20565165 -13.8746 600.613 2435.1 -16.2127 385.203 2421.16 -19.7058 188.023 2405.19 0 0 0 0 0 0 -202.558 389.624 2407.33 -268.039 142.465 2302.92 0 0 0 -195.059 222.7 2078.72 0 0 0 0 0 0 170.132 380.782 2434.98 254.468 156.073 2352.1 0 0 0 224.427 219.478 2117.83 0 0 0 -123.154 -6.78613 2381.8 -119.605 -460.767 2365.93 0 0 0 -109.524 -888.155 2454.77 76.7557 -11.5291 2396.63 136.678 -461.72 2407.64 0 0 0 152 -883.688 2518.88
20598458 -17.6234 601.193 2435.76 -17.7167 385.388 2419.29 -19.8553 188.328 2401.63 0 0 0 0 0 0 -203.939 388.822 2403.52 -253.512 95.7227 2336.47 0 0 0 -198.795 93.4046 2092.24 0 0 0 0 0 0 168.505 381.955 2435.06 235.742 120.545 2379.55 0 0 0 241.965 83.8905 2145.26 0 0 0 -121.869 -6.8914 2375.52 -121.866 -461.064 2364.94 0 0 0 -113.572 -887.907 2456.74 77.8814 -10.5747 2392.43 135.653 -460.933 2408.18 0 0 0 149.585 -883.917 2515.81
20665044 -21.5501 601.394 2435.08 -17.7736 385.726 2417.14 -16.3712 188.751 2398.68 0 0 0 0 0 0 -203.963 385.936 2400.75 -248.257 69.8587 2368.25 0 0 0 -201.861 -35.7133 2147.28 0 0 0 0 0 0 168.416 385.516 2433.53 223.835 111.74 2411.39 0 0 0 241.169 -27.1772 2221.43 0 0 0 -114.838 -8.11177 2371.44 -116.255 -462.398 2366.47 0 0 0 -110.166 -888.929 2459.99 84.9003 -8.33678 2389.02 139.814 -459.054 2405.66 0 0 0 155.167 -881.028 2517.05
20698337 -23.1936 601.27 2433.24 -18.9399 384.892 2413.78 -17.1279 187.877 2395.54 0 0 0 0 0 0 -205.204 384.639 2398.01 -240.819 75.4437 2400.97 0 0 0 -212.923 -100.45 2213.96 0 0 0 0 0 0 167.325 385.146 2429.55 214.854 108.526 2429.27 0 0 0 235.558 -93.6217 2286.4 0 0 0 -115.208 -9.27481 2368.85 -123.49 -463.481 2369.02 0 0 0 -117.214 -890.212 2461.71 84.576 -9.00284 2385.77 132.267 -460.522 2402.08 0 0 0 147.991 -881.303 2517.85
20764923 -25.4399 599.798 2426.31 -20.1929 382.509 2409.58 -17.1325 185.356 2393.06 0 0 0 0 0 0 -206.618 380.749 2396.04 -237.713 80.4844 2415.44 0 0 0 -224.304 -148.72 2289.05 0 0 0 0 0 0 166.232 384.268 2423.12 209.79 104.322 2436.24 0 0 0 230.56 -137.703 2356.48 0 0 0 -114.066 -12.7399 2369.29 -122.357 -467.009 2369.69 0 0 0 -113.88 -893.299 2464.23 85.9212 -10.8521 2383.81 133.391 -462.187 2405.36 0 0 0 147.542 -884.798 2514.35
20798216 -28.3475 600.242 2422.36 -21.5986 382.426 2406.7 -17.0361 185.276 2390.44 0 0 0 0 0 0 -208.066 379.165 2393.92 -231.241 76.9464 2421.09 0 0 0 -225.825 -180.651 2333.69 0 0 0 0 0 0 164.868 385.688 2419.47 204.697 97.4811 2444.56 0 0 0 229.433 -164.32 2400.46 0 0 0 -112.481 -13.6241 2367.33 -124.154 -467.821 2370.32 0 0 0 -112.725 -895.008 2460.28 87.5342 -10.1252 2381.03 133.875 -461.712 2400.25 0 0 0 148.263 -882.368 2516.44
20864802 -29.2515 599.858 2419.38 -22.3102 381.494 2403.93 -16.8815 184.306 2388.34 0 0 0 0 0 0 -208.78 377.358 2391.31 -223.345 76.6576 2425.91 0 0 0 -221.452 -196.403 2367.27 0 0 0 0 0 0 164.16 385.629 2416.55 202.453 96.1953 2454.6 0 0 0 228.507 -175.168 2421.23 0 0 0 -111.462 -15.1 2365.97 -123.124 -469.24 2373.79 0 0 0 -115.449 -897.305 2459.83 88.5559 -10.6639 2379.51 131.096 -462.576 2399.93 0 0 0 148.554 -882.586 2518.16
20898095 -30.2966 598.782 2418.89 -21.9225 380.958 2402.66 -14.9157 183.892 2386.2 0 0 0 0 0 0 -208.337 375.408 2389.75 -214.502 79.0335 2431.08 0 0 0 -221.432 -201.252 2384.22 0 0 0 0 0 0 164.492 386.508 2415.56 201.366 95.0134 2458.89 0 0 0 227.501 -180.736 2426.25 0 0 0 -107.892 -16.1512 2362.83 -122.111 -470.171 2373.45 0 0 0 -113.309 -898.949 2455.81 92.0746 -10.1974 2376.67 136.867 -461.637 2401.9 0 0 0 145.308 -883.836 2512.61
20931388 -31.0485 596.445 2417.66 -20.9024 379.464 2401.54 -12.5543 182.456 2384.98 0 0 0 0 0 0 -207.006 372.937 2385.37 -209.548 81.4582 2435.58 0 0 0 -221.621 -202.106 2392.36 0 0 0 0 0 0 165.201 385.991 2417.71 200.707 94.8038 2461.13 0 0 0 231.981 -182.487 2428.17 0 0 0 -104.037 -18.052 2359.75 -121.862 -471.913 2371.81 0 0 0 -110.705 -899.573 2459.44 95.6245 -11.0498 2377.1 136.074 -462.239 2411.14 0 0 0 144.069 -887.256 2510.23
20997974 -30.2526 595.343 2418.03 -20.289 378.742 2402.4 -11.6247 181.741 2385.86 0 0 0 0 0 0 -205.995 372.257 2382.35 -207.976 80.7964 2436.05 0 0 0 -223.359 -203.498 2389.19 0 0 0 0 0 0 165.417 385.227 2422.44 202.081 95.8163 2458.03 0 0 0 235.902 -180.549 2414.21 0 0 0 -102.576 -18.7398 2358.58 -126.546 -472.186 2373.87 0 0 0 -111.01 -900.071 2459.74 96.6552 -11.7822 2380.08 133.035 -463.428 2413.29 0 0 0 141.845 -888.152 2514.1
21031267 -29.2185 598.402 2418.73 -18.814 381.104 2403.49 -9.30874 184.135 2387.02 0 0 0 0 0 0 -204.064 374.147 2379.79 -209.081 79.1858 2435.58 0 0 0 -221.933 -204.571 2381.24 0 0 0 0 0 0 166.436 388.061 2427.2 203.154 96.0025 2455.58 0 0 0 237.649 -178.846 2401.13 0 0 0 -99.1669 -16.5648 2357.82 -122.276 -470.187 2369.35 0 0 0 -111.297 -895.972 2465.2 99.5599 -9.1019 2383.25 135.448 -460.744 2417.58 0 0 0 143.124 -886.438 2514.53
21097853 -30.4507 599.285 2420.08 -17.4017 381.963 2405.62 -5.24516 185.146 2389.26 0 0 0 0 0 0 -202.299 372.674 2379.98 -214.015 81.061 2431.7 0 0 0 -226.982 -202.063 2372.25 0 0 0 0 0 0 167.496 391.251 2431.26 203.536 100.038 2447.17 0 0 0 236.65 -173.255 2383.43 0 0 0 -92.2548 -16.6527 2359.14 -119.597 -469.983 2372.75 0 0 0 -109.994 -896.118 2467.57 106.078 -6.68933 2386.64 137.314 -459.159 2412.51 0 0 0 149.545 -882.623 2518.07
21131146 -30.2096 602.552 2425.75 -16.6104 385.349 2408.94 -3.15816 188.715 2391.41 0 0 0 0 0 0 -201.257 375.142 2381.74 -217.534 82.8661 2429.32 0 0 0 -230.606 -198.444 2361.35 0 0 0 0 0 0 168.036 395.556 2436.14 203.072 102.636 2438.73 0 0 0 233.949 -168.143 2363.87 0 0 0 -88.731 -13.3941 2359.29 -122.699 -466.301 2371.03 0 0 0 -109.769 -892.798 2463.93 109.319 -2.4458 2388.47 133.612 -455.552 2410.1 0 0 0 145.294 -878.797 2516.91
21197732 -31.4257 597.977 2421.07 -17.1944 381.707 2408.18 -3.37386 184.904 2393.07 0 0 0 0 0 0 -202.143 370.614 2383.5 -220.098 84.8029 2425.85 0 0 0 -230.511 -193.991 2347.84 0 0 0 0 0 0 167.754 392.799 2432.86 202.551 88.3349 2429.87 0 0 0 234.233 -175.043 2327.89 0 0 0 -88.7516 -17.8488 2364.72 -125.331 -470.591 2376.19 0 0 0 -114.697 -897.299 2468.53 109.645 -5.94974 2391.19 129.561 -459.408 2410.71 0 0 0 144.462 -882.733 2516.91
21231025 -30.8632 594.893 2418.74 -17.6336 378.588 2408.62 -5.14606 181.581 2395.06 0 0 0 0 0 0 -202.736 368.512 2384.54 -225.362 80.408 2421.39 0 0 0 -230.962 -195.315 2332.89 0 0 0 0 0 0 167.468 388.663 2432.7 202.555 93.0081 2424.08 0 0 0 232.432 -167.391 2309.48 0 0 0 -91.9305 -20.8293 2368.59 -129.302 -473.565 2378.44 0 0 0 -112.405 -900.829 2466.98 106.613 -10.0219 2394.41 127.671 -463.498 2413.35 0 0 0 141.463 -886.485 2521.13
21297611 -32.3599 594.277 2418.57 -19.4303 377.722 2408.69 -7.60509 180.681 2394.89 0 0 0 0 0 0 -204.84 368.119 2386.92 -230.682 59.7048 2412.7 0 0 0 -234.389 -209.952 2305.66 0 0 0 0 0 0 165.979 387.325 2430.46 202.731 93.8898 2418.3 0 0 0 229.739 -164.316 2295.59 0 0 0 -95.2269 -21.5112 2369.42 -130.805 -474.447 2376.16 0 0 0 -113.1 -901.971 2463.48 103.667 -11.2098 2392.77 130.411 -464.525 2406.9 0 0 0 139.722 -887.782 2514.07
21330904 -33.1548 591.576 2403.49 -20.8604 374.883 2404.28 -9.12775 177.59 2396.87 0 0 0 0 0 0 -206.544 364.546 2385.49 -233.285 49.8072 2407.84 0 0 0 -229.318 -215.95 2287.3 0 0 0 0 0 0 164.823 385.22 2423.06 202.414 86.9964 2412.16 0 0 0 226.655 -167.017 2280.5 0 0 0 -96.9938 -25.248 2379.38 -128.657 -478.449 2387.39 0 0 0 -114.747 -906.74 2471.54 102.204 -14.1586 2399.53 130.658 -467.476 2411.03 0 0 0 143.279 -888.559 2525.88
21364197 -33.1768 590.181 2394.94 -21.0859 373.807 2401.5 -9.44809 176.384 2397.82 0 0 0 0 0 0 -206.791 363.208 2382.89 -234.141 45.402 2406.92 0 0 0 -225.793 -218.921 2278.36 0 0 0 0 0 0 164.619 384.406 2420.12 201.208 82.9999 2406.08 0 0 0 223.537 -169.151 2271.58 0 0 0 -97.4036 -26.7233 2384.14 -129.18 -479.834 2380.36 0 0 0 -112.042 -907.461 2467.26 101.783 -15.3544 2404.11 130.723 -468.737 2411.25 0 0 0 144.409 -890.363 2524.14
21430783 -34.5322 592.451 2398.18 -22.5806 375.487 2401.83 -11.6658 178.02 2396.61 0 0 0 0 0 0 -208.656 365.585 2387.38 -234.347 56.3429 2410.2 0 0 0 -227.771 -210.051 2283.01 0 0 0 0 0 0 163.495 385.39 2416.29 201.125 89.2198 2406.78 0 0 0 221.531 -165.604 2277.73 0 0 0 -100.573 -24.7595 2383.63 -130.379 -477.926 2373.04 0 0 0 -112.845 -904.536 2464.72 99.0715 -14.1346 2399.14 129.147 -467.49 2401.53 0 0 0 139.509 -889.88 2511.92
21464076 -34.426 593.198 2399.8 -23.315 376.398 2401.79 -13.2835 178.871 2396.16 0 0 0 0 0 0 -209.664 367.245 2390.88 -234.726 64.193 2412.33 0 0 0 -227.196 -203.492 2286.46 0 0 0 0 0 0 163.034 385.552 2412.69 200.059 80.1063 2407.4 0 0 0 221.33 -174.237 2276.07 0 0 0 -103.204 -23.5655 2384.69 -128.148 -477.065 2373.91 0 0 0 -117.336 -903.296 2468.18 96.7006 -13.746 2396.39 129.517 -466.839 2404.07 0 0 0 138.423 -888.982 2515.61
21530662 -35.5221 594.201 2401.1 -24.842 377.052 2401.65 -15.4721 179.508 2395.17 0 0 0 0 0 0 -211.254 368.568 2390.75 -234.86 55.5989 2411.67 0 0 0 -225.808 -211.024 2282.1 0 0 0 0 0 0 161.57 385.537 2412.54 200.672 85.9442 2409.44 0 0 0 221.077 -175.657 2293.47 0 0 0 -106.068 -22.5865 2382.84 -130.274 -476.146 2371.02 0 0 0 -118.198 -901.979 2467.09 93.864 -13.4868 2394.53 128.529 -466.503 2398.59 0 0 0 140.909 -885.143 2521.74
21563955 -37.3113 594.549 2402.26 -25.8002 377.266 2400.42 -16.5413 179.738 2393.13 0 0 0 0 0 0 -212.219 368.94 2389.24 -235.253 64.816 2414.64 0 0 0 -230.722 -208.081 2298.72 0 0 0 0 0 0 160.618 385.592 2411.6 201.147 90.0077 2412.47 0 0 0 220.046 -177.341 2310.03 0 0 0 -107.26 -22.2558 2379.84 -128.051 -475.984 2367.55 0 0 0 -115.201 -901.649 2464.37 92.6954 -13.3256 2391.83 130.551 -466.022 2400.15 0 0 0 142.107 -886.138 2518.51
