7040912 56.5857 597.427 2416.03 2.68994 350.194 2416.18 -4.90063 152.363 2402.04 0 0 0 0 0 0 -153.286 355.504 2425.63 -223.399 86.7841 2445.08 0 0 0 -176.175 -159.29 2250.19 0 0 0 0 0 0 158.666 344.885 2406.74 223.653 89.446 2432.64 0 0 0 151.957 -121.407 2258.74 0 0 0 -103.014 -42.3873 2393.39 -123.132 -502.145 2410.6 0 0 0 -121.522 -928.679 2499.89 78.032 -48.5503 2382.42 131.962 -470.132 2410.73 0 0 0 137.222 -905.154 2512.87
7074281 50.5948 596.514 2416.18 -0.778017 345.528 2410.29 -4.86859 150.828 2401.13 0 0 0 0 0 0 -154.907 348.445 2417.12 -200.521 70.2706 2435.31 0 0 0 -185.563 -176.46 2279.39 0 0 0 0 0 0 153.35 342.611 2403.47 209.13 80.3715 2439.74 0 0 0 141.428 -153.442 2279.68 0 0 0 -98.6036 -42.1758 2395.93 -122.311 -500.872 2413.01 0 0 0 -125.589 -924.937 2500.23 80.6853 -45.569 2387.99 131.627 -470.664 2406.51 0 0 0 137.677 -905.378 2508.16
7141020 34.9135 591.996 2417.71 -5.48669 342.133 2408.92 -9.59663 157.376 2399.8 0 0 0 0 0 0 -158.988 345.256 2414.83 -197.39 69.2719 2440.99 0 0 0 -182.407 -183.93 2298.48 0 0 0 0 0 0 148.015 339.01 2403.01 201.111 76.0636 2441.41 0 0 0 145.936 -165.781 2307.48 0 0 0 -111.95 -25.3815 2394.47 -128.01 -502.845 2411.45 0 0 0 -124.184 -939.248 2504.1 84.5365 -29.3789 2386.9 132.316 -456.796 2403.71 0 0 0 137.92 -896.569 2502.56
7174389 25.439 589.288 2417.27 -10.18 339.715 2408.24 -12.3444 153.162 2400.01 0 0 0 0 0 0 -163.406 341.251 2413.71 -199.044 64.5561 2445.09 0 0 0 -186.271 -172.681 2303.72 0 0 0 0 0 0 143.046 338.179 2402.76 194.949 74.5524 2442.55 0 0 0 153.44 -168.735 2323.98 0 0 0 -111.032 -32.4226 2395.24 -129.493 -496.811 2408.53 0 0 0 -123.188 -934.492 2507.49 82.0148 -34.3583 2388.34 130.97 -462.503 2401.53 0 0 0 136.026 -898.838 2501.52
7241128 19.8259 588.708 2415.98 -17.2227 325.544 2405.46 -18.1478 144.91 2398.71 0 0 0 0 0 0 -169.473 326.197 2408.83 -202.71 53.5454 2447.28 0 0 0 -199.834 -187.131 2286.33 0 0 0 0 0 0 135.028 324.89 2402.09 175.377 42.7329 2437.17 0 0 0 153.994 -147.993 2321.85 0 0 0 -116.434 -35.3048 2394.11 -132.209 -498.494 2408.81 0 0 0 -122.655 -933.68 2508.34 78.2881 -36.141 2389.8 128.353 -467.975 2401.82 0 0 0 135.492 -899.878 2502.19
7274497 11.3878 588.873 2412.87 -22.3975 326.649 2406.78 -21.1881 143.943 2400.38 0 0 0 0 0 0 -178.554 325.527 2409.29 -204.853 58.7633 2450.38 0 0 0 -207.283 -176.002 2277.18 0 0 0 0 0 0 133.759 327.77 2404.27 165.84 25.646 2438.14 0 0 0 145.037 -174.918 2314.88 0 0 0 -118.685 -39.4715 2395.57 -134.882 -499.427 2409.41 0 0 0 -125.447 -930.15 2510.63 78.7276 -38.0537 2392.4 126.659 -471.198 2401.38 0 0 0 133.993 -901.575 2503.35
7341235 3.60542 589.512 2410.72 -22.895 329.606 2407.54 -20.8281 145.225 2400.95 0 0 0 0 0 0 -177.281 327.815 2409.22 -216.976 63.3113 2452.72 0 0 0 -228.904 -172.435 2275.45 0 0 0 0 0 0 131.491 331.397 2405.86 164.397 34.2682 2438.44 0 0 0 154.624 -165.011 2323.53 0 0 0 -118.106 -40.3092 2395.43 -137.727 -495.627 2407.86 0 0 0 -126.074 -927.603 2512.84 80.5839 -38.0045 2393.27 126.878 -469.485 2400.33 0 0 0 132.907 -902.795 2504.73
7374605 -7.82641 596.267 2408.85 -31.5557 332.044 2406.8 -26.0282 146.94 2400.51 0 0 0 0 0 0 -185.841 327.465 2405.99 -234.245 59.1736 2452.01 0 0 0 -234.704 -172.523 2275.27 0 0 0 0 0 0 122.729 336.624 2407.61 163.947 48.7418 2442.88 0 0 0 152.821 -156.11 2326.93 0 0 0 -118.908 -41.0842 2393.7 -140.391 -495.695 2408.37 0 0 0 -131.01 -926.959 2518.99 77.9062 -35.2422 2394.73 123.741 -465.198 2398.34 0 0 0 133.543 -897.364 2504.51
7441343 -25.9132 599.583 2406.05 -39.275 337.536 2406.81 -31.581 150.132 2401.27 0 0 0 0 0 0 -195.588 331.15 2405.72 -241.694 74.4744 2467.38 0 0 0 -241.516 -181.925 2267.05 0 0 0 0 0 0 117.038 343.921 2407.9 165.298 62.3145 2443.93 0 0 0 169.368 -127.049 2326.26 0 0 0 -123.371 -41.3355 2395.04 -147.409 -501.333 2425.32 0 0 0 -152.317 -935.114 2539.4 75.5967 -33.2079 2396.43 123.249 -465.001 2396.08 0 0 0 134.765 -897.946 2505.28
7474712 -30.9308 597.787 2403.39 -43.3737 340.494 2406.54 -38.3257 146.111 2405.07 0 0 0 0 0 0 -200.904 336.38 2409.63 -248.165 77.3939 2471.15 0 0 0 -240.262 -175.836 2262.88 0 0 0 0 0 0 114.157 344.608 2403.45 164.192 65.8547 2442.62 0 0 0 165.454 -130.085 2323.63 0 0 0 -139.947 -51.0585 2405.7 -148.241 -486.411 2418.78 0 0 0 -142.904 -920.345 2528.17 73.3913 -45.4867 2401.51 120.834 -479.103 2397.6 0 0 0 146.309 -914.664 2504.73
7541451 -43.027 595.307 2400.64 -54.5001 344.858 2407.56 -42.7203 150.063 2404.5 0 0 0 0 0 0 -213.519 335.202 2410.1 -251.62 68.648 2466.55 0 0 0 -240.094 -168.15 2255.27 0 0 0 0 0 0 104.518 354.515 2405.03 162.568 73.0231 2445.63 0 0 0 166.146 -131.818 2311.72 0 0 0 -136.174 -51.1227 2403.12 -152.097 -501.312 2427.49 0 0 0 -137.531 -926.124 2521.84 74.2935 -38.3423 2399.76 120.802 -473.693 2395.61 0 0 0 142.196 -907.709 2504.6
7574820 -41.5718 595.024 2401.25 -60.6484 346.824 2407.42 -46.2958 151.566 2404.14 0 0 0 0 0 0 -217.824 335.242 2409.15 -253.569 65.5625 2465.94 0 0 0 -241.237 -172.15 2255.47 0 0 0 0 0 0 96.5276 358.407 2405.7 163.494 90.2119 2451 0 0 0 169.807 -127.722 2314 0 0 0 -136.176 -51.3733 2402.01 -151.569 -499.038 2422.22 0 0 0 -134.641 -927.824 2519 72.29 -36.0113 2399.72 120.649 -471.851 2394.86 0 0 0 141.646 -906.505 2504.76
7641559 -41.0726 595.281 2400.94 -64.0034 347.906 2406.3 -48.4325 152.373 2403.88 0 0 0 0 0 0 -220.243 335.437 2408.57 -256.294 63.1615 2463.3 0 0 0 -231.868 -183.574 2244.64 0 0 0 0 0 0 92.2359 360.376 2404.02 164.623 99.93 2453 0 0 0 173.216 -128.411 2323.72 0 0 0 -135.783 -51.3751 2402.96 -152.689 -499.082 2426.43 0 0 0 -128.337 -933.624 2521.82 70.0603 -34.9461 2399.97 118.754 -472.179 2394.87 0 0 0 140.649 -907.09 2504.69
7674928 -43.3205 596.107 2400.73 -63.6455 348.157 2406.72 -48.8677 152.749 2404.68 0 0 0 0 0 0 -217.922 336.47 2408.58 -256.829 62.7548 2460.97 0 0 0 -232.885 -180.679 2242.87 0 0 0 0 0 0 90.6313 359.844 2404.87 166.638 113.835 2452.9 0 0 0 167.122 -143.221 2337.4 0 0 0 -136.129 -50.389 2403.85 -154.908 -503.265 2430.67 0 0 0 -121.661 -948.816 2535.85 67.949 -34.9298 2401.4 117.236 -474.451 2396.61 0 0 0 137.791 -932.124 2515
7741666 -44.916 597.305 2401.76 -63.9069 351.081 2406.81 -49.9372 153.715 2408.24 0 0 0 0 0 0 -218.443 340.191 2413.52 -248.398 73.8978 2457.7 0 0 0 -231.619 -187.549 2253.31 0 0 0 0 0 0 90.6291 361.971 2400.1 164.194 120.762 2447.27 0 0 0 171.732 -148.569 2328.67 0 0 0 -136.298 -50.7206 2414.02 -154.182 -503.774 2429.03 0 0 0 -122.205 -950.97 2541.05 64.3631 -36.5806 2405.31 114.315 -480.413 2402.75 0 0 0 134.064 -943.404 2528.34
7775036 -44.0973 598.49 2402.44 -63.6281 351.998 2408.13 -51.7518 157.098 2408 0 0 0 0 0 0 -218.508 342.552 2420.65 -249.049 67.5722 2467.41 0 0 0 -226.033 -197.144 2256.71 0 0 0 0 0 0 91.2514 361.443 2395.61 161.138 115.552 2440.02 0 0 0 176.418 -150.558 2334.75 0 0 0 -136.295 -43.6821 2415.68 -152.862 -497.108 2423.49 0 0 0 -127.037 -936.475 2528.65 56.5439 -31.9214 2400.09 111.989 -489.548 2411.63 0 0 0 139.727 -945.514 2531.71
7841774 -41.9133 598.455 2403.79 -60.1783 352.089 2413.83 -48.9484 155.871 2410.36 0 0 0 0 0 0 -214.111 343.166 2420.25 -243.484 72.3051 2463.06 0 0 0 -231.363 -194.236 2271.94 0 0 0 0 0 0 93.7541 361.012 2407.41 161.056 112.401 2440.07 0 0 0 184.023 -156.078 2343.83 0 0 0 -135.292 -46.0039 2410.97 -150.91 -499.001 2421.77 0 0 0 -129.634 -937.006 2531.35 59.8552 -34.6916 2402.83 111.344 -487.037 2411.09 0 0 0 141.926 -940.824 2528.79
7875143 -41.7423 597.198 2405.59 -58.7289 350.858 2413.31 -47.3114 154.344 2412.33 0 0 0 0 0 0 -211.345 341.951 2421.33 -245.229 68.3711 2462.29 0 0 0 -222.915 -199.916 2280.99 0 0 0 0 0 0 93.8875 359.765 2405.3 160.316 111.628 2440.16 0 0 0 192.99 -153.621 2344.01 0 0 0 -132.382 -47.8017 2416.42 -149.737 -501.734 2422.96 0 0 0 -129.249 -949.716 2514.93 60.5945 -36.5391 2406.28 111.788 -486.783 2413.01 0 0 0 141.019 -934.362 2527.22
7939788 -39.935 595.423 2408.74 -57.2487 350.545 2412.8 -46.8234 154.568 2412.94 0 0 0 0 0 0 -211.504 342.346 2422.64 -241.385 72.3407 2463.93 0 0 0 -227.434 -194.693 2294.09 0 0 0 0 0 0 97.0063 358.744 2402.97 159.372 112.521 2440.31 0 0 0 197.82 -152.304 2349.8 0 0 0 -131.019 -46.4375 2419.12 -149.369 -498.931 2420.09 0 0 0 -131.457 -943.806 2522.88 58.223 -36.3792 2407.05 111.606 -488.339 2414.7 0 0 0 140.422 -933.481 2526.41
7975251 -37.4003 593.827 2410.95 -54.2372 349.476 2412.44 -45.2978 154.438 2411.51 0 0 0 0 0 0 -207.339 342.419 2420.95 -238.012 75.1054 2460.56 0 0 0 -230.399 -196.781 2316.09 0 0 0 0 0 0 98.8649 356.534 2403.94 158.873 110.462 2443.43 0 0 0 203.388 -152.874 2368.8 0 0 0 -130.881 -44.9583 2415.83 -148.898 -499.004 2420.18 0 0 0 -132.926 -941.004 2523.83 58.164 -36.2436 2405.34 111.591 -487.898 2414.9 0 0 0 142.17 -936.524 2527.08
8039667 -30.4786 588.427 2416.09 -50.9221 347.701 2414.23 -43.4475 152.888 2411.89 0 0 0 0 0 0 -206.507 341.642 2421.7 -235.226 75.0813 2460.83 0 0 0 -229.306 -203.078 2318.78 0 0 0 0 0 0 104.663 353.76 2406.76 157.811 108.206 2443.53 0 0 0 210.385 -163.329 2375.22 0 0 0 -131.159 -45.6311 2414.13 -148.731 -501.879 2419.32 0 0 0 -134.698 -942.585 2523.96 59.2126 -38.2173 2404.98 112.321 -490.074 2418.4 0 0 0 142.477 -935.963 2528.61
8075359 -25.4588 586.843 2418.58 -47.0984 346.663 2415.36 -41.5252 152.428 2411.96 0 0 0 0 0 0 -203.807 342.044 2422.38 -233.003 74.6782 2462.05 0 0 0 -236.992 -195.404 2330.44 0 0 0 0 0 0 109.61 351.282 2408.34 153.771 107.364 2445.17 0 0 0 222.954 -161.371 2386.74 0 0 0 -131.604 -44.6268 2412.85 -148.189 -502.268 2417.25 0 0 0 -133.232 -942.775 2523.52 59.6999 -38.9879 2404.28 113.426 -490.191 2419.05 0 0 0 141.784 -934.43 2528.1
8142097 -17.9267 589.078 2419.39 -44.5967 347.858 2418.09 -40.1867 153.376 2412.75 0 0 0 0 0 0 -200.753 344.146 2424.32 -231.651 75.5493 2460.52 0 0 0 -241.113 -202.301 2334.24 0 0 0 0 0 0 111.56 351.57 2411.87 153.968 106.49 2452.13 0 0 0 231.705 -177.179 2398.45 0 0 0 -130.943 -43.3681 2411.2 -144.091 -504.814 2412.85 0 0 0 -132.413 -941.449 2521.29 59.3899 -38.8437 2403.61 121.14 -490.372 2428.94 0 0 0 142.088 -932.892 2528.14
8175467 -10.526 591.364 2417.99 -41.1402 348.293 2419.53 -38.6287 153.639 2413.33 0 0 0 0 0 0 -196.402 346.121 2424.83 -229.475 75.8876 2460.49 0 0 0 -234.762 -206.117 2326.48 0 0 0 0 0 0 114.122 350.465 2414.23 170.109 107.648 2467.97 0 0 0 234.042 -180.767 2403.2 0 0 0 -131.306 -42.3471 2410.39 -144.975 -505.44 2412.98 0 0 0 -133.552 -943.027 2522.21 59.0718 -39.6838 2403.89 119.371 -491.923 2430.59 0 0 0 143.085 -932.328 2528.54
8242205 -5.62525 592.892 2417.22 -38.2541 349.18 2420.69 -37.2147 154.235 2414.15 0 0 0 0 0 0 -192.561 348.18 2425.96 -229.614 76.5649 2463.01 0 0 0 -240.499 -169.177 2339.71 0 0 0 0 0 0 116.052 350.179 2415.41 165.947 103.976 2464.96 0 0 0 236.048 -177.492 2398.19 0 0 0 -132.13 -41.3317 2410.9 -144.92 -505.839 2412.83 0 0 0 -133.129 -942.736 2521.6 59.7793 -40.0887 2404.34 118.564 -492.28 2430.38 0 0 0 143.66 -928.958 2528.28
8275574 -4.1363 592.728 2417.47 -33.3751 351.564 2423.1 -35.0989 157.701 2414.71 0 0 0 0 0 0 -185.278 352.719 2427.64 -227.177 77.2399 2467.07 0 0 0 -233.085 -177.753 2341 0 0 0 0 0 0 118.528 350.41 2418.57 164.2 102.906 2463.11 0 0 0 235.931 -174.756 2396.74 0 0 0 -133.762 -35.4245 2409.21 -137.371 -479.24 2412.45 0 0 0 -132.183 -941.443 2517.47 60.1167 -36.8979 2403.43 119.285 -489.512 2428.48 0 0 0 143.523 -926.608 2526.35
8339304 -2.93053 592.682 2418.78 -29.0813 353.214 2425.08 -32.5909 158.61 2415.49 0 0 0 0 0 0 -178.669 355.711 2429.16 -220.379 95.1998 2478.35 0 0 0 -236.404 -177.196 2330.81 0 0 0 0 0 0 120.506 350.717 2421.01 163.347 102.73 2459.47 0 0 0 232.472 -173.576 2398.76 0 0 0 -132.487 -34.3857 2408.53 -137.855 -491.954 2412.46 0 0 0 -131.446 -940.677 2518.15 60.2857 -37.6033 2403.27 120.363 -491.459 2429.91 0 0 0 143.907 -929.778 2524.98
8375682 2.18469 594.668 2418.84 -25.2313 352.747 2426.48 -30.3696 158.305 2415.62 0 0 0 0 0 0 -176.232 356.595 2429.03 -221.349 89.3503 2473.37 0 0 0 -228.807 -173.772 2318.91 0 0 0 0 0 0 125.77 348.898 2423.94 165.881 99.3625 2462.23 0 0 0 233.717 -170.096 2394.64 0 0 0 -131.475 -33.6903 2406.38 -139 -496.73 2413.87 0 0 0 -131.365 -940.049 2519.72 60.4593 -38.5818 2403.14 120.315 -492.754 2429.3 0 0 0 144.288 -930.567 2524.48
8442421 1.77318 593.83 2419.69 -23.5605 350.469 2427.44 -22.881 157.02 2416.48 0 0 0 0 0 0 -176.281 349.757 2430.54 -210.544 75.5878 2494.12 0 0 0 -216.354 -177.128 2308.97 0 0 0 0 0 0 129.16 351.181 2424.34 168.44 100.771 2461.92 0 0 0 220.917 -171.561 2380.77 0 0 0 -105.333 -36.8166 2407.21 -137.53 -499.525 2412.37 0 0 0 -135.94 -920.297 2521.02 60.9297 -36.0415 2403.84 119.5 -490.527 2430.17 0 0 0 143.856 -923.532 2518.58
8475790 5.73559 593.249 2420.9 -18.475 348.787 2426.85 -18.1698 159.075 2415.88 0 0 0 0 0 0 -166.627 348.173 2433.35 -208.389 86.3178 2492.05 0 0 0 -214.988 -173.674 2318.53 0 0 0 0 0 0 129.677 349.401 2420.35 167.797 99.8613 2457.28 0 0 0 210.044 -167.238 2368.72 0 0 0 -97.2355 -30.9654 2408.4 -136.688 -498.639 2410.26 0 0 0 -132.6 -929.05 2517.08 61.5062 -30.3074 2401.43 119.535 -488.548 2433.34 0 0 0 144.382 -923.872 2523.22
8539062 4.83491 591.999 2422.27 -13.5013 343.555 2429.91 -14.6721 157.021 2417.49 0 0 0 0 0 0 -159.747 343.998 2437.04 -202.591 87.3073 2491.1 0 0 0 -207.84 -178.885 2310.91 0 0 0 0 0 0 132.745 343.111 2422.79 170.307 91.2861 2459.01 0 0 0 214.973 -179.121 2359.32 0 0 0 -94.6533 -29.2746 2408.89 -133.527 -495.179 2414.36 0 0 0 -136.075 -928.115 2522.23 62.9674 -29.7525 2401.22 119.726 -485.469 2431.53 0 0 0 144.165 -921.001 2524.75
8575898 7.75258 591.762 2424.36 -11.9008 340.269 2431.2 -13.3324 154.409 2418.23 0 0 0 0 0 0 -159.123 340.884 2438.63 -199.785 70.9672 2487.76 0 0 0 -213.848 -171.261 2302.85 0 0 0 0 0 0 135.321 339.653 2423.77 175.869 86.4417 2461.59 0 0 0 207.527 -181.174 2344 0 0 0 -94.2786 -31.1192 2409.28 -133.655 -497.6 2414.3 0 0 0 -134.977 -933.107 2521.61 64.7505 -31.784 2401.25 119.824 -486.128 2430.78 0 0 0 143.258 -922.274 2526.48
8638941 11.759 592.557 2426.45 -11.3277 337.945 2431.99 -13.4347 151.584 2418.41 0 0 0 0 0 0 -159.161 339.081 2439.34 -200.465 76.4145 2484.4 0 0 0 -205.418 -177.145 2300.73 0 0 0 0 0 0 136.506 336.809 2424.64 182.337 79.1523 2463.26 0 0 0 208.526 -185.215 2346.64 0 0 0 -99.2846 -34.1333 2408.99 -128.461 -497.065 2415.64 0 0 0 -132.939 -930.945 2521.57 68.2012 -35.4202 2400.66 120.158 -488.816 2430.48 0 0 0 142.238 -924.164 2528.6
8676005 16.4856 592.288 2430.21 -11.4685 340.411 2430.97 -15.3657 152.612 2417.37 0 0 0 0 0 0 -160.74 343.043 2437.41 -200.268 75.8274 2481.05 0 0 0 -205.524 -179.474 2304.61 0 0 0 0 0 0 137.803 337.779 2424.53 183.867 80.5882 2464 0 0 0 196.076 -183.639 2336.05 0 0 0 -108.346 -33.6173 2407.62 -129.37 -496.531 2414.11 0 0 0 -131 -929.278 2520.55 69.82 -36.7585 2399.94 120.102 -491.193 2430.01 0 0 0 142.42 -928.137 2529.8
8738820 19.4856 590.874 2433.02 -9.8142 342.097 2431.54 -11.9175 154.596 2417.28 0 0 0 0 0 0 -159.582 343.29 2437.95 -201.854 78.293 2482.5 0 0 0 -205.622 -174.276 2310.34 0 0 0 0 0 0 139.953 340.904 2425.13 185.369 83.2068 2464.7 0 0 0 196.554 -184.75 2326.35 0 0 0 -102.706 -32.1983 2406.82 -129.324 -494.814 2412.5 0 0 0 -131.821 -929.129 2519.83 74.6645 -33.6111 2399.24 120.893 -492.625 2430.94 0 0 0 142.352 -931.787 2531.16
8776113 18.3263 590.762 2432.99 -9.41139 342.482 2430.71 -11.9447 154.521 2417.7 0 0 0 0 0 0 -158.938 344.09 2436.6 -199.131 71.7776 2481.37 0 0 0 -204.338 -178.977 2302.77 0 0 0 0 0 0 140.115 340.875 2424.81 185.792 82.5489 2462.85 0 0 0 198.88 -180.172 2334.74 0 0 0 -101.611 -32.5031 2408.14 -127.953 -494.764 2411.69 0 0 0 -132.465 -929.517 2521.93 72.6551 -34.3764 2401.26 122.233 -492.489 2430.59 0 0 0 142.08 -941.295 2527
8809482 22.7969 587.96 2438.45 -10.4374 342.51 2431.1 -12.4171 154.514 2418.64 0 0 0 0 0 0 -161.65 343.733 2436.68 -202.314 74.2786 2481.57 0 0 0 -214.809 -181.361 2326.56 0 0 0 0 0 0 140.775 341.287 2425.52 189.361 81.8484 2463.85 0 0 0 205.554 -177.237 2333.53 0 0 0 -100.957 -32.7819 2409.38 -127.999 -494.938 2410.99 0 0 0 -133.53 -930.96 2521.02 72.1634 -34.182 2403 123.111 -493.23 2429.62 0 0 0 142.516 -938.17 2528.96
8871992 25.4348 586.319 2441.6 -10.0054 341.319 2431.79 -13.3539 154.038 2419.16 0 0 0 0 0 0 -162.535 343.692 2437.04 -201.712 68.7566 2480.99 0 0 0 -210.097 -184.916 2314.67 0 0 0 0 0 0 142.524 338.945 2426.55 193.911 75.541 2467.22 0 0 0 203.752 -170.477 2340.92 0 0 0 -105.905 -31.8549 2409.58 -127.573 -495.473 2411.66 0 0 0 -133.249 -931.234 2521.56 72.5001 -34.631 2403.45 123.755 -493.833 2427.66 0 0 0 142.4 -937.153 2528.3
8909590 25.1428 586.603 2441.51 -9.58695 338.471 2432.97 -13.48 152.843 2419.49 0 0 0 0 0 0 -161.322 341.223 2438.91 -202.865 72.9773 2479.16 0 0 0 -210.824 -179.73 2317 0 0 0 0 0 0 142.148 335.72 2427.03 194.666 71.573 2467.62 0 0 0 205.541 -181.811 2345.27 0 0 0 -108.353 -31.136 2409.58 -126.605 -495.673 2412.68 0 0 0 -120.958 -942.147 2509.57 73.6064 -34.4351 2402.45 124.306 -493.416 2425.54 0 0 0 142.833 -938.273 2526.98
8971871 24.981 587.602 2442.03 -8.69495 336.269 2435.2 -13.0633 151.45 2420.15 0 0 0 0 0 0 -161.06 339.385 2441.16 -201.919 78.8759 2480.69 0 0 0 -208.387 -188.005 2316.67 0 0 0 0 0 0 143.67 333.154 2429.24 192.049 73.3034 2466.4 0 0 0 209.143 -177.432 2339.77 0 0 0 -109.44 -31.4876 2408.69 -124.578 -496.933 2413.8 0 0 0 -111.055 -958.827 2503.4 74.5762 -35.2506 2401.49 124.505 -493.666 2423.7 0 0 0 142.767 -938.238 2525.97
9009698 24.8695 587.469 2442.51 -9.39824 337.083 2436.34 -12.7731 151.273 2420.69 0 0 0 0 0 0 -161.868 339.335 2442.49 -201.723 77.9554 2480 0 0 0 -209.428 -185.411 2314.79 0 0 0 0 0 0 143.071 334.832 2430.19 193.532 75.9213 2465.01 0 0 0 209.722 -177.195 2350.12 0 0 0 -107.167 -33.1936 2408.71 -125.422 -498.596 2412.89 0 0 0 -119.49 -950.364 2511.4 74.8713 -35.8814 2401.37 125.116 -493.115 2422.95 0 0 0 142.903 -937.375 2526.41
9071750 26.4327 587.887 2444.04 -10.5495 339.12 2438.35 -13.0522 152.291 2422 0 0 0 0 0 0 -163.347 340.552 2445.38 -207.045 98.1784 2497.86 0 0 0 -212.088 -179.201 2319.3 0 0 0 0 0 0 142.248 337.689 2431.33 192.823 78.9691 2464.72 0 0 0 213.452 -172.721 2345.52 0 0 0 -106.233 -33.6887 2409.81 -126.258 -499.466 2412.61 0 0 0 -121.709 -947.277 2515.49 75.1232 -35.3878 2401.47 125.753 -492.435 2421.64 0 0 0 142.74 -936.242 2525.88
9109806 25.4366 589.37 2444.17 -15.5653 343.9 2437.44 -15.5079 159.611 2419.13 0 0 0 0 0 0 -163.487 342.7 2449.06 -203.441 90.8491 2491.77 0 0 0 -213.021 -173.833 2316.26 0 0 0 0 0 0 132.356 345.1 2425.83 192.79 75.4785 2457.87 0 0 0 207.52 -165.976 2337 0 0 0 -104.078 -25.3965 2407.78 -126.643 -492.331 2409.98 0 0 0 -122.882 -938.14 2514.92 73.1772 -23.9583 2393.86 126.549 -499.277 2422.48 0 0 0 144.535 -942.951 2525.59
9171629 23.9688 590.136 2442.85 -13.8632 341.967 2436.71 -14.3171 156.05 2420.08 0 0 0 0 0 0 -164.138 341.507 2445.95 -202.928 82.8802 2485.06 0 0 0 -210.559 -177.715 2312.4 0 0 0 0 0 0 136.412 342.427 2427.47 191.505 78.8215 2459.17 0 0 0 208.997 -163.478 2341.54 0 0 0 -104.789 -30.1425 2408.99 -126.334 -496.028 2410.79 0 0 0 -124.226 -939.705 2517.07 75.2466 -29.5916 2397.92 127.214 -496.046 2421.92 0 0 0 144.083 -940.419 2526.46
9209913 23.2644 590.797 2442.5 -12.9349 340.561 2435.72 -13.2035 154.363 2420.17 0 0 0 0 0 0 -164.389 340.024 2444.77 -216.709 103.448 2463.49 0 0 0 -208.189 -170.885 2289.72 0 0 0 0 0 0 138.52 341.099 2426.67 193.479 82.3321 2459.27 0 0 0 207.914 -155.861 2320.53 0 0 0 -103.59 -32.1548 2409.99 -125.743 -498.041 2411.63 0 0 0 -125.528 -941.23 2518.55 76.646 -31.5155 2399.23 127.401 -494.32 2421.37 0 0 0 144.102 -939.79 2527.32
9271508 22.8285 590.51 2442.96 -12.402 339.233 2435.36 -12.3603 153.121 2420.47 0 0 0 0 0 0 -164.546 338.463 2444.56 -211.688 95.9322 2467.9 0 0 0 -203.293 -166.863 2291.68 0 0 0 0 0 0 139.742 340.004 2426.15 194.461 83.6729 2456.94 0 0 0 208.205 -147.72 2316.92 0 0 0 -102.353 -33.4478 2411.04 -125.344 -497.915 2412.2 0 0 0 -123.696 -936.577 2521.51 77.716 -32.536 2400.14 127.805 -493.204 2421.61 0 0 0 143.987 -936.681 2530.99
9310021 22.2109 591.41 2442.54 -13.3708 341.574 2435.26 -12.8961 157.455 2415.99 0 0 0 0 0 0 -167.614 340.849 2438.39 -209.862 91.0956 2462.56 0 0 0 -203.034 -166.624 2281.1 0 0 0 0 0 0 140.873 342.3 2432.13 194.862 87.1193 2463.99 0 0 0 208.926 -146.339 2302.35 0 0 0 -104.359 -27.0974 2398.58 -126.297 -502.704 2418.68 0 0 0 -123.117 -937.15 2528.39 79.516 -26.2327 2394.85 127.718 -485.42 2415.88 0 0 0 144.249 -929.345 2526.21
9376760 21.1396 592.446 2442.48 -13.1591 340.252 2434.55 -12.2545 155.257 2417.43 0 0 0 0 0 0 -167.479 338.915 2440.85 -207.885 85.5972 2466.83 0 0 0 -200.053 -163.814 2270.48 0 0 0 0 0 0 141.161 341.59 2428.25 196.741 88.1288 2461.83 0 0 0 210.922 -140.673 2291.37 0 0 0 -102.936 -30.5318 2404.05 -127.081 -495.813 2416.28 0 0 0 -122.328 -911.961 2525.65 80.236 -28.9441 2396.57 127.591 -487.221 2417.11 0 0 0 143.158 -931.428 2527.47
9410129 20.3582 592.333 2442.1 -13.1106 339.88 2433.96 -12.0915 154.697 2417.33 0 0 0 0 0 0 -167.145 338.409 2440.89 -207.589 85.3429 2465.17 0 0 0 -197.009 -163.042 2265.39 0 0 0 0 0 0 140.924 341.35 2427.02 197.229 94.9612 2459.66 0 0 0 206.21 -139.078 2288.49 0 0 0 -102.539 -31.3592 2404.83 -126.999 -493.893 2414.85 0 0 0 -123.164 -901.248 2520.46 80.3945 -29.613 2396.59 127.997 -487.838 2417.53 0 0 0 142.667 -930.765 2528.49
9476867 20.2802 592.985 2441.43 -13.5799 341.101 2433.98 -11.9604 155.588 2417.87 0 0 0 0 0 0 -167.054 339.149 2441.03 -206.966 85.1259 2465.25 0 0 0 -191.567 -171.699 2265.75 0 0 0 0 0 0 139.894 343.053 2426.92 197.318 102.226 2456.25 0 0 0 200.309 -134.984 2287.92 0 0 0 -101.944 -31.0913 2405.98 -127.266 -489.506 2414.02 0 0 0 -120.12 -900.565 2516.78 81.2627 -28.7606 2397.55 129.256 -488.452 2417.94 0 0 0 142.729 -929.265 2529.12
9537852 19.5327 593.045 2440.27 -13.4712 341.55 2433.57 -11.8795 156.129 2418.06 0 0 0 0 0 0 -167.118 339.63 2440.75 -206.039 83.9748 2465.32 0 0 0 -192.221 -147.625 2272.67 0 0 0 0 0 0 140.175 343.469 2426.39 197 101.935 2456.66 0 0 0 197.837 -135.367 2280.04 0 0 0 -101.67 -30.4334 2406.81 -126.754 -485.414 2412.34 0 0 0 -122.171 -892.714 2513.16 81.0939 -28.1504 2398.28 129.066 -488.19 2417.97 0 0 0 142.584 -928.442 2529.77
9571145 18.8146 593.234 2439.34 -13.2004 341.609 2433.08 -11.6073 156.02 2417.55 0 0 0 0 0 0 -166.661 339.692 2440.25 -207.36 86.0648 2458.52 0 0 0 -192.639 -158.41 2270.53 0 0 0 0 0 0 140.26 343.526 2425.91 197.168 98.5896 2458.62 0 0 0 196.405 -136.289 2281.03 0 0 0 -101.224 -30.7095 2406.29 -126.586 -485.866 2412.54 0 0 0 -122.145 -889.573 2511.99 81.1961 -28.4307 2397.77 128.964 -483.415 2418.69 0 0 0 141.937 -929.142 2530.24
9610344 14.7843 594.817 2436.14 -13.7619 343.087 2432.17 -12.0146 156.538 2417.7 0 0 0 0 0 0 -166.591 341.065 2439.78 -207.456 89.6002 2455.31 0 0 0 -189.156 -153.564 2271.8 0 0 0 0 0 0 139.067 345.108 2424.56 197.314 99.88 2456.76 0 0 0 191.624 -138.048 2283.6 0 0 0 -101.699 -31.2195 2407.78 -126.777 -484.802 2412.83 0 0 0 -120.677 -887.027 2511.91 81.1641 -28.8007 2398.68 128.141 -485.162 2418.3 0 0 0 140.883 -926.643 2531.15
9671024 11.1059 593.678 2428.61 -13.517 343.321 2432.46 -11.9614 156.834 2418.11 0 0 0 0 0 0 -166.399 341.461 2440.06 -207.656 88.6766 2455.5 0 0 0 -186.945 -153.508 2266.35 0 0 0 0 0 0 139.365 345.181 2424.87 197.643 93.786 2449.67 0 0 0 183.453 -130.868 2288.58 0 0 0 -101.798 -30.7653 2408.29 -127.481 -482.757 2413.54 0 0 0 -121.181 -884.224 2514.68 80.9869 -28.5417 2399.21 127.756 -485.97 2417.95 0 0 0 140.241 -929.067 2530.82
9710452 6.10828 591.427 2420.58 -14.4006 345.013 2432.54 -12.5719 158.569 2417.79 0 0 0 0 0 0 -166.82 342.833 2441.2 -206.603 88.3375 2457.04 0 0 0 -177.712 -150.147 2268.41 0 0 0 0 0 0 138.019 347.194 2423.88 197.753 95.3688 2449.8 0 0 0 186.237 -145.539 2292.15 0 0 0 -101.337 -29.1703 2408.18 -128.724 -481.356 2413.99 0 0 0 -119.612 -878.908 2525.54 79.851 -26.5785 2397.89 127.511 -485.927 2418.49 0 0 0 140.142 -927.586 2532.62
9770903 7.03336 592.556 2421.54 -14.4643 345.458 2433.34 -12.5004 158.571 2418.2 0 0 0 0 0 0 -167.084 343.117 2442.44 -201.935 90.1365 2476.17 0 0 0 -176.617 -150.185 2264.11 0 0 0 0 0 0 138.155 347.799 2424.24 200.698 95.3523 2450.6 0 0 0 186.832 -148.875 2287.58 0 0 0 -100.333 -29.6927 2408.41 -130.279 -481.529 2413.72 0 0 0 -119.572 -877.768 2520.87 79.2596 -26.9377 2397.7 127.433 -484.887 2419.07 0 0 0 140.374 -925.909 2534.83
9810560 -4.73656 583.401 2436.87 -14.6131 354.264 2433.9 -12.7848 158.897 2417.77 0 0 0 0 0 0 -177.175 351.924 2443.81 -186.333 -38.2178 2358.86 0 0 0 -173.674 -158.378 2252.83 0 0 0 0 0 0 147.949 356.603 2423.99 191.908 -32.8828 2366.08 0 0 0 184.976 -154.996 2284.57 0 0 0 -106.199 -37.8403 2407.45 -135.382 -486.759 2418.09 0 0 0 -121.696 -900.628 2501.83 84.2863 -35.0993 2395.84 132.979 -484.906 2431.47 0 0 0 141.788 -917.848 2538.29
9870782 -10.1862 588.835 2418.67 -25.0118 341.314 2436.5 -19.4866 142.499 2413.87 0 0 0 0 0 0 -192.565 336.349 2439.22 -199.046 53.2803 2390.29 0 0 0 -180.696 -174.733 2216.4 0 0 0 0 0 0 142.542 346.279 2433.79 169.432 62.0794 2401.06 0 0 0 160.241 -185.56 2255.61 0 0 0 -112.101 -59.2249 2392.83 -142.628 -506.604 2405.04 0 0 0 -122.319 -928.76 2478.93 84.178 -53.4084 2389.65 135.099 -499.216 2429.6 0 0 0 140.22 -927.537 2534.45
9910668 -10.5764 585.193 2410.14 -21.1696 353.168 2430.8 -20.9457 151.561 2422.24 0 0 0 0 0 0 -191.085 353.195 2425.72 -197.041 68.5946 2386.59 0 0 0 -182.2 -170.324 2227.65 0 0 0 0 0 0 148.746 353.142 2435.87 171.113 67.8185 2410.29 0 0 0 165.305 -187.15 2277.92 0 0 0 -120.075 -50.0308 2410.72 -146.46 -500.105 2436.25 0 0 0 -122.682 -926.595 2503.85 78.6313 -50.0621 2416.66 135.947 -494.891 2463.86 0 0 0 137.965 -922.076 2562.63
9970661 -10.9526 578.695 2405.86 -19.526 355.259 2427.75 -22.0096 152.241 2426.26 0 0 0 0 0 0 -190.513 357.428 2417.18 -195.769 71.844 2385.91 0 0 0 -183.796 -176.032 2241.07 0 0 0 0 0 0 151.461 353.09 2438.32 169.882 67.0434 2418.26 0 0 0 166.671 -193.934 2298.08 0 0 0 -124.365 -49.5104 2418.6 -148.297 -497.85 2427.47 0 0 0 -119.536 -926.136 2492.89 75.3786 -52.0446 2430.94 140.088 -495.124 2455.93 0 0 0 142.012 -921.65 2552.07
10010775 -11.2339 578.656 2402.73 -18.9497 359.012 2424.78 -22.9195 155.281 2426.41 0 0 0 0 0 0 -190.531 362.254 2412.11 -195.049 76.039 2387.12 0 0 0 -185.413 -179.175 2255.45 0 0 0 0 0 0 152.632 355.77 2437.45 167.697 69.2594 2421.68 0 0 0 166.45 -196.634 2312.76 0 0 0 -127.077 -46.5576 2420.64 -144.269 -494.254 2423.25 0 0 0 -121.261 -924.018 2486.95 73.2988 -50.3438 2435.43 140.161 -492.791 2449.91 0 0 0 144.175 -918.979 2544.68
10044145 -12.0538 583.106 2407.65 -19.1496 364.918 2424.95 -23.7988 160.801 2425.68 0 0 0 0 0 0 -191.054 368.785 2411.56 -194.868 82.1659 2391.59 0 0 0 -187.129 -179.047 2272.12 0 0 0 0 0 0 152.755 361.05 2438.34 165.011 74.2419 2425.9 0 0 0 165.227 -195.665 2327.34 0 0 0 -128.841 -41.0568 2418.59 -142.71 -488.425 2417.5 0 0 0 -122.462 -917.834 2487.16 71.9455 -45.5741 2434.23 142.366 -487.292 2444.45 0 0 0 143.452 -912.938 2540.29
10110883 -10.9166 583.758 2404.11 -18.4076 366.13 2422.62 -23.4828 161.838 2424.72 0 0 0 0 0 0 -190.478 370.264 2408.92 -193.656 83.3858 2392.96 0 0 0 -187.457 -182.722 2284.74 0 0 0 0 0 0 153.663 361.996 2436.33 163.596 74.9964 2426.5 0 0 0 164.877 -198.182 2337.42 0 0 0 -129.062 -40.0396 2418.8 -138.209 -487.294 2420.71 0 0 0 -124.476 -917.586 2487.73 71.9458 -44.8691 2434.81 144.684 -486.008 2447.87 0 0 0 143.857 -912.396 2539.55
10144252 -10.4725 582.999 2402.85 -17.1977 365.506 2420.3 -22.3365 161.11 2422.12 0 0 0 0 0 0 -189.302 369.704 2405.84 -191.926 82.6597 2393.09 0 0 0 -186.971 -187.437 2295.17 0 0 0 0 0 0 154.906 361.307 2434.77 162.934 74.1855 2426.98 0 0 0 164.968 -201.657 2346.54 0 0 0 -128.007 -40.8331 2415.49 -134.375 -488.042 2414.83 0 0 0 -123.256 -918.521 2482.11 73.0565 -45.738 2432.39 143.802 -487.153 2445.25 0 0 0 144.168 -914.135 2533.77
10203712 -9.98575 585.38 2408.72 -15.6267 369.142 2420.66 -19.2827 164.682 2419.69 0 0 0 0 0 0 -187.697 372.293 2405.06 -189.848 85.1427 2394.86 0 0 0 -185.898 -188.2 2306.36 0 0 0 0 0 0 156.444 365.991 2436.27 162.917 78.7914 2430.09 0 0 0 165.462 -199.218 2357.51 0 0 0 -123.457 -37.9373 2409.6 -128.638 -485.1 2412.79 0 0 0 -122.02 -915.751 2479.96 77.5798 -41.6187 2427.84 147.277 -483.157 2441.36 0 0 0 148.785 -909.731 2531.68
10244360 -9.48403 587.422 2412.15 -13.9423 371.104 2420.28 -16.422 166.638 2416.66 0 0 0 0 0 0 -186.086 373.461 2405.06 -187.84 86.2424 2396.92 0 0 0 -184.7 -189.74 2316.99 0 0 0 0 0 0 158.202 368.746 2435.49 163.413 81.4961 2430.59 0 0 0 166.283 -198.275 2365.13 0 0 0 -119.461 -36.4498 2404.14 -128.206 -483.483 2410.87 0 0 0 -122.626 -913.77 2480.7 81.6576 -39.204 2421.92 146.907 -481.222 2439.62 0 0 0 149.029 -907.731 2530.18
10303591 -9.00966 588.465 2413.87 -13.3363 373.036 2420.12 -15.2619 168.585 2414.68 0 0 0 0 0 0 -185.545 375.049 2405.42 -186.969 87.7866 2398.91 0 0 0 -184.48 -190.341 2326.78 0 0 0 0 0 0 158.872 371.023 2434.81 163.061 83.7409 2430.9 0 0 0 166.114 -197.461 2371.91 0 0 0 -117.785 -34.6911 2400.65 -133.283 -481.216 2415.77 0 0 0 -122.091 -912.207 2480.13 83.41 -37.0426 2417.82 144.108 -479.537 2438.96 0 0 0 146.161 -905.317 2532.81
10336884 -9.08541 590.86 2414.72 -14.0873 375.241 2419.88 -15.8627 170.821 2412.92 0 0 0 0 0 0 -186.364 377.213 2405.93 -187.517 89.9229 2400.72 0 0 0 -185.552 -189.946 2335.66 0 0 0 0 0 0 158.19 373.269 2433.84 161.554 85.9663 2430.73 0 0 0 164.681 -196.396 2377.57 0 0 0 -118.277 -32.4464 2397.8 -137.112 -478.806 2415.33 0 0 0 -123.215 -909.594 2480.78 83.0007 -34.7502 2414.1 139.306 -477.802 2435.79 0 0 0 144.784 -903.131 2531.47
10377837 -8.74446 590.739 2415.65 -12.8715 375.312 2419.19 -14.6116 170.947 2410.62 0 0 0 0 0 0 -185.074 377.402 2404.33 -186.004 90.0939 2400.16 0 0 0 -184.459 -191.189 2341.5 0 0 0 0 0 0 159.331 373.223 2434.05 162.03 85.9065 2431.57 0 0 0 165.152 -197.399 2383.69 0 0 0 -116.948 -32.1973 2393.36 -133.234 -478.648 2412 0 0 0 -122.701 -909.322 2478.92 84.2443 -34.6387 2410.73 140.622 -477.872 2428.18 0 0 0 149.659 -900.869 2533.01
10411206 -7.23632 593.264 2416.12 -11.9536 377.291 2418.82 -13.6934 172.951 2409.49 0 0 0 0 0 0 -184.051 379.488 2402.81 -184.801 92.1686 2399.48 0 0 0 -183.591 -190.261 2346.6 0 0 0 0 0 0 160.144 375.094 2434.84 162.309 87.7697 2432.86 0 0 0 165.367 -196.3 2389.74 0 0 0 -115.969 -30.1048 2390.8 -130.603 -476.644 2409.25 0 0 0 -124.064 -906.594 2481.01 85.1023 -32.6715 2409.51 140.653 -476.003 2427.64 0 0 0 148.869 -898.116 2536.23
10477945 -6.60865 592.95 2416.35 -11.2894 376.998 2418.08 -13.3301 172.715 2407.61 0 0 0 0 0 0 -183.294 379.585 2401.15 -183.898 92.2583 2398.48 0 0 0 -182.955 -191.102 2350.84 0 0 0 0 0 0 160.715 374.411 2435.02 162.451 87.0816 2433.44 0 0 0 165.405 -197.608 2394.62 0 0 0 -115.851 -30.0578 2387.24 -133.783 -476.492 2405.4 0 0 0 -123.76 -905.37 2482.84 85.1096 -33.0799 2407.02 139.523 -476.496 2426.67 0 0 0 147.696 -899.945 2529.96
10536642 -5.75448 593.948 2415.97 -10.4292 377.716 2417.44 -12.8295 173.439 2406.82 0 0 0 0 0 0 -182.432 380.617 2400.5 -182.917 93.2861 2398.37 0 0 0 -182.188 -190.829 2355.45 0 0 0 0 0 0 161.573 374.815 2434.38 162.964 87.4813 2433.11 0 0 0 165.785 -197.711 2398.16 0 0 0 -115.707 -29.1421 2386.31 -134.705 -475.057 2412.71 0 0 0 -120.978 -905.936 2476.02 85.2477 -32.5317 2406.1 139.425 -476.038 2424.45 0 0 0 144.368 -899.023 2529.91
10578053 -5.3458 593.487 2416.28 -9.48776 377.569 2416.97 -12.0943 173.332 2405.65 0 0 0 0 0 0 -181.505 380.693 2400.21 -181.895 93.3591 2398.5 0 0 0 -181.335 -191.367 2359.84 0 0 0 0 0 0 162.53 374.444 2433.73 163.643 87.1087 2432.72 0 0 0 166.314 -198.491 2401.26 0 0 0 -115.188 -29.0802 2384.53 -133.828 -475.318 2405.29 0 0 0 -122.492 -904.481 2479.72 85.7862 -32.7306 2404.12 140.762 -476.222 2420.32 0 0 0 145.399 -898.473 2528.76
10636521 -5.51373 592.768 2416.43 -9.60306 377.183 2416.53 -12.1058 172.943 2405.22 0 0 0 0 0 0 -181.766 380.133 2401.37 -182.078 92.7966 2400.01 0 0 0 -181.653 -192.426 2365.2 0 0 0 0 0 0 162.559 374.234 2431.69 163.451 86.8975 2430.89 0 0 0 165.962 -199.032 2402.57 0 0 0 -115.185 -29.5751 2385.05 -132.298 -476.125 2398.94 0 0 0 -125.113 -902.349 2488.43 85.968 -33.0208 2402.77 138.68 -476.841 2417.31 0 0 0 146.886 -897.441 2531.63
10669814 -4.92598 592.391 2416.51 -9.04217 376.574 2416.09 -11.4862 172.333 2404.75 0 0 0 0 0 0 -181.268 379.438 2401.61 -181.518 92.1011 2400.52 0 0 0 -181.199 -193.523 2369.17 0 0 0 0 0 0 163.183 373.709 2430.57 163.897 86.3714 2429.93 0 0 0 166.243 -199.826 2404.44 0 0 0 -114.538 -30.2347 2384.96 -132.059 -476.781 2399.93 0 0 0 -124.618 -904.063 2485.22 86.6775 -33.5815 2401.88 140.642 -477.091 2420.36 0 0 0 146.794 -898.943 2530.15
10711530 -5.16257 590.489 2408.54 -9.04297 374.929 2413.12 -11.5447 170.557 2405.16 0 0 0 0 0 0 -181.13 377.659 2397.1 -181.331 90.321 2396.22 0 0 0 -181.095 -195.629 2368 0 0 0 0 0 0 163.044 372.199 2429.14 163.616 84.8611 2428.62 0 0 0 165.797 -201.553 2405.68 0 0 0 -114.577 -32.2209 2387.85 -131.184 -478.73 2405.29 0 0 0 -126.506 -905.927 2491.75 86.4844 -35.4104 2406.57 139.788 -478.976 2425.91 0 0 0 147.142 -900.245 2537.94
10769693 -4.67287 590.587 2413.06 -8.88396 374.857 2413.67 -12.345 170.586 2403.68 0 0 0 0 0 0 -181.019 378.522 2398.36 -181.18 91.1838 2397.66 0 0 0 -181.009 -195.03 2372.25 0 0 0 0 0 0 163.251 371.192 2428.98 163.709 83.8535 2428.56 0 0 0 165.729 -202.736 2407.92 0 0 0 -116.362 -31.5436 2384.75 -136.234 -477.956 2401.29 0 0 0 -126.431 -905.974 2483.2 84.7502 -35.8256 2402.63 139.077 -479.418 2417.74 0 0 0 146.403 -899.794 2533.1
10811637 -4.57859 590.055 2407.33 -9.69063 374.543 2412.28 -13.4824 170.168 2405.03 0 0 0 0 0 0 -181.998 378.205 2399.17 -182.127 90.8664 2398.61 0 0 0 -182.006 -195.561 2375.73 0 0 0 0 0 0 162.616 370.882 2425.39 162.983 83.5428 2425.06 0 0 0 164.846 -203.189 2406.48 0 0 0 -117.937 -32.0681 2390.12 -134.064 -478.538 2408.86 0 0 0 -127.33 -906.22 2493.03 83.3883 -36.3465 2405.44 137.902 -479.498 2428.75 0 0 0 146.264 -901.305 2538.61
10869572 -4.01482 590.967 2403.95 -9.28454 375.342 2411.14 -13.2943 170.904 2405.88 0 0 0 0 0 0 -181.687 379.028 2399.3 -181.791 91.6888 2398.85 0 0 0 -181.71 -194.912 2378.26 0 0 0 0 0 0 163.118 371.656 2422.98 163.412 84.3165 2422.72 0 0 0 165.125 -202.531 2406 0 0 0 -118.014 -31.3814 2393.71 -130.139 -478.126 2407.75 0 0 0 -128.042 -905.892 2491.81 83.4063 -35.688 2407.54 140.577 -478.701 2427.29 0 0 0 147.467 -899.445 2541.27
10911745 -5.12592 589.75 2394.77 -10.5027 374.184 2409.01 -14.4588 169.707 2407.7 0 0 0 0 0 0 -182.939 377.594 2397.49 -183.022 90.255 2397.13 0 0 0 -182.971 -196.486 2378.6 0 0 0 0 0 0 161.934 370.774 2420.53 162.169 83.4349 2420.32 0 0 0 163.741 -203.506 2405.27 0 0 0 -119.144 -32.7788 2399.66 -134.064 -479.513 2411.73 0 0 0 -126.575 -907.16 2496.08 82.3142 -36.7627 2413.12 139.533 -479.919 2429.78 0 0 0 146.834 -900.109 2545.84
10969451 -6.70912 588.824 2397.69 -13.9809 373.271 2409.62 -20.6979 168.88 2406.77 0 0 0 0 0 0 -186.434 379.076 2399.73 -186.501 91.7369 2399.44 0 0 0 -186.473 -195.118 2382.76 0 0 0 0 0 0 158.472 367.465 2419.51 158.66 80.1257 2419.35 0 0 0 160.099 -206.891 2405.81 0 0 0 -128.169 -32.1188 2398.14 -140.65 -479.024 2404.7 0 0 0 -135.968 -907.215 2486.53 73.3394 -38.9025 2409.7 131.798 -482.046 2421.56 0 0 0 139.088 -902.95 2535.03
11011853 -8.26131 590.886 2407.14 -14.3392 375.659 2413.65 -20.5478 171.313 2407.83 0 0 0 0 0 0 -186.651 381.242 2401.45 -186.704 93.9023 2401.23 0 0 0 -186.693 -193.044 2386.21 0 0 0 0 0 0 157.973 370.076 2425.84 158.123 82.737 2425.71 0 0 0 159.437 -204.341 2413.52 0 0 0 -127.417 -29.7726 2394.88 -131.678 -476.793 2401.04 0 0 0 -124.517 -904.848 2483.5 73.9044 -36.2951 2409.13 141.822 -477.922 2423.65 0 0 0 149.513 -898.335 2538.93
11069330 -9.4915 590.871 2411.86 -14.7279 376.039 2415.99 -20.0397 171.717 2408.28 0 0 0 0 0 0 -187.112 380.959 2404.36 -187.154 93.6198 2404.18 0 0 0 -187.156 -193.402 2390.66 0 0 0 0 0 0 157.656 371.12 2427.61 157.776 83.7804 2427.5 0 0 0 158.975 -203.347 2416.53 0 0 0 -126.046 -29.7316 2393.79 -133.294 -476.626 2405.11 0 0 0 -122.743 -905.346 2483.57 75.3432 -35.4791 2407.36 141.127 -477.365 2425.05 0 0 0 148.261 -899.225 2534.84
11111961 -10.4985 590.79 2406.72 -14.9665 376.622 2417.71 -19.1718 172.188 2413.68 0 0 0 0 0 0 -187.411 380.39 2406.5 -187.445 93.051 2406.35 0 0 0 -187.456 -194.031 2394.18 0 0 0 0 0 0 157.478 372.854 2428.92 157.574 85.5149 2428.83 0 0 0 158.666 -201.653 2418.97 0 0 0 -124.112 -30.0461 2403.11 -131.408 -476.959 2415.44 0 0 0 -125.149 -905.389 2495.9 77.3576 -34.4484 2416.21 142.222 -476.501 2434.15 0 0 0 147.49 -897.743 2546.43
11145330 -12.3448 590.553 2403.65 -16.0688 375.982 2417.99 -19.76 171.492 2415.7 0 0 0 0 0 0 -188.434 379.233 2405.46 -188.461 91.8937 2405.35 0 0 0 -188.479 -195.237 2394.4 0 0 0 0 0 0 156.296 372.731 2430.51 156.373 85.3912 2430.44 0 0 0 157.366 -201.809 2421.56 0 0 0 -124.142 -31.0991 2406.1 -135.157 -478.026 2411.14 0 0 0 -126.005 -906.747 2489.82 77.2394 -34.8977 2420.74 140.358 -477.403 2430.33 0 0 0 144.863 -898.382 2543.68
11202502 -12.9213 591.29 2410.12 -15.4046 376.076 2421.21 -17.9381 171.595 2416.97 0 0 0 0 0 0 -187.829 378.46 2409.28 -213.051 -14.0673 2366.52 0 0 0 -251.617 -128.247 2288.31 0 0 0 0 0 0 157.02 373.692 2433.15 157.081 86.3526 2433.09 0 0 0 157.983 -200.874 2425.1 0 0 0 -121.195 -31.494 2405.76 -128.761 -478.532 2406.1 0 0 0 -124.206 -907.152 2485.69 80.2522 -34.2791 2419.7 143.741 -476.835 2424.1 0 0 0 149.574 -897.706 2537.82
11245438 -16.0478 591.877 2413.35 -17.8186 376.787 2422.36 -19.4403 172.313 2417 0 0 0 0 0 0 -190.307 378.447 2411.24 -250.123 97.5091 2354.96 0 0 0 -349.141 0.102722 2205.84 0 0 0 0 0 0 154.67 375.127 2433.48 194.35 30.978 2391.7 0 0 0 239.309 -78.781 2310.63 0 0 0 -121.824 -31.1919 2405.15 -133.201 -478.174 2406.53 0 0 0 -126.749 -907.225 2483.69 79.7 -33.1309 2418.14 140.322 -475.994 2428.14 0 0 0 145.241 -899.236 2532.29
11302381 -16.8154 590.851 2415.97 -18.5884 376.101 2422.22 -19.9853 171.69 2414.82 0 0 0 0 0 0 -191.057 377.696 2410.73 -286.687 155.818 2347.44 0 0 0 -431.576 114.834 2170.55 0 0 0 0 0 0 153.88 374.506 2433.72 245.78 124.931 2370.67 0 0 0 354.948 38.1667 2207.36 0 0 0 -122.131 -31.79 2400.7 -132.156 -478.834 2401.21 0 0 0 -126.505 -907.575 2480.2 79.367 -33.6534 2414.12 142.173 -476.163 2427.07 0 0 0 144.443 -900.112 2528.58
11345545 -17.7507 590.084 2416.27 -18.722 375.413 2420.2 -19.9828 171.094 2410.59 0 0 0 0 0 0 -191.175 377.029 2408.46 -327.394 196.729 2332.61 0 0 0 -494.9 227.297 2152.62 0 0 0 0 0 0 153.731 373.797 2431.94 304.184 181.185 2349.44 0 0 0 452.185 167.759 2150.73 0 0 0 -121.985 -32.2817 2394.13 -133.717 -479.187 2401.42 0 0 0 -125.137 -908.114 2479.12 79.4978 -34.1697 2407.84 142.71 -476.588 2422.67 0 0 0 144.154 -900.146 2525.96
11402260 -17.8924 589.486 2416.43 -17.5288 375.054 2417.52 -18.0121 170.851 2405.68 0 0 0 0 0 0 -189.963 376.162 2405.44 -372.456 233.534 2313.22 0 0 0 -541.38 333.752 2142.33 0 0 0 0 0 0 154.905 373.946 2429.59 354.266 240.097 2337.74 0 0 0 512.381 301.495 2132.94 0 0 0 -119.227 -32.7047 2386.79 -131.366 -479.296 2403.26 0 0 0 -123.733 -909.177 2475.45 82.2359 -33.9993 2400.9 143.712 -476.439 2420.94 0 0 0 149.348 -898.374 2530.35
11435553 -17.4053 588.946 2416.51 -16.3379 375.144 2415.82 -16.6215 171.049 2402.18 0 0 0 0 0 0 -188.792 376.173 2404.01 -404.141 279.899 2302.03 0 0 0 -560.218 439.296 2147.7 0 0 0 0 0 0 156.116 374.115 2427.63 388.983 300.33 2332.82 0 0 0 536.572 423.682 2136.24 0 0 0 -117.647 -32.444 2381.63 -135.623 -478.402 2406.43 0 0 0 -121.442 -908.349 2477.05 83.8374 -33.6465 2395.43 142.105 -476.066 2422.98 0 0 0 147.989 -897.47 2534.57
11479022 -16.8082 590.402 2424.04 -16.8876 376.824 2414.27 -17.1158 173.234 2395.13 0 0 0 0 0 0 -189.288 378.194 2401.74 -422.478 444.214 2315.22 0 0 0 -462.169 711.704 2259.82 0 0 0 0 0 0 155.512 375.453 2426.79 400.608 362.112 2333.23 0 0 0 522.548 534.255 2152.12 0 0 0 -118.056 -29.5542 2368.68 -136.216 -475.28 2398.24 0 0 0 -124.106 -905.249 2469.32 83.3681 -31.1552 2383.32 139.457 -473.274 2418.72 0 0 0 146.358 -896.422 2523.27
11535432 -17.1086 590.226 2420.31 -19.0068 376.615 2410.39 -19.3688 172.999 2391.1 0 0 0 0 0 0 -191.171 378.358 2395.22 -414.073 477.449 2314.38 0 0 0 -425.686 753.74 2270.75 0 0 0 0 0 0 153.158 374.872 2425.56 361.124 531.31 2353.85 0 0 0 357.512 788.072 2240.77 0 0 0 -120.316 -29.5992 2362.94 -137.203 -474.765 2400.42 0 0 0 -127.219 -903.846 2476.88 80.8543 -31.6361 2380.67 136.077 -472.522 2428.9 0 0 0 144.241 -896.393 2530.52
11579130 -16.6721 588.876 2417.95 -18.8297 376.423 2406.96 -18.5641 172.862 2386.89 0 0 0 0 0 0 -190.842 377.86 2390.1 -398.45 516.072 2311.63 0 0 0 -372.066 794.223 2288.03 0 0 0 0 0 0 153.183 374.986 2423.81 337.843 468.895 2383.06 0 0 0 323.306 731.314 2276.39 0 0 0 -118.782 -29.8589 2356.98 -133.817 -474.465 2401.35 0 0 0 -124.625 -903.595 2477.8 82.1852 -31.5378 2376.67 138.569 -472.068 2427.78 0 0 0 147.308 -896.035 2529.07
11635311 -17.9176 589.36 2425.29 -19.2835 378.169 2407.17 -17.0189 175.092 2383.11 0 0 0 0 0 0 -190.834 378.717 2386.4 -380.12 544.681 2309.65 0 0 0 -328.966 822.32 2298.3 0 0 0 0 0 0 152.267 377.62 2427.95 307.967 486.486 2390.04 0 0 0 294.78 726.723 2288.66 0 0 0 -114.991 -27.665 2346.91 -134.576 -471.613 2395.98 0 0 0 -120.119 -900.608 2472.28 85.4828 -28.3057 2371.19 139.5 -469.08 2423.27 0 0 0 148.546 -892.786 2525.67
11679238 -17.7727 589.849 2428.96 -17.6486 379.147 2407.35 -12.7525 176.393 2381.05 0 0 0 0 0 0 -188.761 378.133 2383.31 -357.708 573.66 2304.41 0 0 0 -263.233 837.654 2313.74 0 0 0 0 0 0 153.464 380.162 2431.38 285.359 549.681 2361.19 0 0 0 228.27 801.827 2284.8 0 0 0 -107.821 -26.9546 2340.72 -130.614 -469.476 2399.66 0 0 0 -117.319 -898.782 2474.53 92.1084 -25.7689 2368.8 143.974 -466.037 2426.92 0 0 0 151.512 -889.432 2530.74
11735190 -18.2613 589.654 2430.77 -16.151 379.56 2406.2 -10.5885 176.947 2378.77 0 0 0 0 0 0 -187.247 378.161 2381.83 -344.73 591.742 2299.42 0 0 0 -218.993 841.775 2327.46 0 0 0 0 0 0 154.945 380.959 2430.57 269.614 584.261 2344.78 0 0 0 168.954 833.956 2294.03 0 0 0 -104.957 -26.4835 2337.11 -133.079 -468.857 2395.3 0 0 0 -121.58 -896.396 2479.46 94.9045 -24.8495 2365.58 136.956 -465.682 2426.68 0 0 0 147.817 -889.25 2529.47
11779346 -18.9578 588.368 2432.68 -15.6163 379.566 2405.43 -9.6652 177.016 2377.5 0 0 0 0 0 0 -186.818 377.803 2381.73 -330.884 603.31 2294.61 0 0 0 -174.973 834.299 2336.08 0 0 0 0 0 0 155.586 381.328 2429.13 257.831 603.952 2330.59 0 0 0 113.119 836.607 2315.74 0 0 0 -103.717 -26.5626 2335.73 -136.228 -468.334 2396.39 0 0 0 -122.986 -895.272 2483.53 96.2885 -24.5041 2363.41 135.008 -465.475 2426.17 0 0 0 146.265 -888.79 2529.99
11835069 -20.1157 588.497 2432.63 -15.5444 379.846 2405.35 -9.43864 177.337 2377.1 0 0 0 0 0 0 -186.955 377.764 2383.23 -317.42 614.34 2290.88 0 0 0 -143.174 830.984 2345.35 0 0 0 0 0 0 155.867 381.928 2427.48 245.61 617.745 2323.99 0 0 0 74.1806 837.257 2329.92 0 0 0 -103.465 -26.389 2335.93 -136.197 -467.267 2402.68 0 0 0 -124.635 -895.347 2484.27 96.7996 -23.9565 2361.78 135.532 -464.839 2425.48 0 0 0 145.087 -888.619 2527.54
11868362 -19.8842 590.079 2432.11 -15.6621 380.974 2405.24 -9.92045 178.339 2377.81 0 0 0 0 0 0 -187.326 378.821 2385.22 -307.665 620.556 2290.16 0 0 0 -118.887 826.701 2344.56 0 0 0 0 0 0 156.001 383.128 2425.27 236.829 627.795 2322.59 0 0 0 48.4927 837.099 2339.71 0 0 0 -104.463 -25.5538 2338.68 -137.371 -465.969 2408.55 0 0 0 -125.283 -895.127 2484.15 96.1049 -23.0379 2362.07 134.351 -463.741 2427.44 0 0 0 145.122 -886.456 2533.65
11912823 -21.8133 588.527 2434.84 -17.4499 381.125 2406.92 -12.1441 178.44 2379.74 0 0 0 0 0 0 -189.279 379.122 2388.3 -297.736 624.592 2287.93 0 0 0 -103.951 825.702 2349.05 0 0 0 0 0 0 154.379 383.127 2425.53 232.277 634.257 2321.49 0 0 0 32.5106 832.754 2356.18 0 0 0 -107.213 -25.4136 2341.69 -137.904 -466.666 2407.14 0 0 0 -128.311 -895.425 2485.46 93.5367 -23.074 2363.43 130.895 -464.27 2425.95 0 0 0 142.937 -885.589 2537.35
11968241 -22.0086 589.486 2433.71 -19.0786 381.231 2407.14 -14.691 178.38 2381.09 0 0 0 0 0 0 -190.962 379.853 2388.91 -290.966 626.117 2287.99 0 0 0 -96.7614 827.597 2349.94 0 0 0 0 0 0 152.805 382.609 2425.36 232.165 636.51 2319.36 0 0 0 25.8655 830.018 2357.48 0 0 0 -110.709 -25.2768 2344.4 -138.068 -467.125 2407.31 0 0 0 -130.582 -896.018 2485.25 90.1022 -23.667 2365.69 130.264 -465.24 2423.47 0 0 0 142.802 -885.635 2538.3
12012930 -22.8785 589.468 2433.15 -20.8447 381.126 2408.41 -16.9923 178.202 2382.84 0 0 0 0 0 0 -192.787 380.096 2390.68 -285.634 629.434 2291.46 0 0 0 -91.2097 831.368 2352.92 0 0 0 0 0 0 151.097 382.157 2426.13 232.304 636.903 2319.61 0 0 0 23.5351 828.316 2361.59 0 0 0 -113.581 -25.3249 2346.91 -139.473 -468.039 2403.95 0 0 0 -128.654 -895.864 2487.05 87.3018 -24.121 2367.62 130.763 -465.194 2426.86 0 0 0 145.064 -887.071 2535.8
12068120 -24.1507 589.142 2433.87 -22.1691 381.098 2409.1 -18.2346 178.209 2383.23 0 0 0 0 0 0 -194.173 379.945 2391.98 -282.094 631.527 2293.97 0 0 0 -87.185 834.066 2352.61 0 0 0 0 0 0 149.835 382.251 2426.22 233.197 636.901 2320.5 0 0 0 22.1287 825.962 2364.83 0 0 0 -114.779 -25.3527 2347.37 -143.262 -468.307 2401.34 0 0 0 -124.554 -895.908 2483.97 86.1791 -24.0055 2367.37 132.952 -464.899 2425.46 0 0 0 145.115 -887.446 2532.12
12113038 -23.7349 588.203 2433.23 -23.3418 380.436 2409.11 -20.4746 177.522 2383.32 0 0 0 0 0 0 -195.417 380.091 2392.69 -283.717 633.721 2296.51 0 0 0 -83.3948 831.653 2352.58 0 0 0 0 0 0 148.733 380.78 2425.53 236.259 638.122 2320.24 0 0 0 22.3286 824.452 2363.94 0 0 0 -118.13 -25.5938 2347.93 -143.929 -468.97 2399.86 0 0 0 -128.553 -896.503 2483.71 82.9148 -25.1914 2367.12 132.614 -465.589 2426.56 0 0 0 143.488 -888.703 2531.15
12167999 -23.631 589.683 2440.41 -23.5455 381.212 2411.1 -21.2168 178.894 2381.22 0 0 0 0 0 0 -195.648 381.614 2394.97 -283.154 633.856 2296.58 0 0 0 -82.6582 830.913 2355.48 0 0 0 0 0 0 148.557 380.81 2427.23 241.949 634.305 2320.5 0 0 0 27.5769 821.689 2357.44 0 0 0 -119.425 -23.1896 2341.91 -139.93 -466.945 2392.83 0 0 0 -125.582 -894.254 2478.15 81.6493 -23.6591 2360.76 132.971 -463.537 2422.65 0 0 0 145.749 -886.779 2526.55
12213146 -23.7483 588.534 2436 -24.0622 380.399 2410.37 -22.0158 177.727 2382.9 0 0 0 0 0 0 -196.123 380.909 2393.78 -286.157 634.713 2297.17 0 0 0 -80.0426 826.678 2353.12 0 0 0 0 0 0 147.999 379.888 2426.95 239.319 633.884 2320.93 0 0 0 25.7113 822.95 2354.2 0 0 0 -120.482 -24.6457 2345.75 -137.552 -467.552 2404.3 0 0 0 -126.493 -895.219 2488.32 80.5429 -25.2419 2365.13 133.859 -464.299 2430.96 0 0 0 146.248 -885.673 2542.03
12267878 -24.5496 591.018 2442.29 -24.7886 382.287 2412.67 -23.3133 179.86 2383.36 0 0 0 0 0 0 -196.753 383.566 2395.18 -285.21 633.081 2293.42 0 0 0 -82.0222 826.841 2353.87 0 0 0 0 0 0 147.176 381.008 2430.16 241.091 630.738 2321.57 0 0 0 28.8461 821.851 2352.19 0 0 0 -122.297 -21.82 2343.84 -138.588 -464.931 2401.43 0 0 0 -126.811 -893.61 2479.91 78.6207 -23.3145 2364.27 132.861 -462.526 2428.39 0 0 0 144.318 -885.294 2534.13
12313254 -24.3629 592.85 2444.93 -25.5975 383.788 2413.31 -25.557 181.463 2383.22 0 0 0 0 0 0 -197.583 386.302 2396.18 -285.573 632.632 2295.86 0 0 0 -80.0564 825.706 2350.33 0 0 0 0 0 0 146.388 381.274 2430.45 238.83 630.65 2323.16 0 0 0 30.1192 826.118 2350.06 0 0 0 -125.987 -19.3938 2343.12 -138.969 -462.703 2400.14 0 0 0 -130.513 -890.652 2482.88 74.9537 -22.3309 2363.14 131.029 -461.172 2428.24 0 0 0 142.439 -884.501 2531.85
12367757 -25.0922 593.382 2447.24 -26.101 384.228 2414.93 -26.4191 181.992 2384.2 0 0 0 0 0 0 -198.169 386.969 2398.68 -285.235 634.313 2296.71 0 0 0 -77.5076 825.663 2349.11 0 0 0 0 0 0 145.968 381.487 2431.18 238.687 629.531 2324.42 0 0 0 29.5121 825.015 2347.82 0 0 0 -127.254 -18.644 2343.96 -138.816 -461.843 2402.26 0 0 0 -125.856 -889.773 2484.54 73.7797 -21.8462 2362.95 133.473 -460.095 2428.77 0 0 0 144.811 -883.975 2530.18
12413361 -25.2633 593.762 2447.37 -25.8111 384.877 2415.04 -26.1224 182.693 2383.92 0 0 0 0 0 0 -197.967 387.501 2399.71 -284.373 633.146 2294.84 0 0 0 -78.2396 825.483 2350 0 0 0 0 0 0 146.344 382.252 2430.37 241.137 628.966 2325.21 0 0 0 30.044 822.449 2348.36 0 0 0 -127.002 -17.9585 2343.85 -135.207 -461.48 2400.2 0 0 0 -127.249 -889.479 2482.74 74.1346 -21.0247 2361.76 134.771 -459.703 2423.71 0 0 0 146.195 -881.243 2534.09
12467636 -25.1238 593.174 2447.97 -25.5316 385.088 2415.86 -25.4895 182.88 2384.89 0 0 0 0 0 0 -197.69 387.408 2400.49 -283.407 634.041 2293.71 0 0 0 -77.8094 826.008 2352.12 0 0 0 0 0 0 146.627 382.768 2431.24 243.288 627.759 2324.93 0 0 0 31.7477 820.965 2346.55 0 0 0 -126.016 -17.9736 2344.93 -134.919 -461.03 2404.72 0 0 0 -124.828 -889.907 2482.29 75.1214 -20.6839 2362.89 133.509 -459.358 2427.02 0 0 0 147.736 -881.79 2533.72
12500929 -24.5392 591.808 2448.78 -25.4958 384.194 2415.78 -25.5228 182.117 2383.96 0 0 0 0 0 0 -197.667 386.615 2400.55 -284.546 632.964 2292.91 0 0 0 -78.2901 824.684 2349.9 0 0 0 0 0 0 146.676 381.773 2431.01 238.504 627.869 2326.63 0 0 0 30.0491 824.324 2348.69 0 0 0 -126.127 -18.5468 2343.25 -137.944 -461.719 2401.68 0 0 0 -124.94 -890.646 2478.66 75.0272 -21.3754 2361.04 132.036 -460.453 2423.68 0 0 0 144.177 -883.926 2526.52
12546838 -24.2739 589.603 2440.2 -25.8138 381.469 2413.27 -26.3735 178.747 2386.29 0 0 0 0 0 0 -197.964 384.002 2397.81 -285.796 632.431 2292.66 0 0 0 -80.1698 825.506 2347.31 0 0 0 0 0 0 146.336 378.937 2428.73 237.805 628.556 2326.23 0 0 0 28.1348 823.308 2351.6 0 0 0 -127.498 -22.4957 2350.28 -137.129 -465.473 2410.59 0 0 0 -127.417 -894.413 2488.02 73.6319 -25.4544 2368.34 130.744 -463.593 2436.95 0 0 0 142.869 -887.879 2536.47
12600808 -24.3948 592.642 2444.39 -26.0231 383.417 2415.66 -25.7549 180.888 2387.1 0 0 0 0 0 0 -198.184 385.363 2400.24 -283.95 632.472 2292.81 0 0 0 -78.9559 825.807 2348.96 0 0 0 0 0 0 146.137 381.471 2431.08 235.153 628.807 2327.92 0 0 0 26.476 824.816 2351.98 0 0 0 -126.058 -20.5048 2349.54 -131.48 -464.239 2404.21 0 0 0 -126.671 -893.266 2481.56 75.0852 -22.7785 2367.55 135.279 -461.285 2430.86 0 0 0 145.734 -885.906 2529.21
12646946 -25.7812 593.507 2447.48 -25.5865 384.528 2416.78 -23.709 182.169 2387.03 0 0 0 0 0 0 -197.732 385.231 2401.13 -285.945 630.838 2292.36 0 0 0 -80.5997 823.708 2348.86 0 0 0 0 0 0 146.559 383.824 2432.43 237.218 629.999 2328.51 0 0 0 26.3557 824.119 2348 0 0 0 -122.396 -19.7788 2348.14 -131.268 -463.648 2401.4 0 0 0 -122.917 -892.301 2480.53 78.7335 -20.6007 2366.43 136.493 -459.562 2429.03 0 0 0 149.889 -883.316 2530.67
12700687 -26.7634 595.074 2456.53 -25.9215 386.434 2419.37 -23.1186 184.584 2386.49 0 0 0 0 0 0 -197.915 386.849 2402.16 -289.172 630.634 2290.26 0 0 0 -81.7194 820.65 2348.59 0 0 0 0 0 0 146.072 386.019 2436.57 238.88 629.367 2324.51 0 0 0 27.6657 822.284 2350.45 0 0 0 -120.792 -17.024 2343.55 -132.637 -460.861 2396.62 0 0 0 -125.19 -889.245 2477.37 80.1608 -17.5084 2363.66 133.289 -456.796 2428 0 0 0 146.868 -880.525 2529.8
12747054 -25.6732 596.692 2460.55 -24.6049 387.501 2421.88 -21.0433 185.805 2388.04 0 0 0 0 0 0 -196.437 387.609 2403.15 -287.941 630.425 2287.18 0 0 0 -80.1535 819.341 2347.86 0 0 0 0 0 0 147.228 387.393 2440.61 244.198 629.045 2323.02 0 0 0 29.8226 818.725 2346.94 0 0 0 -117.863 -15.828 2343.26 -132.393 -459.616 2396.15 0 0 0 -123.348 -886.807 2482.67 82.8994 -15.9544 2365.14 134.735 -455.262 2430.53 0 0 0 148.007 -878.816 2533.13
12800566 -26.2106 595.3 2462.57 -23.7514 387.43 2423.05 -19.4548 185.864 2388.47 0 0 0 0 0 0 -195.526 387.078 2403.76 -288.721 628.919 2284.73 0 0 0 -79.6327 815.211 2348.87 0 0 0 0 0 0 148.023 387.783 2442.34 246.059 627.873 2322.92 0 0 0 31.1181 817.291 2344.12 0 0 0 -115.502 -15.9079 2342.62 -133.252 -459.175 2398.71 0 0 0 -123.797 -887.416 2479.79 85.1853 -15.4962 2365.16 133.068 -455.45 2429.17 0 0 0 146.886 -879.361 2530.21
12847162 -25.845 594.93 2464.07 -23.4556 387.629 2423.79 -18.9907 186.083 2389.08 0 0 0 0 0 0 -195.205 387.191 2404.25 -291.817 629.003 2283.48 0 0 0 -79.2762 811.563 2346.89 0 0 0 0 0 0 148.294 388.068 2443.33 245.698 624.568 2319.23 0 0 0 33.2605 816.492 2342.95 0 0 0 -114.855 -15.72 2342.94 -136.873 -458.566 2400.77 0 0 0 -125.133 -886.788 2481.8 85.8035 -15.2074 2365.77 131.419 -455.412 2429.78 0 0 0 144.837 -879.568 2529.87
12900445 -26.6669 595.055 2464.82 -24.0954 387.628 2424.31 -19.9445 186.047 2389.73 0 0 0 0 0 0 -195.733 387.609 2403.81 -291.493 627.432 2280.33 0 0 0 -78.8601 809.903 2343.85 0 0 0 0 0 0 147.542 387.647 2444.8 245.439 624.306 2322.11 0 0 0 32.4927 816.102 2342.09 0 0 0 -116.06 -15.5446 2343.18 -136.685 -458.166 2403.3 0 0 0 -128.641 -887.245 2480.02 84.4731 -15.5226 2367.13 129.057 -456.51 2426.16 0 0 0 146.084 -878.037 2535.8
12947269 -26.6736 594.412 2456.7 -24.8611 386.73 2422.99 -20.9606 184.643 2391.63 0 0 0 0 0 0 -196.451 386.663 2402.08 -291.903 628.953 2284.43 0 0 0 -76.0372 809.138 2343.18 0 0 0 0 0 0 146.729 386.798 2443.89 244.121 624.157 2322.32 0 0 0 30.7644 815.471 2342.93 0 0 0 -117.297 -17.4839 2348.06 -135.92 -460.49 2405.99 0 0 0 -129.211 -889.23 2484.82 83.177 -17.4046 2372.49 130.555 -458.013 2432.25 0 0 0 144.243 -880.488 2538.83
13000324 -26.0781 592.541 2453.14 -25.4109 384.633 2421.53 -23.5664 182.395 2390.94 0 0 0 0 0 0 -197.025 386.183 2400.92 -293.477 629.281 2285.86 0 0 0 -75.2174 808.324 2338.83 0 0 0 0 0 0 146.203 383.082 2442.13 244.155 623.88 2323 0 0 0 30.6086 815.053 2343.15 0 0 0 -121.978 -18.9365 2348.32 -140.898 -461.947 2406.22 0 0 0 -131.126 -891.495 2480.05 78.5338 -20.7478 2372.39 126.057 -461.751 2429.08 0 0 0 141.185 -884.031 2536.41
13047377 -26.5951 592.644 2458.85 -25.6642 384.621 2422.53 -23.8222 183.02 2388.13 0 0 0 0 0 0 -197.269 386.58 2401.85 -290.613 629.52 2286.83 0 0 0 -72.7197 809.971 2336.62 0 0 0 0 0 0 145.941 382.661 2443.2 244.215 622.697 2323.76 0 0 0 31.0664 814.703 2339.17 0 0 0 -122.225 -17.4354 2341.66 -136.799 -460.852 2397.51 0 0 0 -126.09 -889.837 2474.52 78.2643 -19.7247 2365.82 132.167 -459.414 2426.45 0 0 0 144.215 -883.293 2527.55
13100203 -26.2426 591.172 2462.72 -25.1447 384.361 2423.9 -23.1796 182.798 2389.15 0 0 0 0 0 0 -196.794 386.193 2403.57 -288.345 629.589 2288.15 0 0 0 -71.0305 811.45 2335.41 0 0 0 0 0 0 146.505 382.528 2444.24 244.365 622.146 2323.93 0 0 0 31.6582 814.726 2338.68 0 0 0 -121.486 -17.6937 2342.52 -136.031 -459.804 2407.39 0 0 0 -124.934 -889.55 2479.96 79.0571 -19.8345 2366.28 134.145 -458.424 2433.39 0 0 0 145.383 -883.202 2530.84
13147485 -25.8579 593.376 2464.13 -24.3437 385.674 2425.08 -22.3224 184.059 2390.57 0 0 0 0 0 0 -196.002 387.424 2404.81 -287.236 628.969 2284.04 0 0 0 -71.6624 811.673 2335.74 0 0 0 0 0 0 147.315 383.925 2445.36 244.117 621.996 2324.49 0 0 0 30.5533 813.709 2338.32 0 0 0 -120.579 -16.5339 2344.21 -133.564 -459.133 2406.31 0 0 0 -126.377 -888.762 2480.08 79.9764 -18.5782 2367.9 132.172 -457.794 2433.42 0 0 0 145.684 -881.966 2533.26
13200082 -26.0083 592.281 2465.85 -24.3827 385.328 2425.85 -22.0076 183.765 2391.02 0 0 0 0 0 0 -196.053 386.797 2405.64 -288.48 629.369 2286.29 0 0 0 -71.1166 811.237 2333.13 0 0 0 0 0 0 147.287 383.86 2446.05 244.3 621.951 2323.25 0 0 0 30.9026 813.903 2336.46 0 0 0 -119.917 -16.941 2344.39 -135.005 -459.769 2404.53 0 0 0 -126.398 -889.26 2479.04 80.6521 -18.6565 2368 129.229 -458.903 2429.18 0 0 0 150.36 -881.277 2534.78
13233375 -25.5902 592.553 2465.21 -23.8374 385.034 2426.09 -21.0215 183.343 2392.03 0 0 0 0 0 0 -195.59 385.931 2406.58 -288.602 626.764 2285.48 0 0 0 -73.3684 810.828 2333.69 0 0 0 0 0 0 147.915 384.136 2445.61 243.194 621.604 2323.62 0 0 0 29.8263 813.465 2338.51 0 0 0 -118.54 -17.823 2346.57 -133.131 -461.261 2402.14 0 0 0 -125.68 -889.802 2481.93 82.1285 -18.8711 2369.37 131.285 -459.258 2429.29 0 0 0 147.608 -882.157 2533.78
13299961 -25.5846 591.35 2465.9 -23.8569 384.612 2426.31 -20.7821 183.002 2391.79 0 0 0 0 0 0 -195.638 385.293 2407.04 -288.236 626.978 2283.32 0 0 0 -73.8691 810.917 2335.68 0 0 0 0 0 0 147.924 383.932 2445.58 244.266 622.179 2323.98 0 0 0 29.7128 812.751 2338.37 0 0 0 -118.057 -18.2106 2346.01 -134.839 -461.568 2401.74 0 0 0 -126.056 -890.536 2479.14 82.6419 -19.0056 2368.53 131.56 -459.213 2430.05 0 0 0 145.684 -883.672 2528.33
13347700 -26.0677 590.246 2456.73 -24.2418 382.284 2424.4 -20.8842 180.049 2394.06 0 0 0 0 0 0 -196.104 382.211 2405.87 -288.001 625.121 2282.76 0 0 0 -75.3295 810.802 2335.98 0 0 0 0 0 0 147.62 382.358 2442.93 244.176 622.003 2322.69 0 0 0 29.2088 811.919 2339.3 0 0 0 -117.925 -22.2297 2352.9 -136.267 -464.754 2414.28 0 0 0 -125.885 -894.272 2488.36 82.8718 -22.1437 2374.56 133.436 -461.978 2437.44 0 0 0 146.21 -886.03 2537.82
13399840 -25.0155 589.93 2461.65 -24.0389 382.506 2426.05 -21.5842 180.548 2393.76 0 0 0 0 0 0 -195.974 383.264 2408.23 -287.894 625.617 2284.43 0 0 0 -74.035 811.005 2333.73 0 0 0 0 0 0 147.896 381.748 2443.86 244.747 621.456 2321.82 0 0 0 30.3894 811.871 2340.46 0 0 0 -119.57 -20.9662 2351.07 -136.537 -464.69 2402.84 0 0 0 -128.237 -893.735 2479.87 81.311 -21.8517 2371.88 131.323 -462.536 2428.71 0 0 0 144.726 -886.726 2528.55
13447808 -26.3008 587.409 2455.61 -24.7275 380.772 2424.14 -21.4766 178.472 2394.13 0 0 0 0 0 0 -196.705 380.59 2406.74 -287.322 626.248 2285.52 0 0 0 -73.3626 811.455 2335.21 0 0 0 0 0 0 147.25 380.953 2441.55 247.939 618.315 2324.8 0 0 0 33.3874 808.835 2339.37 0 0 0 -118.691 -23.9335 2353.96 -135.51 -466.96 2411.64 0 0 0 -124.725 -896.89 2483.07 82.2392 -23.7213 2374.29 134.081 -463.883 2433.59 0 0 0 147.301 -887.816 2534.59
13499719 -26.7679 589.116 2460.09 -24.6315 381.765 2425.64 -21.2633 179.699 2394.05 0 0 0 0 0 0 -196.772 381.342 2409.99 -289.886 625.265 2286.96 0 0 0 -74.5112 809.806 2332.75 0 0 0 0 0 0 147.509 382.188 2441.29 250.44 615.414 2322.96 0 0 0 36.5325 806.662 2337.8 0 0 0 -118.458 -22.614 2353.31 -137.75 -466.005 2407.58 0 0 0 -124.626 -895.044 2483.79 82.6681 -22.1198 2371.59 133.667 -462.585 2429.47 0 0 0 147.31 -886.708 2529.64
13533012 -26.4115 588.215 2454.35 -24.2838 380.225 2424.66 -20.6931 177.835 2395.25 0 0 0 0 0 0 -196.343 379.577 2408.12 -289.688 624.803 2287.41 0 0 0 -74.531 810.02 2331.58 0 0 0 0 0 0 147.776 380.874 2441.2 248.601 619.559 2324.26 0 0 0 32.9057 808.726 2339.8 0 0 0 -117.613 -24.9338 2356.18 -135.511 -468.748 2407.6 0 0 0 -125.308 -897.618 2485.3 83.4078 -24.1758 2375.5 133.483 -464.337 2436.4 0 0 0 145.616 -889.021 2534.35
13599598 -26.265 588.37 2459.44 -24.1342 381.105 2425.69 -21.0306 179.08 2393.84 0 0 0 0 0 0 -196.301 380.887 2410.3 -287.26 623.779 2286.53 0 0 0 -74.6084 812.046 2329.83 0 0 0 0 0 0 148.033 381.324 2441.08 248.199 620.29 2322.65 0 0 0 31.1956 807.708 2340.81 0 0 0 -118.502 -23.0736 2353 -139.02 -466.771 2404.6 0 0 0 -125.513 -896.494 2476.73 82.6484 -22.818 2370.99 132.769 -463.505 2427.86 0 0 0 145.968 -887.88 2527.02
13632891 -27.5682 587.566 2455.03 -25.0401 379.344 2424.37 -21.3423 177.144 2393.65 0 0 0 0 0 0 -197.126 378.669 2408.1 -286.471 625.174 2287.08 0 0 0 -73.7136 812.734 2332.91 0 0 0 0 0 0 147.046 380.019 2440.64 247.12 621.164 2323.26 0 0 0 30.223 808.908 2339.32 0 0 0 -118.172 -25.4494 2353.42 -137.306 -469.077 2406.24 0 0 0 -124.457 -898.395 2481.02 82.8827 -24.6608 2372.43 133.168 -464.626 2434.41 0 0 0 145.718 -889.54 2531.31
13681393 -27.206 589.851 2459.79 -24.3712 380.955 2425.58 -20.4286 179.045 2393.04 0 0 0 0 0 0 -196.411 380.301 2408.8 -292.316 623.38 2287.66 0 0 0 -76.9545 808.362 2331.69 0 0 0 0 0 0 147.668 381.609 2442.37 245.743 621.402 2325.46 0 0 0 30.8265 811.614 2338.41 0 0 0 -116.985 -23.2477 2350.69 -137.422 -466.791 2403.8 0 0 0 -122.727 -896.414 2476.53 84.0132 -22.4838 2370.31 132.983 -462.846 2430.62 0 0 0 147.702 -887.426 2528.67
13732770 -26.7582 589.275 2453.7 -25.0377 380.305 2424.29 -21.5523 177.938 2394.77 0 0 0 0 0 0 -197.03 379.864 2407.01 -291.146 625.347 2286.58 0 0 0 -75.0133 808.987 2332.49 0 0 0 0 0 0 146.955 380.746 2441.58 243.821 622.275 2324.33 0 0 0 28.997 812.475 2339.21 0 0 0 -118.539 -24.6876 2355.16 -140.22 -467.768 2411.47 0 0 0 -126.086 -897.366 2484.55 82.4055 -24.1724 2375.35 131.181 -464.577 2435.61 0 0 0 143.518 -887.935 2538.97
13781501 -26.7313 591.374 2459.12 -24.781 382.365 2425.47 -21.5588 180.3 2393.88 0 0 0 0 0 0 -196.775 382.324 2408.19 -291.565 625.408 2286.64 0 0 0 -75.6721 809.159 2333.32 0 0 0 0 0 0 147.213 382.406 2442.75 243.806 621.618 2323.49 0 0 0 28.8736 811.727 2338.26 0 0 0 -118.81 -21.7894 2352.2 -139.556 -465.686 2401.68 0 0 0 -124.746 -894.725 2477.82 82.137 -21.7416 2372.4 133.144 -462.431 2428.44 0 0 0 144.001 -885.781 2532.09
13832649 -26.1676 592.648 2461.85 -23.9367 384.369 2426.25 -20.8554 182.423 2393.82 0 0 0 0 0 0 -195.972 384.453 2409.37 -290.228 627.223 2286.1 0 0 0 -73.7837 810.235 2333.18 0 0 0 0 0 0 148.098 384.284 2443.12 243.967 622.494 2324.17 0 0 0 29.5014 813.322 2335.97 0 0 0 -118.272 -19.4729 2351.53 -141.258 -463.13 2402.36 0 0 0 -122.571 -891.999 2478.57 82.7239 -19.572 2371.25 135.546 -459.922 2428.36 0 0 0 144.54 -883.061 2533.08
13865942 -25.4396 590.696 2465.21 -24.071 383.904 2426.72 -21.5682 182.295 2392.23 0 0 0 0 0 0 -196.042 384.757 2409.25 -289.011 627.899 2285.58 0 0 0 -72.7542 810.753 2334.12 0 0 0 0 0 0 147.9 383.05 2444.19 243.717 623.327 2323.89 0 0 0 29.9228 814.78 2337.68 0 0 0 -119.528 -18.8148 2347.54 -140.634 -462.225 2401.31 0 0 0 -126.334 -891.47 2476.28 81.3967 -19.8122 2367.96 132.357 -460.116 2427.09 0 0 0 143.246 -884.023 2528.43
13932528 -25.666 593.379 2464.89 -24.1339 385.288 2426.37 -21.1192 183.641 2392.1 0 0 0 0 0 0 -195.912 385.986 2407.15 -288.168 628.44 2285.07 0 0 0 -72.7597 811.336 2337.01 0 0 0 0 0 0 147.644 384.591 2445.59 243.633 622.783 2324.88 0 0 0 30.0973 814.602 2337.73 0 0 0 -118.457 -17.5994 2346.61 -140.453 -460.363 2405.07 0 0 0 -122.296 -889.569 2479.43 82.2479 -18.4146 2369.07 133.697 -458.043 2432.55 0 0 0 145.92 -882.49 2531.47
13965821 -25.7488 594.306 2464.73 -23.8699 386.163 2426.3 -21.079 184.489 2392.14 0 0 0 0 0 0 -195.748 386.889 2407.97 -288.212 627.776 2285.43 0 0 0 -73.626 811.663 2337.32 0 0 0 0 0 0 148.008 385.436 2444.63 243.175 623.275 2326.08 0 0 0 29.671 815.214 2337.67 0 0 0 -118.693 -16.7613 2347.27 -141.629 -459.804 2403.31 0 0 0 -123.502 -888.288 2481.73 82.1167 -17.6098 2368.69 131.167 -458.108 2427.8 0 0 0 147.062 -880.957 2532.65
14032407 -24.9377 593.429 2464.66 -23.7285 385.98 2425.85 -21.1333 184.331 2391.52 0 0 0 0 0 0 -195.619 386.874 2407.61 -287.909 627.954 2285.31 0 0 0 -74.047 811.73 2340.43 0 0 0 0 0 0 148.162 385.086 2444.1 242.525 623.985 2325.76 0 0 0 29.923 816.69 2340.45 0 0 0 -118.95 -16.7963 2346.53 -139.186 -460.356 2399.38 0 0 0 -126.107 -888.349 2481.27 81.8736 -17.8408 2367.84 132.844 -457.882 2428.81 0 0 0 144.412 -881.997 2528.95
14065700 -25.3866 593.121 2465.11 -23.254 385.915 2426.2 -19.8051 184.223 2392.2 0 0 0 0 0 0 -195.241 385.891 2408.91 -287.771 626.719 2286.5 0 0 0 -75.2903 812.08 2341.68 0 0 0 0 0 0 148.733 385.939 2443.5 242.519 624.452 2326.18 0 0 0 29.8792 817.138 2340.79 0 0 0 -116.828 -17.4828 2348.09 -134.032 -461.127 2401.36 0 0 0 -124.459 -889.379 2482.47 84.1159 -17.4545 2368.3 135.018 -456.993 2432.85 0 0 0 147.806 -881.766 2530.15
14115193 -26.2403 593.525 2464.85 -23.6764 386.319 2425.69 -19.8439 184.68 2391.41 0 0 0 0 0 0 -195.642 386.033 2408.15 -288.049 627.803 2288.27 0 0 0 -74.9911 812.739 2342.69 0 0 0 0 0 0 148.29 386.606 2443.23 241.71 625.332 2326.66 0 0 0 29.1486 817.842 2344.25 0 0 0 -116.468 -17.1264 2346.88 -136.301 -460.065 2404.76 0 0 0 -126.513 -889.62 2478.36 84.4445 -16.7918 2367.37 133.27 -456.937 2429.36 0 0 0 147.635 -880.495 2531.59
14165579 -26.3539 594.484 2465.21 -23.8813 386.591 2425.76 -20.253 185.005 2391.14 0 0 0 0 0 0 -195.819 386.559 2407.93 -287.87 627.662 2288.24 0 0 0 -75.9193 813.071 2345.27 0 0 0 0 0 0 148.057 386.624 2443.59 242.903 624.715 2324.3 0 0 0 30.1741 816.909 2343.35 0 0 0 -117.065 -16.6004 2346.11 -137.736 -459.263 2405.91 0 0 0 -126.557 -889.088 2477.96 83.8159 -16.562 2366.94 132.338 -456.801 2428.59 0 0 0 144.23 -880.403 2531.05
14215301 -25.0825 591.883 2456.89 -22.9673 383.857 2423.17 -19.5054 181.776 2391.7 0 0 0 0 0 0 -194.683 383.993 2403.4 -290.619 627.363 2291.18 0 0 0 -78.4776 813.714 2344.19 0 0 0 0 0 0 148.749 383.721 2442.93 244.61 624.799 2322.58 0 0 0 31.9509 817.051 2341.94 0 0 0 -116.361 -20.2245 2348.68 -135.388 -463.257 2406.3 0 0 0 -126.429 -892.163 2483.83 84.274 -20.3838 2371.78 133.94 -460.355 2434.46 0 0 0 145.967 -884.622 2534.15
14265458 -24.9348 591.327 2452.25 -23.2784 382.565 2422.4 -20.1121 180.196 2392.78 0 0 0 0 0 0 -195.009 382.761 2402.71 -296.616 626.056 2291.96 0 0 0 -84.0736 812.17 2344.3 0 0 0 0 0 0 148.452 382.37 2442.09 244.832 623.932 2322.76 0 0 0 32.9352 817.165 2340.61 0 0 0 -117.263 -22.0583 2351.66 -138.146 -465.327 2406.76 0 0 0 -126.732 -893.936 2485.72 83.3708 -22.2867 2374.67 131.299 -462.793 2434.85 0 0 0 144.271 -887.05 2534.52
14298751 -25.0495 592.722 2458.4 -23.1191 383.905 2424.15 -20.1529 181.972 2391.73 0 0 0 0 0 0 -194.961 384.382 2405.45 -299.356 625.161 2294.95 0 0 0 -86.0433 811.655 2342.39 0 0 0 0 0 0 148.723 383.429 2442.84 244.41 623.304 2323.4 0 0 0 32.9943 817.286 2338.47 0 0 0 -117.572 -19.6835 2348.39 -137.431 -463.41 2400.04 0 0 0 -125.596 -891.851 2479.97 83.1986 -20.24 2370.23 133.316 -461.038 2426.22 0 0 0 143.767 -884.547 2529.25
14365337 -26.1391 591.416 2453 -24.2012 383.208 2422.6 -20.9102 180.899 2392.66 0 0 0 0 0 0 -196.093 383.112 2404.36 -300.179 625.914 2294.48 0 0 0 -85.0276 810.279 2342.02 0 0 0 0 0 0 147.691 383.305 2440.85 246.197 621 2322.44 0 0 0 34.6897 815.053 2335.11 0 0 0 -118.033 -21.4668 2352.06 -139.002 -464.512 2408.73 0 0 0 -124.989 -893.708 2484.01 82.7946 -21.3547 2373.37 134.146 -461.638 2432.25 0 0 0 143.462 -884.416 2538.36
14398630 -26.2494 593.174 2459.28 -23.8475 384.389 2425.16 -20.4897 182.495 2392.55 0 0 0 0 0 0 -195.744 384.474 2406.93 -298.913 624.285 2292.87 0 0 0 -84.1394 809.709 2337.99 0 0 0 0 0 0 148.049 384.305 2443.38 248.285 617.375 2318.94 0 0 0 36.994 811.433 2334.65 0 0 0 -117.548 -19.3496 2349.3 -135.95 -462.958 2402.33 0 0 0 -125.788 -892.338 2477.2 83.2839 -19.4485 2370.59 134.605 -460.273 2425.26 0 0 0 145.445 -882.872 2531.97
14465216 -27.087 594.545 2461.41 -23.8803 385.381 2426.2 -20.1867 183.494 2393.48 0 0 0 0 0 0 -195.968 384.854 2410.02 -301.966 616.743 2291.42 0 0 0 -91.1797 806.893 2335.32 0 0 0 0 0 0 148.208 385.908 2442.38 252.209 613.452 2314.37 0 0 0 40.0996 806.235 2333.95 0 0 0 -117.029 -18.7013 2351.32 -136.698 -461.809 2408 0 0 0 -125.637 -891.357 2481.87 84.0431 -18.0856 2370.22 134.665 -458.34 2429.82 0 0 0 146.622 -882.203 2531.15
14498509 -27.6979 595.287 2463.49 -24.236 385.942 2427.89 -20.2802 184.167 2394.48 0 0 0 0 0 0 -196.341 385.229 2411.83 -303.58 609.707 2286.33 0 0 0 -95.5283 803.412 2327.63 0 0 0 0 0 0 147.869 386.655 2443.96 254.871 609.383 2310.08 0 0 0 42.3771 802.053 2326.37 0 0 0 -116.859 -18.0245 2351.68 -136.756 -461.37 2406.51 0 0 0 -126.34 -891.204 2478.84 84.2104 -17.1913 2370.45 132.822 -457.96 2427.98 0 0 0 146.38 -880.721 2533.61
14548993 -28.404 592.398 2465.55 -24.9208 384.162 2429.37 -20.3137 182.697 2394.24 0 0 0 0 0 0 -197.067 382.949 2413.75 -309.091 594.972 2277.51 0 0 0 -102.722 791.783 2311.39 0 0 0 0 0 0 147.225 385.374 2444.99 258.356 595.765 2300.78 0 0 0 49.2995 792.438 2307.07 0 0 0 -116.268 -19.4768 2349.98 -133.372 -463.477 2400.06 0 0 0 -127.118 -891.838 2480.59 84.8549 -18.06 2368.23 134.351 -458.611 2426.78 0 0 0 145.656 -881.89 2530.64
14598388 -28.1642 593.787 2464.57 -24.8427 383.924 2431.26 -20.2424 182.207 2397.6 0 0 0 0 0 0 -197.069 382.446 2416.59 -312.686 576.691 2267.94 0 0 0 -110.631 778.591 2297.31 0 0 0 0 0 0 147.384 385.403 2445.94 263.45 584.325 2294.63 0 0 0 53.1358 779.58 2290.22 0 0 0 -116.252 -20.3736 2355.36 -136.735 -463.393 2412.07 0 0 0 -124.946 -893.563 2480.63 84.968 -18.6461 2372.5 133.456 -458.876 2434.2 0 0 0 146.527 -882.147 2537.94
14631681 -28.8021 590.757 2465.57 -24.9943 381.708 2434.38 -20.394 179.926 2401.07 0 0 0 0 0 0 -197.214 380.222 2419.59 -324.32 547.414 2258 0 0 0 -125.487 753.291 2280.79 0 0 0 0 0 0 147.225 383.193 2449.16 264.331 566.096 2284.06 0 0 0 56.6046 764.131 2275.62 0 0 0 -116.398 -22.7246 2359.12 -135.847 -466.273 2412.15 0 0 0 -125.849 -896.609 2480.75 84.8107 -20.989 2376.4 133.216 -461.314 2437.55 0 0 0 144.982 -885.477 2537.71
14698267 -30.1377 590.73 2465.57 -25.7309 379.988 2438.15 -20.8645 177.952 2406.49 0 0 0 0 0 0 -197.929 378.192 2423.15 -314.161 511.708 2234.5 0 0 0 -123.422 723.02 2247.55 0 0 0 0 0 0 146.468 381.784 2453.16 261.664 528.547 2271.03 0 0 0 52.6134 717.046 2239.92 0 0 0 -116.591 -25.1337 2366.06 -137.758 -469.213 2413.65 0 0 0 -124.864 -898.763 2486.74 84.595 -23.0354 2383.59 135.416 -463.359 2442.71 0 0 0 144.257 -888.476 2539
14731560 -30.6977 590.884 2465.08 -26.1586 378.797 2441.67 -21.2358 176.377 2412.66 0 0 0 0 0 0 -198.362 376.749 2426.74 -303.079 471.854 2224.25 0 0 0 -119.772 687.339 2230.34 0 0 0 0 0 0 146.044 380.845 2456.6 264.833 479.274 2264.02 0 0 0 63.3195 673.533 2216.46 0 0 0 -116.909 -27.2397 2374.92 -137.906 -471.541 2420.76 0 0 0 -124.816 -902.258 2486.5 84.2829 -24.8469 2392.36 133.676 -466.545 2440.4 0 0 0 145.048 -889.511 2545.18
14798146 -32.5327 593.066 2465.33 -27.1147 380.352 2446.09 -21.8101 177.57 2419.86 0 0 0 0 0 0 -199.228 377.899 2430.25 -301.546 375.433 2229.12 0 0 0 -145.329 595.481 2186.14 0 0 0 0 0 0 144.999 382.805 2461.94 262.909 394.131 2264.51 0 0 0 76.8129 592.669 2191.74 0 0 0 -117.051 -26.6442 2384.37 -139.308 -471.603 2421.89 0 0 0 -124.389 -901.93 2490.06 84.04 -23.7784 2402.88 132.87 -466.154 2445.29 0 0 0 146.011 -889.422 2548.85
14831439 -32.8984 596.461 2465.46 -27.6024 383.567 2448.32 -22.2547 180.603 2423.46 0 0 0 0 0 0 -199.687 381.012 2432.16 -294.774 298.718 2243.56 0 0 0 -165.822 514.588 2145.59 0 0 0 0 0 0 144.482 386.121 2464.48 261.953 317.065 2279.76 0 0 0 105.92 510.687 2159.37 0 0 0 -117.433 -23.853 2389.16 -140.72 -469.527 2413.47 0 0 0 -123.953 -898.75 2487.8 83.6191 -20.8684 2408.04 134.196 -463.609 2444.24 0 0 0 144.238 -889.011 2538.66
14882686 -32.8794 593.976 2449.02 -27.728 380.873 2443.12 -22.6169 177.299 2424.9 0 0 0 0 0 0 -199.452 378.294 2423.76 -277.949 213.91 2264.28 0 0 0 -182.831 400.188 2104.11 0 0 0 0 0 0 143.996 383.453 2462.47 247.415 238.479 2317.88 0 0 0 136.912 371.212 2132.86 0 0 0 -117.839 -27.7832 2395.38 -139.103 -473.884 2415 0 0 0 -124.798 -903.278 2489.05 82.8275 -24.7688 2418 132.527 -468.081 2447.95 0 0 0 146.114 -892.214 2547.61
14931318 -34.7396 595.202 2440.8 -28.6173 380.203 2439.32 -23.3997 176.302 2424.93 0 0 0 0 0 0 -200.229 377.25 2418.94 -261.485 155.464 2298.13 0 0 0 -193.005 272.816 2079.66 0 0 0 0 0 0 142.995 383.156 2459.71 239.196 179.73 2347.44 0 0 0 162.607 255.987 2114.28 0 0 0 -118.426 -29.3244 2398.64 -139.548 -475.657 2413.9 0 0 0 -124.498 -905.206 2487.02 82.0619 -25.8748 2422.45 131.593 -469.754 2439.01 0 0 0 144.687 -892.741 2543.61
14982794 -36.6107 596.178 2437.69 -30.5498 380.025 2436.85 -24.9177 175.989 2424.01 0 0 0 0 0 0 -202.47 376.364 2419.59 -260.728 100.221 2343.06 0 0 0 -203.259 103.472 2117.17 0 0 0 0 0 0 141.371 383.685 2454.1 227.112 133.877 2378.72 0 0 0 179.349 104.201 2134.4 0 0 0 -119.729 -30.1857 2401.1 -141.87 -476.607 2412.95 0 0 0 -123.969 -905.897 2486.97 81.1575 -25.9087 2421.26 133.003 -469.617 2438.48 0 0 0 143.783 -894.576 2534.85
15031197 -38.1921 595.424 2435.63 -31.7761 378.959 2435.19 -25.7716 174.863 2423.11 0 0 0 0 0 0 -203.721 374.914 2418.07 -255.866 74.108 2374.53 0 0 0 -204.175 -18.7074 2156.12 0 0 0 0 0 0 140.169 383.005 2452.31 221.054 104.942 2402.35 0 0 0 197.756 -7.75456 2176.26 0 0 0 -120.201 -31.5965 2401.03 -139.411 -478.199 2411.91 0 0 0 -123.934 -908.195 2482.21 80.667 -26.871 2421.03 131.824 -470.66 2439.78 0 0 0 143.682 -895.449 2537.06
15064490 -38.2942 590.807 2425.61 -31.3153 375.423 2431.6 -25.5478 171.141 2423.82 0 0 0 0 0 0 -203.324 371.195 2415.09 -252.925 55.5477 2398.76 0 0 0 -211.514 -109.484 2203.9 0 0 0 0 0 0 140.693 379.651 2448.11 214.534 87.4775 2416.18 0 0 0 207.845 -91.501 2231.93 0 0 0 -120.258 -35.6104 2406.41 -141.945 -481.934 2422.33 0 0 0 -121.337 -912.888 2484.4 80.6972 -30.6707 2425.7 131.512 -474.544 2444.19 0 0 0 145.236 -898.388 2545.32
15131076 -41.2977 591.488 2422.09 -33.4567 376.067 2429.22 -27.5184 171.706 2423.35 0 0 0 0 0 0 -205.416 371.558 2412.23 -250.126 61.7862 2420.79 0 0 0 -236.971 -163.9 2290.24 0 0 0 0 0 0 138.502 380.576 2446.22 205.513 86.8274 2431.87 0 0 0 225.683 -142.496 2316.63 0 0 0 -122.031 -35.2895 2407.56 -143.259 -481.77 2419.44 0 0 0 -122.986 -913.141 2479.08 78.8711 -30.0217 2427.41 131.703 -473.707 2445.04 0 0 0 143.595 -898.724 2541.35
15164369 -43.319 592.188 2427.33 -33.872 377.713 2429.58 -26.3098 173.514 2420.85 0 0 0 0 0 0 -205.91 372.014 2413.84 -241.238 63.5153 2432.53 0 0 0 -246.121 -194.333 2345.02 0 0 0 0 0 0 138.166 383.411 2445.31 198.974 85.5096 2442.57 0 0 0 236.311 -169.861 2374.98 0 0 0 -119.251 -34.0132 2402.92 -141.213 -480.424 2416.66 0 0 0 -118.196 -912.29 2471.53 81.7554 -27.3553 2421.31 137.85 -470.779 2434.08 0 0 0 147.828 -894.938 2534.34
15216378 -45.9507 595.69 2422.45 -34.6723 380.03 2426.33 -25.8217 175.807 2419.25 0 0 0 0 0 0 -206.72 373.099 2411.2 -235.386 63.8617 2446.44 0 0 0 -251.312 -210.74 2386.94 0 0 0 0 0 0 137.376 386.962 2441.45 195.697 87.3409 2459.13 0 0 0 236.794 -181.748 2413.38 0 0 0 -117.477 -32.4649 2403.33 -138.824 -478.846 2419.14 0 0 0 -120.96 -910.232 2479.24 83.5344 -24.3661 2421.01 136.249 -467.807 2442.31 0 0 0 146.189 -893.17 2537.31
15264248 -46.7978 596.729 2419.52 -34.3895 381.187 2424.59 -24.7531 176.951 2418.66 0 0 0 0 0 0 -206.227 373.574 2407.59 -234.428 65.5921 2459.45 0 0 0 -249.383 -217.424 2410.47 0 0 0 0 0 0 137.448 388.8 2441.6 191.931 93.2861 2470.19 0 0 0 234.456 -183.067 2440.37 0 0 0 -115.503 -31.7325 2402.79 -139.844 -477.968 2418.38 0 0 0 -120.153 -908.859 2481.61 85.2694 -22.8371 2422.66 135.141 -466.773 2441.18 0 0 0 146.065 -891.089 2540.66
15316486 -49.305 595.863 2410.05 -35.6861 380.471 2420.52 -24.8899 176.244 2418.16 0 0 0 0 0 0 -207.46 371.588 2403.45 -236.294 71.6286 2466.95 0 0 0 -249.325 -216.316 2429.15 0 0 0 0 0 0 136.088 389.354 2437.59 192.642 95.2914 2481.9 0 0 0 234.819 -184.22 2451.89 0 0 0 -114.437 -33.1716 2405.82 -141.508 -479.213 2422.44 0 0 0 -120.555 -910.11 2485.43 86.2499 -22.7933 2425.76 134.776 -466.942 2443.62 0 0 0 144.606 -891.625 2541.75
15364127 -51.0839 597.998 2412.81 -35.2656 381.934 2420.74 -22.4394 177.841 2416.85 0 0 0 0 0 0 -206.984 371.461 2404.02 -236.67 71.1658 2472.15 0 0 0 -249.221 -218.746 2435.45 0 0 0 0 0 0 136.453 392.407 2437.46 194.197 97.8063 2488.79 0 0 0 234.337 -183.271 2456.28 0 0 0 -109.927 -32.3691 2403.18 -137.629 -478.529 2413.13 0 0 0 -117.166 -909.02 2479.04 90.7006 -20.1335 2422.72 137.682 -464.544 2438.37 0 0 0 149.632 -889.497 2535.12
15397420 -53.0101 594.414 2407.19 -35.9468 378.851 2418.92 -21.9091 174.804 2417.4 0 0 0 0 0 0 -207.715 367.147 2403.62 -237.649 73.4522 2474.07 0 0 0 -250.064 -217.13 2435.55 0 0 0 0 0 0 135.822 390.554 2434.22 194.532 99.9914 2488.35 0 0 0 237.035 -181.735 2457.82 0 0 0 -108.216 -36.0788 2406.95 -140.564 -481.944 2416.33 0 0 0 -119.167 -911.185 2489.39 92.4728 -22.405 2424.82 134.833 -467.157 2443.21 0 0 0 146.106 -892.799 2536.97
15464006 -53.9253 593.978 2411.89 -36.5571 378.9 2420.13 -21.8466 174.909 2416.98 0 0 0 0 0 0 -208.214 366.772 2403.88 -238.246 69.7752 2471.36 0 0 0 -248.102 -221.351 2432.85 0 0 0 0 0 0 135.1 391.028 2436.38 195.889 97.3228 2484.18 0 0 0 239.992 -184.797 2456.06 0 0 0 -107.41 -36.1662 2404.34 -142.035 -481.931 2409.12 0 0 0 -121.043 -911.127 2482.79 93.1379 -21.9972 2423.32 133.604 -466.965 2441.2 0 0 0 144.934 -892.461 2535.67
15497299 -52.9877 595.572 2415.24 -35.0098 379.94 2421.42 -19.6817 176.019 2416.7 0 0 0 0 0 0 -206.677 367.404 2405.54 -238.835 68.7022 2468.8 0 0 0 -248.365 -220.969 2420.16 0 0 0 0 0 0 136.658 392.476 2437.3 196.393 96.0401 2479.59 0 0 0 241.09 -186.074 2450.3 0 0 0 -104.634 -35.2257 2402.7 -140.4 -480.756 2414.15 0 0 0 -119.059 -910.938 2481.53 95.927 -20.5795 2421.25 135.102 -465.482 2443.08 0 0 0 147.072 -892.189 2531.65
15563885 -52.657 595.482 2415.91 -34.281 380.024 2421.66 -18.3147 176.143 2416.92 0 0 0 0 0 0 -205.777 366.994 2404.42 -239.241 70.2668 2464.64 0 0 0 -247.653 -215.793 2399.17 0 0 0 0 0 0 137.215 393.053 2438.9 196.43 96.5638 2472.89 0 0 0 241.689 -183.856 2431.9 0 0 0 -102.533 -35.3492 2402.11 -140.001 -480.72 2415.43 0 0 0 -120.382 -910.988 2482.98 97.8367 -20.1263 2422.25 134.482 -465.269 2443.76 0 0 0 147.295 -890.939 2537.07
15597178 -53.6438 594.893 2417.75 -35.6957 379.733 2422.39 -19.9485 175.847 2417.01 0 0 0 0 0 0 -207.361 366.886 2406.81 -239.624 56.636 2458.83 0 0 0 -245.95 -224.677 2371.97 0 0 0 0 0 0 135.97 392.58 2437.97 200.713 88.2789 2468.95 0 0 0 237.952 -188.421 2406.35 0 0 0 -104.486 -35.5447 2402.52 -145.135 -480.665 2415.28 0 0 0 -123.654 -910.439 2485.4 96.0831 -20.5344 2420.72 131.299 -465.938 2438.89 0 0 0 143.141 -891.09 2534.73
15663764 -54.3025 592.505 2417.16 -36.6495 378.356 2423.58 -21.101 174.426 2419.39 0 0 0 0 0 0 -208.278 365.601 2407.46 -238.819 61.4031 2453.18 0 0 0 -242.421 -217.73 2356.1 0 0 0 0 0 0 134.979 391.11 2439.7 202.355 80.1376 2463.97 0 0 0 233.687 -189.534 2376.47 0 0 0 -105.81 -36.9534 2405.78 -143.154 -482.453 2413.93 0 0 0 -126.346 -911.641 2488.55 94.7049 -22.0522 2424.62 131.23 -467.168 2446.7 0 0 0 143.708 -893.312 2537.89
15697057 -54.0675 588.344 2409.37 -36.9483 373.334 2421.74 -21.1965 169.404 2420.99 0 0 0 0 0 0 -208.568 360.136 2405.86 -237.906 55.1996 2446.59 0 0 0 -239.682 -219.96 2337.34 0 0 0 0 0 0 134.671 386.532 2437.63 203.679 77.5711 2456.99 0 0 0 230.658 -189.819 2356.91 0 0 0 -105.699 -42.2348 2410.97 -140.691 -487.979 2416.36 0 0 0 -125.458 -916.875 2493.11 94.8091 -26.8155 2429.52 134.18 -471.896 2446.31 0 0 0 142.931 -896.866 2543.09
15750286 -52.8498 586.14 2405.47 -35.8121 371.637 2420.79 -19.3776 167.753 2421.69 0 0 0 0 0 0 -207.316 357.739 2404.26 -237.209 58.7874 2438.52 0 0 0 -238.708 -213.564 2321.39 0 0 0 0 0 0 135.691 385.534 2437.31 203.129 81.9671 2448.26 0 0 0 228.808 -181.43 2335.78 0 0 0 -103.131 -44.249 2412.94 -138.219 -490.002 2412.55 0 0 0 -124.703 -919.115 2488.49 97.2448 -28.0118 2432.24 135.966 -473.323 2442.91 0 0 0 147.429 -897.445 2543.15
15796936 -53.7012 586.97 2403.53 -36.0625 372.384 2420.26 -19.2922 168.517 2421.38 0 0 0 0 0 0 -207.414 358.191 2402.49 -237.106 49.8933 2432.26 0 0 0 -231.697 -217.129 2300.86 0 0 0 0 0 0 135.289 386.577 2438.04 207.562 77.9838 2438.63 0 0 0 221.814 -183.935 2318.23 0 0 0 -102.622 -43.6411 2412.12 -142.43 -488.991 2414 0 0 0 -123.104 -918.383 2486.83 97.5785 -27.0584 2432.89 134.266 -472.635 2439.04 0 0 0 145.709 -896.082 2542.17
15850394 -52.1523 589.701 2410.06 -35.2512 375.25 2421.47 -18.9736 171.358 2419.88 0 0 0 0 0 0 -206.702 361.697 2404.13 -238.556 44.4497 2427.63 0 0 0 -231.199 -220.61 2289.1 0 0 0 0 0 0 136.199 388.802 2438.8 208.278 77.4883 2435.32 0 0 0 214.327 -179.35 2304.48 0 0 0 -102.852 -40.4498 2408.16 -144.279 -485.675 2410.84 0 0 0 -122.604 -915.47 2480.65 97.4597 -24.616 2428.41 132.748 -470.294 2436.76 0 0 0 144.374 -895.229 2533.42
15896815 -52.7573 591.241 2414.82 -36.5807 377.113 2422.48 -21.3742 173.174 2418.57 0 0 0 0 0 0 -208.211 364.628 2406.2 -237.284 39.2309 2424.81 0 0 0 -223.228 -225.925 2283.47 0 0 0 0 0 0 135.05 389.598 2438.77 205.633 70.2372 2431.17 0 0 0 207.406 -184.402 2292.98 0 0 0 -106.432 -38.0585 2405.14 -148.708 -483.131 2412.92 0 0 0 -125.296 -913.029 2481.65 94.0965 -23.4715 2424.16 130.038 -468.978 2437.23 0 0 0 140.355 -894.062 2533.53
15950502 -51.8109 592.443 2416.2 -35.8353 378.48 2422.64 -21.2252 174.501 2418 0 0 0 0 0 0 -207.417 366.582 2405.42 -237.023 52.7115 2425.94 0 0 0 -224.248 -219.636 2297.61 0 0 0 0 0 0 135.747 390.378 2439.86 201.169 80.9258 2436.16 0 0 0 206.687 -177.569 2303.81 0 0 0 -106.848 -36.429 2403.3 -145.402 -481.863 2410 0 0 0 -121.398 -911.183 2482.06 93.6177 -22.5281 2423.42 132.67 -467.569 2441.71 0 0 0 143.777 -893.623 2533.51
15996694 -51.2091 592.326 2415.9 -35.6974 378.411 2421.21 -21.3056 174.423 2415.96 0 0 0 0 0 0 -207.326 366.738 2404.26 -235.839 59.2779 2427.98 0 0 0 -225.772 -216.442 2305.46 0 0 0 0 0 0 135.931 390.084 2438.15 202.087 77.96 2440.58 0 0 0 205.874 -183.404 2312.81 0 0 0 -107.172 -36.383 2400.82 -144.361 -481.973 2405.35 0 0 0 -122.557 -910.173 2484.18 93.3449 -22.745 2420.61 133.111 -467.773 2438.45 0 0 0 143.262 -893.411 2532.34
16050610 -50.9742 591.57 2408.74 -34.9686 377.338 2418.83 -20.5567 173.315 2415.81 0 0 0 0 0 0 -206.376 365.51 2399.95 -236.945 63.5362 2431.73 0 0 0 -227.793 -215.351 2315.82 0 0 0 0 0 0 136.439 389.167 2437.7 198.531 74.469 2447.29 0 0 0 208.493 -194.007 2330.44 0 0 0 -106.282 -37.6191 2401.76 -142.764 -483.186 2410.93 0 0 0 -121.066 -912.058 2486.17 93.9919 -23.7987 2423.81 133.734 -468.833 2441.95 0 0 0 143.042 -893.197 2541.41
16096573 -49.6219 593.272 2412.16 -34.1751 379.021 2419.7 -20.4234 174.976 2415.25 0 0 0 0 0 0 -205.787 367.833 2402.37 -237.243 64.9037 2432.28 0 0 0 -227.54 -216.68 2322.73 0 0 0 0 0 0 137.437 390.21 2437.03 196.931 84.256 2448.47 0 0 0 213.84 -190.99 2347.24 0 0 0 -106.924 -35.6054 2400.69 -144.615 -481.087 2409.93 0 0 0 -123.24 -910.424 2482.68 93.5804 -22.5333 2420.93 132.043 -467.749 2437.37 0 0 0 142.58 -892.524 2535.02
16129866 -47.8668 591.316 2406.87 -33.4133 377.016 2417.29 -19.9624 172.92 2414.89 0 0 0 0 0 0 -205.005 365.915 2399.63 -237.639 67.9116 2434.15 0 0 0 -227.929 -215.891 2330.22 0 0 0 0 0 0 138.178 388.118 2434.95 196.244 90.3137 2452.46 0 0 0 217.042 -189.25 2362.37 0 0 0 -106.746 -37.6616 2402.18 -144.804 -483.071 2413.46 0 0 0 -119.998 -912.788 2482.73 93.7235 -24.6917 2422.81 132.893 -469.801 2440.54 0 0 0 144.482 -894.163 2539.91
16196452 -45.5474 590.048 2404.23 -30.9544 375.65 2415.27 -17.4663 171.543 2413.25 0 0 0 0 0 0 -202.367 364.513 2396.01 -237.84 67.0221 2435.66 0 0 0 -229.136 -218.746 2337 0 0 0 0 0 0 140.458 386.787 2434.53 195.932 87.905 2455.46 0 0 0 223.448 -194.699 2376.26 0 0 0 -104.115 -39.0691 2399.98 -141.682 -484.547 2410.42 0 0 0 -119.02 -913.719 2483.68 96.1585 -26.0572 2422.48 134.725 -471.249 2439.53 0 0 0 145.738 -895.739 2538.46
16229745 -44.545 589.615 2402.4 -30.3024 375.4 2413.41 -16.5531 171.303 2411.79 0 0 0 0 0 0 -201.472 364.036 2392.26 -236.496 66.0908 2435.86 0 0 0 -233.581 -221.406 2342.06 0 0 0 0 0 0 140.868 386.763 2434.56 197.214 86.3997 2456.46 0 0 0 223.454 -199.632 2389.38 0 0 0 -102.8 -39.4321 2397.82 -142.981 -484.588 2411.26 0 0 0 -119.26 -913.958 2483.13 97.1919 -26.1554 2422.53 134.486 -471.25 2443.88 0 0 0 143.819 -897.36 2535.47
16296331 -43.4823 590.767 2401.99 -29.4537 376.518 2413.01 -15.513 172.434 2411.14 0 0 0 0 0 0 -200.762 364.998 2393.06 -235.491 66.0322 2433.45 0 0 0 -235.178 -223.336 2345.49 0 0 0 0 0 0 141.855 388.037 2432.95 197.79 86.5092 2459.07 0 0 0 227.906 -201.43 2401.74 0 0 0 -101.644 -38.3793 2397.62 -143.703 -483.093 2417.3 0 0 0 -119.045 -913.596 2481.27 98.4993 -24.9208 2420.92 134.559 -470.322 2436.88 0 0 0 145.703 -893.623 2539.96
16329624 -41.7547 592.94 2402.79 -27.2863 378.351 2413.11 -13.6812 174.248 2410.88 0 0 0 0 0 0 -198.512 367.165 2392.25 -236.442 67.4112 2434.61 0 0 0 -237.581 -222.68 2348.83 0 0 0 0 0 0 143.94 389.538 2433.96 199.897 88.1028 2461.77 0 0 0 232.847 -200.545 2408.49 0 0 0 -100.1 -36.3908 2396.47 -142.361 -481.272 2411.51 0 0 0 -119.564 -910.413 2484.35 99.9473 -23.3217 2420.83 132.904 -468.916 2438.3 0 0 0 147.076 -892.406 2540.61
16384302 -40.8325 590.375 2394.68 -27.1682 375.975 2410.75 -13.6222 171.906 2412.71 0 0 0 0 0 0 -198.865 364.43 2395.38 -236.375 69.0901 2432.23 0 0 0 -235.301 -222.048 2350.01 0 0 0 0 0 0 144.529 387.52 2426.12 200.687 89.474 2462.51 0 0 0 236.817 -199.451 2412.16 0 0 0 -100.425 -38.9101 2405.69 -144.802 -483.652 2419.24 0 0 0 -121.337 -912.094 2496.17 100.273 -25.415 2423.66 132.084 -471.112 2441.07 0 0 0 145.459 -895.677 2539.08
16429503 -39.4136 591.182 2397.63 -25.9818 377.195 2411.56 -12.6429 173.089 2411.83 0 0 0 0 0 0 -197.519 365.961 2393.97 -235.602 65.9635 2432.86 0 0 0 -234.906 -223.764 2345.81 0 0 0 0 0 0 145.555 388.43 2429.14 201.397 88.6038 2462.74 0 0 0 238.712 -200.301 2412.6 0 0 0 -99.4929 -37.5791 2401.84 -142.667 -482.532 2405.24 0 0 0 -120.607 -911.041 2482.45 100.885 -24.4558 2422.38 132.209 -470.294 2436.78 0 0 0 146.109 -894.005 2538.45
16484410 -37.33 588.743 2392.1 -23.7753 373.655 2409.12 -10.6872 169.54 2411.33 0 0 0 0 0 0 -195.104 362.457 2389.44 -234.344 65.8072 2430.45 0 0 0 -230.225 -223.73 2342.79 0 0 0 0 0 0 147.554 384.854 2428.8 201.33 89.0255 2461.16 0 0 0 237.605 -198.891 2405.01 0 0 0 -97.6748 -41.1178 2402.05 -142.685 -485.715 2414.17 0 0 0 -119.065 -915.471 2483.23 102.477 -28.035 2425.04 134.375 -473.746 2441.97 0 0 0 146.172 -898.283 2540.46
16529382 -36.0964 587.653 2388.84 -23.0714 373.148 2408.1 -10.0161 169.036 2411.41 0 0 0 0 0 0 -194.725 361.902 2391.61 -234.94 64.0062 2429.37 0 0 0 -226.001 -224.487 2338.76 0 0 0 0 0 0 148.583 384.395 2424.6 203.116 87.669 2459.24 0 0 0 238.002 -199.195 2397.18 0 0 0 -97.2411 -41.6463 2405.08 -141.374 -486.33 2419.61 0 0 0 -124.29 -916.749 2486.42 103.32 -28.5062 2424.35 134.783 -474.275 2440.8 0 0 0 144.755 -899.345 2537.22
16562675 -36.164 588.37 2395.21 -22.6068 374.244 2409.5 -9.18307 170.146 2409.63 0 0 0 0 0 0 -194.344 362.938 2393.67 -233.673 62.1696 2426.17 0 0 0 -222.768 -226.14 2335.07 0 0 0 0 0 0 149.131 385.55 2425.32 203.511 84.4884 2456.67 0 0 0 237.86 -201.023 2388.42 0 0 0 -96.0696 -40.5551 2400.52 -142.698 -484.972 2416.39 0 0 0 -121.014 -916.027 2477.46 104.551 -27.3477 2419.01 136.206 -473.07 2436.42 0 0 0 145.187 -898.189 2532.79
16629261 -33.847 589.461 2398.4 -21.6971 375.194 2410.22 -8.72579 171.073 2408.24 0 0 0 0 0 0 -193.406 364.445 2393.6 -234.996 63.5407 2426.22 0 0 0 -221.142 -223 2330.19 0 0 0 0 0 0 150.012 385.944 2426.85 204.309 86.4117 2451.36 0 0 0 235.093 -198.725 2379.82 0 0 0 -96.0558 -39.3285 2396.54 -141.318 -483.674 2417.44 0 0 0 -122.376 -915.248 2476 104.547 -26.77 2415.96 135.047 -472.553 2433.89 0 0 0 145.117 -896.637 2534.55
16662554 -34.3864 590.97 2400.99 -21.4597 375.816 2410.22 -8.71763 171.692 2406.73 0 0 0 0 0 0 -193.046 365.414 2392.16 -232.313 63.8152 2426.05 0 0 0 -216.323 -220.176 2323.19 0 0 0 0 0 0 150.127 386.218 2428.28 204.968 86.2935 2448.4 0 0 0 229.819 -197.378 2369.52 0 0 0 -96.2107 -38.5094 2392.69 -143.093 -482.649 2414.85 0 0 0 -120.28 -913.424 2477.74 104.26 -26.3561 2413.79 136.465 -471.799 2436.1 0 0 0 144.178 -896.606 2533.88
16729140 -32.9934 591.192 2402.79 -20.0322 375.593 2410.18 -7.27493 171.495 2405.25 0 0 0 0 0 0 -191.686 365.287 2392.64 -230.314 63.5776 2425.3 0 0 0 -211.378 -217.364 2314.99 0 0 0 0 0 0 151.621 385.899 2427.71 205.799 89.0715 2441.45 0 0 0 225.845 -193.658 2357.86 0 0 0 -94.7891 -38.6238 2390.07 -140.762 -482.676 2415.68 0 0 0 -119.539 -913.294 2480.39 105.754 -26.5836 2410.56 138.045 -471.802 2436.81 0 0 0 147.101 -897.523 2530.37
16762433 -31.2749 594.169 2409.69 -17.5694 378.071 2412.24 -4.98511 174.085 2404.05 0 0 0 0 0 0 -188.989 368.292 2392.39 -226.503 63.0939 2420.73 0 0 0 -211.078 -217.898 2309.81 0 0 0 0 0 0 153.85 387.849 2432.09 205.984 92.1402 2438.26 0 0 0 224.005 -189.379 2350.1 0 0 0 -92.5465 -35.614 2384.27 -141.311 -479.088 2414.14 0 0 0 -117.859 -910.112 2475.29 107.745 -24.1882 2407.47 137.173 -469.479 2435.79 0 0 0 148.476 -895.058 2529.82
16829019 -30.6271 595.214 2412.64 -16.5377 378.741 2412.91 -3.96471 174.824 2402.96 0 0 0 0 0 0 -188.126 369.06 2394.48 -226.863 64.8542 2418.8 0 0 0 -209.221 -217.04 2310.42 0 0 0 0 0 0 155.051 388.423 2431.33 207.763 91.8942 2434.88 0 0 0 222.496 -188.395 2342.26 0 0 0 -91.6265 -34.749 2382.26 -141.619 -477.884 2415.12 0 0 0 -119.367 -908.367 2480.4 108.843 -23.4382 2403.78 137.66 -468.747 2432.66 0 0 0 146.358 -893.35 2531.19
16862312 -29.7283 594.546 2415.11 -16.3182 378.495 2412.93 -3.71565 174.617 2402.04 0 0 0 0 0 0 -187.988 368.829 2395.2 -224.217 66.4473 2418.19 0 0 0 -209.773 -215.66 2309.83 0 0 0 0 0 0 155.352 388.16 2430.65 205.607 92.2888 2432.76 0 0 0 222.02 -187.507 2338.76 0 0 0 -91.3941 -34.9068 2380.81 -143.493 -477.655 2415.65 0 0 0 -119.955 -907.996 2481.54 109.168 -23.6144 2401.51 134.84 -468.791 2434.71 0 0 0 147.181 -893.978 2530.27
16895605 -28.6595 591.349 2408.35 -15.5415 375.47 2411.44 -3.28521 171.443 2403.8 0 0 0 0 0 0 -187.077 365.878 2392.42 -226.014 65.6362 2420.32 0 0 0 -208.503 -215.215 2309.19 0 0 0 0 0 0 155.994 385.062 2430.46 205.308 90.632 2433.23 0 0 0 221.586 -187.633 2334.78 0 0 0 -91.2352 -38.1883 2385.05 -141.788 -481.24 2418.39 0 0 0 -121.624 -910.595 2491.11 109.177 -26.9811 2407.27 134.709 -472.12 2441.33 0 0 0 147.271 -896.444 2540.65
16962191 -26.7531 590.55 2404.96 -13.9031 375.231 2409.2 -1.68259 171.146 2402.8 0 0 0 0 0 0 -185.365 365.581 2389.53 -225.725 61.7357 2419.98 0 0 0 -208.079 -219.51 2309.8 0 0 0 0 0 0 157.558 384.88 2428.88 207.676 85.1268 2427.15 0 0 0 221.063 -194.576 2332.43 0 0 0 -89.6232 -38.5754 2384.9 -138.772 -482.251 2410.18 0 0 0 -121.055 -910.62 2489.03 110.699 -27.3017 2407.88 135.276 -472.926 2434.99 0 0 0 148.541 -895.878 2539.84
16995484 -26.4935 589.826 2403.76 -13.4339 374.825 2408.57 -1.22261 170.714 2402.71 0 0 0 0 0 0 -184.926 365.122 2389.16 -229.138 63.3442 2421.6 0 0 0 -207.513 -218.785 2314.5 0 0 0 0 0 0 158.058 384.528 2427.97 207.216 88.0375 2430.49 0 0 0 221.551 -191.878 2336.42 0 0 0 -89.1907 -39.0651 2385.51 -139.67 -482.344 2415.11 0 0 0 -121.91 -911.925 2486.97 111.168 -27.729 2408.18 134.488 -473.37 2436.58 0 0 0 145.184 -897.09 2538.64
17062070 -25.5895 587.394 2395.17 -13.0933 372.012 2405.25 -1.1879 167.836 2402.43 0 0 0 0 0 0 -184.45 362.304 2384.71 -229.183 62.5305 2423.75 0 0 0 -207.479 -220.611 2319.33 0 0 0 0 0 0 158.263 381.721 2425.8 206.451 86.5362 2433.95 0 0 0 222.358 -193.733 2341.16 0 0 0 -89.3856 -42.0115 2387.61 -137.713 -485.848 2411.9 0 0 0 -122.962 -914.487 2489.8 110.821 -30.6691 2411.61 133.914 -476.126 2443.04 0 0 0 146.266 -901.048 2539.71
17095363 -25.5987 588.76 2390.87 -13.0732 373.141 2403.39 -1.33332 168.934 2402.73 0 0 0 0 0 0 -184.501 363.35 2383.48 -230.924 62.3758 2424.4 0 0 0 -211.407 -222.013 2322.99 0 0 0 0 0 0 158.355 382.931 2423.31 210.479 83.5672 2434.31 0 0 0 223.735 -198.514 2346.91 0 0 0 -89.7362 -40.9926 2390.42 -138.141 -484.56 2419.26 0 0 0 -123.34 -914.917 2486.5 110.549 -29.5544 2413.69 135.865 -475.229 2439.4 0 0 0 146.549 -899.246 2540.19
17161949 -24.5879 586.151 2380.23 -12.6623 370.378 2399.86 -1.29056 166.212 2403.45 0 0 0 0 0 0 -183.991 360.471 2379.16 -228.621 62.0035 2422.18 0 0 0 -214.095 -224.72 2326.96 0 0 0 0 0 0 158.666 380.284 2420.56 209.476 81.7274 2434.69 0 0 0 226.63 -201.601 2352.25 0 0 0 -90.0041 -43.7407 2394.95 -139.661 -487.475 2418.58 0 0 0 -122.558 -917.355 2488.76 110.166 -32.1664 2419.13 134.512 -478.117 2440.87 0 0 0 144.478 -901.628 2543.92
