9076436 106.324 595.873 2448.75 67.7728 357.732 2437.26 61.5415 161.463 2431.44 0 0 0 0 0 0 -73.3001 361.793 2451.36 -147.887 100.337 2479.61 0 0 0 -202.07 -186.473 2364.83 0 0 0 0 0 0 208.846 353.672 2423.16 266.443 121.574 2449.89 0 0 0 301.871 -159.544 2392.73 0 0 0 -40.7146 -32.0428 2435.21 -65.1353 -506.334 2442.61 0 0 0 -66.4312 -970.871 2548.15 151.335 -37.5706 2416.02 184.772 -504.356 2448.37 0 0 0 167.363 -939.021 2556.98
9109805 90.0214 597.718 2437.71 53.3601 358.575 2435.9 47.1718 163.519 2429.38 0 0 0 0 0 0 -90.7725 362.636 2451.19 -143.007 91.0914 2488.02 0 0 0 -200.32 -178.501 2374.18 0 0 0 0 0 0 197.493 354.513 2420.62 240.134 130.899 2477.49 0 0 0 280.019 -149.137 2414.93 0 0 0 -58.4929 -28.7336 2433.4 -68.778 -508.271 2446.25 0 0 0 -63.7809 -976.819 2554.69 140.46 -34.3395 2412.3 184.083 -502.216 2444.76 0 0 0 169.19 -936.687 2554.06
9176544 68.2866 597.604 2433.23 43.05 352.079 2436.36 36.2526 161.698 2429.74 0 0 0 0 0 0 -105.665 356.845 2451.98 -148.268 81.0375 2493.73 0 0 0 -207.146 -176.545 2398.62 0 0 0 0 0 0 191.765 347.313 2420.75 225.551 119.197 2487.45 0 0 0 263.163 -159.21 2446 0 0 0 -67.5323 -25.5754 2433.3 -75.0819 -501.651 2448.96 0 0 0 -63.0097 -974.448 2555.39 126.443 -31.792 2412.93 181.586 -508.293 2441.64 0 0 0 169.705 -940.725 2552.1
9209913 45.8937 597.857 2433.33 35.3932 344.295 2439.23 30.6647 154.247 2432.56 0 0 0 0 0 0 -112.426 347.444 2454.28 -152.944 73.6736 2501.94 0 0 0 -207.248 -185.511 2399.65 0 0 0 0 0 0 183.213 341.145 2424.18 215.609 101.061 2485.06 0 0 0 253.477 -152.459 2454.55 0 0 0 -74.0822 -33.6703 2436.07 -81.1781 -497.338 2446.38 0 0 0 -70.5874 -973.283 2553.2 125.955 -37.9323 2415.7 174.493 -513.148 2441.56 0 0 0 167.677 -947.788 2553.51
9276651 36.2495 598.468 2431.05 17.9888 346.347 2441.24 20.3989 156.094 2433.51 0 0 0 0 0 0 -139.314 343.776 2455.46 -167.694 65.056 2510.7 0 0 0 -220.929 -208.461 2425.42 0 0 0 0 0 0 175.291 348.917 2427.01 211.457 106.622 2506.38 0 0 0 250.417 -133.346 2473.28 0 0 0 -75.9576 -35.773 2434.72 -86.7098 -503.205 2445.77 0 0 0 -89.5171 -964.055 2545.21 121.576 -32.5452 2416.85 169.433 -507.722 2440.76 0 0 0 165.445 -942.579 2549.22
9310021 25.0612 600.412 2429.35 10.3406 348.397 2443.53 14.06 158.888 2434.88 0 0 0 0 0 0 -150.046 344.627 2457.16 -182.492 75.6712 2534.54 0 0 0 -218.491 -216.948 2428.61 0 0 0 0 0 0 170.728 352.167 2429.91 207.706 108.007 2502.39 0 0 0 258.37 -135.644 2468.79 0 0 0 -78.6202 -32.8863 2434.42 -88.9452 -503.714 2447.33 0 0 0 -83.9652 -962.778 2548.21 114.179 -28.3547 2418.04 162.14 -501.269 2438.6 0 0 0 165.432 -934.125 2543.05
9710452 -11.281 600.32 2429.88 0.473848 355.845 2445.97 3.74617 163.86 2435.83 0 0 0 0 0 0 -158.504 352.353 2460.78 -186.625 90.2929 2524.88 0 0 0 -218.634 -226.161 2414.65 0 0 0 0 0 0 159.452 359.337 2431.16 179.39 122.597 2491.69 0 0 0 214.279 -114.079 2362.96 0 0 0 -83.0576 -30.1031 2434.09 -92.6043 -504.46 2445.45 0 0 0 -82.4577 -962.7 2546.96 97.0946 -26.1464 2417.3 157.629 -498.34 2440.26 0 0 0 163.897 -930.137 2545.08
9774891 -24.8142 601.763 2434.87 -5.18699 357.036 2444.25 -0.285385 164.906 2435.58 0 0 0 0 0 0 -162.256 352.374 2458.77 -188.308 96.9841 2522.67 0 0 0 -218.144 -199.2 2420.08 0 0 0 0 0 0 151.882 361.698 2429.74 177.182 123.761 2486.82 0 0 0 205.224 -128.597 2367.37 0 0 0 -82.8459 -29.8189 2435 -102.08 -510.492 2442.89 0 0 0 -90.8284 -962.219 2544.2 92.0783 -24.6271 2418.84 154.756 -493.24 2441.98 0 0 0 161.951 -929.102 2546.14
9810559 -31.0342 603.045 2440.24 -8.7764 354.132 2443.16 -6.15329 162.163 2436 0 0 0 0 0 0 -164.691 351.576 2454.58 -191.037 90.1449 2523.33 0 0 0 -221.524 -196.43 2424.9 0 0 0 0 0 0 147.138 356.689 2431.73 175.342 114.679 2487.89 0 0 0 207.486 -144.38 2390.24 0 0 0 -92.3967 -31.2633 2435.35 -107.552 -520.798 2441.31 0 0 0 -96.5692 -971.701 2541.81 85.3364 -28.349 2422.33 155.852 -486.776 2441.43 0 0 0 162.257 -922.133 2546.99
9874770 -32.6404 602.413 2442.42 -10.5703 350.342 2444.43 -4.94494 160.147 2436.62 0 0 0 0 0 0 -167.234 345.245 2455.71 -194.045 82.5744 2529.8 0 0 0 -218.998 -199.072 2425.71 0 0 0 0 0 0 146.093 355.439 2433.16 173.41 110.632 2486.95 0 0 0 206.797 -136.662 2396.43 0 0 0 -91.0958 -33.0345 2435.41 -109.711 -518.402 2437.62 0 0 0 -98.2961 -966.958 2537.51 92.4566 -27.0631 2422.2 151.393 -486.142 2443.81 0 0 0 162.107 -922.897 2549.37
9910667 -33.3653 602.646 2446.29 -12.2845 348.61 2445.92 -7.10521 156.99 2441.3 0 0 0 0 0 0 -167.581 344.086 2459.47 -196.25 70.5542 2532.81 0 0 0 -216.676 -211.085 2429.52 0 0 0 0 0 0 143.011 353.134 2432.36 176.757 105.332 2484.99 0 0 0 210.195 -138.695 2396.17 0 0 0 -92.5133 -37.2689 2444.59 -105.93 -513.456 2434.7 0 0 0 -94.3347 -965.35 2536.31 88.6616 -31.9908 2428.78 149.723 -488.366 2448.38 0 0 0 159.861 -923.353 2553.02
9974649 -29.8012 602.24 2445.99 -13.5469 347.765 2446.07 -7.48192 157.421 2440.26 0 0 0 0 0 0 -167.478 342.509 2457.57 -196.948 67.5627 2528.21 0 0 0 -219.497 -211.065 2436.68 0 0 0 0 0 0 140.384 353.021 2434.56 172.423 106.327 2484.63 0 0 0 210.352 -141.631 2404.34 0 0 0 -92.9281 -36.0484 2441.29 -104.736 -513.634 2435.34 0 0 0 -96.3775 -961.822 2535.43 90.0941 -29.7991 2427.61 149.72 -487.132 2447.8 0 0 0 158.905 -921.879 2554.18
10010775 -27.9188 601.028 2445.63 -15.3516 347.956 2447.84 -8.20273 158.427 2440.83 0 0 0 0 0 0 -167.245 341.85 2458.02 -195.668 75.1967 2528.56 0 0 0 -225.438 -186.114 2431.4 0 0 0 0 0 0 136.542 354.062 2437.67 174.287 108.008 2483.75 0 0 0 220.914 -140.533 2404.81 0 0 0 -92.8624 -34.7923 2439.98 -108.709 -512.791 2434.17 0 0 0 -97.762 -961.486 2534.94 90.7547 -27.4113 2427.67 153.46 -489.319 2448.51 0 0 0 160.692 -923.92 2555.95
10074528 -26.2218 601.346 2445.63 -17.2891 347.508 2449.85 -9.50209 157.389 2442.72 0 0 0 0 0 0 -167.658 341.016 2458.74 -194.873 80.0415 2527.75 0 0 0 -229.902 -186.986 2438.32 0 0 0 0 0 0 133.079 354.001 2440.97 188.743 106.768 2502.69 0 0 0 221.526 -142.579 2398.34 0 0 0 -91.9929 -36.6276 2440.91 -110.766 -515.154 2434.43 0 0 0 -94.9035 -965.725 2536.24 88.5628 -28.8316 2430.24 152.977 -488.206 2448.05 0 0 0 161.079 -923.492 2555.21
10110883 -24.9999 601.956 2445.88 -18.4324 347.199 2451.39 -9.92369 157.347 2443.32 0 0 0 0 0 0 -167.735 340.137 2460.11 -194.585 81.9092 2527.51 0 0 0 -229.186 -200.985 2415.95 0 0 0 0 0 0 130.87 354.262 2442.67 186.137 107.713 2495.01 0 0 0 226.482 -144.2 2402.5 0 0 0 -92.401 -36.8082 2440.55 -112.126 -515.816 2434.83 0 0 0 -92.0828 -966.695 2534.88 89.5711 -28.2007 2429.93 153.76 -489.898 2448.16 0 0 0 161.681 -924.745 2555.54
10174407 -23.7808 603.095 2446.03 -19.1444 348.028 2452.46 -12.082 156.919 2443.61 0 0 0 0 0 0 -167.681 342.125 2461.4 -194.317 84.6356 2527.4 0 0 0 -255.598 -193.975 2404.71 0 0 0 0 0 0 129.392 353.931 2443.53 184.655 113.911 2492.21 0 0 0 252.21 -143.304 2404.14 0 0 0 -96.2562 -37.815 2440.24 -113.48 -516.622 2434.56 0 0 0 -92.0324 -968.081 2535.87 86.2169 -30.5632 2429.26 153.542 -491.963 2447.46 0 0 0 162.07 -925.74 2554.97
10210990 -20.3728 603.199 2445.1 -17.7391 349 2452.26 -11.4257 157.185 2442.73 0 0 0 0 0 0 -166.503 343.621 2461.97 -193.622 85.2898 2526.75 0 0 0 -313.015 -165.936 2358.32 0 0 0 0 0 0 131.025 354.379 2442.54 185.201 118.378 2491.98 0 0 0 310.988 -110.896 2396.26 0 0 0 -98.7933 -38.0166 2439.32 -114.6 -516.215 2435.57 0 0 0 -93.3649 -966.677 2537.05 88.5686 -31.242 2427.08 153.259 -494.196 2447.25 0 0 0 163.631 -929.176 2557.98
10274286 -19.867 603.777 2446.19 -16.4992 350.065 2451.27 -11.0051 157.565 2441.43 0 0 0 0 0 0 -163.833 345.41 2460.08 -196.858 86.3291 2524.12 0 0 0 -356.078 -137.441 2348.78 0 0 0 0 0 0 130.835 354.72 2442.47 191.72 117.664 2495.68 0 0 0 363.331 -97.316 2390.22 0 0 0 -100.523 -37.937 2437.26 -115.38 -516.297 2437.5 0 0 0 -92.1387 -966.596 2539.1 89.5008 -31.9328 2425.91 153.461 -496.079 2446.61 0 0 0 162.128 -929.419 2556.63
10311098 -18.518 603.945 2447.33 -16.7291 349.557 2452.53 -10.6371 156.226 2442.11 0 0 0 0 0 0 -164.588 344.384 2462.07 -229.147 98.7824 2511.48 0 0 0 -421.894 -66.6921 2332.13 0 0 0 0 0 0 131.13 354.731 2442.98 231.129 167.785 2491.16 0 0 0 433.582 -15.7045 2389.67 0 0 0 -99.8995 -40.4414 2437.84 -119.274 -532.164 2446.57 0 0 0 -90.5761 -971.517 2539 90.8091 -33.7685 2425.53 153.474 -497.473 2446.99 0 0 0 161.986 -931.073 2556.04
10374165 -10.0007 601.614 2457.78 -16.8527 352.056 2453.93 -10.735 157.153 2443.26 0 0 0 0 0 0 -164.805 346.943 2462.51 -246.668 109.869 2511.11 0 0 0 -448.472 -13.3879 2314.79 0 0 0 0 0 0 131.1 357.17 2445.35 245.881 169.82 2496.18 0 0 0 486.71 11.8096 2363.51 0 0 0 -98.131 -40.9823 2438.02 -118.904 -528.251 2442.93 0 0 0 -93.3238 -971.831 2537.59 88.8965 -34.5181 2427.17 153.139 -496.162 2448.15 0 0 0 163.649 -930.911 2559.01
10411206 -12.1692 601.527 2455.36 -17.0307 350.706 2454.73 -11.001 155.861 2443.72 0 0 0 0 0 0 -166.296 345.542 2464.38 -329.042 125.835 2521.5 0 0 0 -528.229 90.1491 2309.17 0 0 0 0 0 0 132.234 355.871 2445.09 267.382 176.896 2479.58 0 0 0 556.553 111.737 2353.77 0 0 0 -98.1102 -42.207 2438.72 -121.67 -531.034 2443.72 0 0 0 -94.2033 -972.085 2537.9 88.1673 -35.7621 2426.69 151.606 -498.585 2451.4 0 0 0 163.378 -933.31 2560.49
10477944 -11.1613 601.63 2457.4 -7.13258 347.624 2461.53 -5.46069 154.378 2447.1 0 0 0 0 0 0 -167.209 345.683 2468.97 -377.689 178.348 2504.58 0 0 0 -569.723 216.964 2313.87 0 0 0 0 0 0 152.944 349.564 2454.08 371.287 184.541 2490.95 0 0 0 582.639 230.082 2343.11 0 0 0 -97.4825 -40.0028 2437.04 -120.191 -528.08 2442.07 0 0 0 -93.9162 -970.853 2536.58 89.9049 -37.7311 2428.32 150.599 -501.154 2454.86 0 0 0 163.469 -936.239 2561.99
10511314 -10.0915 602.954 2458.96 -11.8927 348.939 2469.13 -6.85217 154.99 2451.22 0 0 0 0 0 0 -173.719 343.426 2483.29 -394.939 185.501 2488.67 0 0 0 -581.373 279.595 2316.9 0 0 0 0 0 0 149.934 354.453 2454.96 385.344 243.244 2496.11 0 0 0 597.594 293.789 2344.47 0 0 0 -92.968 -42.0646 2441.28 -118.116 -527.383 2445.43 0 0 0 -94.027 -971.739 2540.54 89.3446 -35.8529 2425.33 150.765 -498.919 2451.21 0 0 0 163.215 -934.104 2557.72
10578052 -6.33487 605.112 2462.53 -11.3752 354.529 2475.65 -5.37262 158.956 2454.73 0 0 0 0 0 0 -183.305 347.584 2491.25 -415.363 256.273 2453.59 0 0 0 -588.816 414.865 2306.03 0 0 0 0 0 0 160.554 361.475 2460.04 429.145 302.155 2488.34 0 0 0 609.056 435.352 2319.97 0 0 0 -88.9785 -40.2369 2441.95 -117.016 -516.037 2446.47 0 0 0 -106.891 -960.087 2543.38 90.2384 -32.9968 2425.68 150.653 -496.226 2450.37 0 0 0 163.7 -932.081 2555.93
10640509 -1.60463 606.987 2466.61 -9.10419 356.008 2472.88 -4.70581 163.518 2452.69 0 0 0 0 0 0 -183.678 350.42 2488.12 -438.568 281.13 2448.96 0 0 0 -577.429 486.587 2316.99 0 0 0 0 0 0 165.469 361.596 2457.64 440.907 311.823 2485.3 0 0 0 585.733 492.029 2318.59 0 0 0 -91.462 -31.8896 2440.45 -117.884 -511.83 2443.58 0 0 0 -102.29 -955.936 2540.75 90.8472 -26.054 2424.53 150.828 -502.756 2453.71 0 0 0 166.547 -940.155 2556.67
10678160 18.3843 598.904 2485.3 -6.44817 365.916 2469.42 -5.22086 173.114 2451.54 0 0 0 0 0 0 -181.959 363.737 2480.87 -432.703 364.502 2429.72 0 0 0 -533.24 608.778 2314.17 0 0 0 0 0 0 169.063 368.095 2457.97 413.54 369.944 2437.04 0 0 0 542.236 636.525 2306.29 0 0 0 -91.8428 -20.7792 2439.4 -118.673 -497.763 2440.13 0 0 0 -102.482 -947.947 2539.37 83.8557 -18.5978 2427.93 152.312 -494.088 2453.15 0 0 0 167.649 -943.576 2558.07
10740388 14.7659 601.514 2480.82 0.021951 377.461 2468.11 -3.5668 184.468 2452.4 0 0 0 0 0 0 -173.817 379.994 2476.7 -430.895 371.201 2426.47 0 0 0 -495.136 662.337 2314.63 0 0 0 0 0 0 173.861 374.927 2459.52 414.248 389.386 2446.67 0 0 0 503.253 670.828 2318.17 0 0 0 -93.7509 -7.26292 2440.98 -118.237 -480.338 2438.72 0 0 0 -104.826 -929.953 2539.31 79.4398 -9.78691 2432.42 153.95 -496.197 2447.79 0 0 0 168.653 -949.723 2554.58
10778268 22.175 592.888 2487.43 -5.33895 391.668 2469.08 -4.8161 194.036 2451.53 0 0 0 0 0 0 -169.876 390.746 2474.57 -399.252 431.039 2446.96 0 0 0 -431.125 727.64 2323.59 0 0 0 0 0 0 159.198 392.591 2463.59 409.02 419.509 2438.95 0 0 0 424.216 742.708 2328.49 0 0 0 -92.3833 -4.0907 2436.92 -115.472 -484.37 2437.85 0 0 0 -105.161 -932.75 2537.27 83.7968 -3.1026 2431.04 151.757 -485.037 2446.07 0 0 0 167.382 -927.838 2550.5
10840267 24.7639 595.779 2489.42 -7.97778 403.559 2470.82 -4.79404 204.991 2449.51 0 0 0 0 0 0 -170.467 400.957 2470.79 -398.735 434.813 2437.37 0 0 0 -399.33 755.448 2332.75 0 0 0 0 0 0 154.511 406.16 2470.85 397.722 448.075 2430.15 0 0 0 385.746 755.018 2340.94 0 0 0 -89.1959 5.02179 2428.18 -113.326 -484.544 2439.19 0 0 0 -103.415 -935.336 2535.03 85.9753 7.82645 2428.21 150.588 -480.928 2447.18 0 0 0 166.473 -918.541 2551.23
10873560 20.2112 599.625 2487.23 -12.9205 416.116 2475.59 -6.54022 209.274 2452.04 0 0 0 0 0 0 -179.464 410.994 2475.45 -399.989 441.639 2429.83 0 0 0 -367.933 761.475 2346.16 0 0 0 0 0 0 153.623 421.237 2475.72 391.014 481.716 2430.26 0 0 0 348.174 778.36 2349.07 0 0 0 -90.2029 -0.337509 2428.42 -114.247 -488.583 2440.03 0 0 0 -103.594 -938.879 2533.22 89.883 5.20064 2428.57 150.922 -481.548 2449.09 0 0 0 166.316 -918.569 2554.1
10911745 22.9349 601.758 2489.02 9.9713 428.995 2483.53 6.02338 218.117 2453.86 0 0 0 0 0 0 -155.625 432.37 2481.58 -385.204 483.689 2409.64 0 0 0 -306.813 786.012 2354.12 0 0 0 0 0 0 175.567 425.621 2485.47 388.999 498.939 2423.93 0 0 0 283.294 757.943 2348.46 0 0 0 -88.2983 9.08109 2423.14 -114.367 -484.409 2443.09 0 0 0 -105.721 -934.458 2536.77 92.4492 5.39807 2425.27 151.574 -484.921 2445.41 0 0 0 165.638 -920.552 2549.06
10978483 25.723 618.712 2468.5 9.72336 427.112 2474.19 7.17676 218.224 2448.36 0 0 0 0 0 0 -159.644 429.12 2474.65 -359.879 508.343 2380.5 0 0 0 -233.88 810.916 2358.94 0 0 0 0 0 0 179.09 425.104 2473.73 350.959 511.88 2407.35 0 0 0 212.464 770.95 2361.57 0 0 0 -84.6833 10.3942 2422.77 -111.671 -479.224 2445.75 0 0 0 -106.843 -936.361 2539.37 93.9436 8.27628 2422.29 151.475 -476.776 2438.04 0 0 0 165.251 -913.915 2541.48
11040025 26.5029 614.157 2476.89 17.1888 422.425 2472.22 10.2688 215.36 2448.61 0 0 0 0 0 0 -147.271 427.566 2475.34 -328.802 530.941 2368.98 0 0 0 -197.151 810.104 2366.32 0 0 0 0 0 0 181.649 417.284 2469.11 333.272 526.054 2394.62 0 0 0 184.28 772.426 2362.22 0 0 0 -85.1022 11.0608 2426.68 -110.25 -474.87 2446.28 0 0 0 -106.139 -930.924 2540.25 91.7997 5.53059 2423.33 152.438 -479.802 2435.72 0 0 0 165.234 -916.395 2538.43
11078591 30.7492 624.819 2467.8 10.9857 422.731 2472.35 8.41546 217.593 2450.59 0 0 0 0 0 0 -151.477 424.95 2470.62 -310.404 571.416 2347.09 0 0 0 -125.763 822.016 2385.63 0 0 0 0 0 0 173.448 420.512 2474.08 324.653 544.081 2383.57 0 0 0 108.279 793.664 2371.78 0 0 0 -75.9057 13.5719 2427.97 -109.107 -478.299 2444.59 0 0 0 -103.047 -934.619 2534.47 87.5961 11.3385 2429.71 153.277 -474.327 2433.4 0 0 0 164.014 -910.261 2536.97
11139904 34.9355 641.811 2460.85 7.24278 423.085 2472.02 6.1056 217.39 2450.11 0 0 0 0 0 0 -154.362 424.178 2470.15 -297.386 581.716 2340.9 0 0 0 -90.7597 827.559 2396.29 0 0 0 0 0 0 168.848 421.992 2473.89 318.839 550.907 2374.76 0 0 0 79.6535 798.745 2383.83 0 0 0 -76.6876 12.2472 2427.25 -107.814 -480.78 2443.5 0 0 0 -102.636 -936.754 2534.55 86.6244 11.1428 2429.14 153.892 -472.455 2433.71 0 0 0 162.942 -907.299 2537.71
11178699 32.5955 644.615 2460.41 7.53596 425.321 2473.02 9.13223 220.179 2452.46 0 0 0 0 0 0 -150.564 423.981 2474.12 -282.244 578.944 2342.54 0 0 0 -38.2468 802.876 2385.77 0 0 0 0 0 0 165.636 426.661 2471.92 311.532 563.534 2369.31 0 0 0 78.5499 795.357 2392.56 0 0 0 -64.9665 14.3954 2432.42 -105.145 -480.674 2439.09 0 0 0 -100.121 -939.895 2528.41 86.4235 15.6789 2431.36 153.154 -466.259 2436.87 0 0 0 162.853 -904.134 2543.14
11245437 28.6759 633.181 2468.65 6.07726 426.533 2473.61 7.14593 221.231 2452 0 0 0 0 0 0 -152.133 425.831 2472.45 -252.986 573.579 2343.31 0 0 0 -34.913 791.864 2379.74 0 0 0 0 0 0 164.288 427.234 2474.77 301.67 568.456 2365.51 0 0 0 66.2866 786.332 2400.31 0 0 0 -70.0738 15.5828 2429.82 -104.056 -477.297 2439.45 0 0 0 -99.0576 -937.099 2528.85 86.503 16.277 2430.97 153.341 -466.372 2435.51 0 0 0 163.25 -901.685 2541.54
11278806 29.4276 639.503 2469.66 5.65037 429.37 2473.09 7.33414 224.632 2453.5 0 0 0 0 0 0 -152.418 428.016 2473.67 -253.523 576.403 2345.75 0 0 0 -37.8922 789.955 2378.96 0 0 0 0 0 0 163.719 430.725 2472.52 291.286 576.18 2362.43 0 0 0 63.7936 785.959 2398.16 0 0 0 -68.2749 19.2316 2434.19 -100.399 -473.236 2434.6 0 0 0 -94.1533 -935.603 2524.91 86.3107 20.5565 2433.63 153.24 -462.481 2438.7 0 0 0 162.894 -900.837 2546.03
11345545 29.4443 641.918 2470.7 4.51158 429.115 2472.98 -1.85397 217.811 2481.4 0 0 0 0 0 0 -148.876 435.115 2507.62 -239.101 585.852 2378.1 0 0 0 -39.7039 798.898 2415.55 0 0 0 0 0 0 157.899 423.116 2438.35 284.808 573.743 2327.13 0 0 0 49.7111 779.299 2362.33 0 0 0 -111.182 10.5332 2513.05 -110.92 -454.058 2402.53 0 0 0 -103.596 -914.477 2490.7 94.7426 2.47897 2466.56 162.55 -479.623 2472.29 0 0 0 172.19 -915.856 2579.04
11378914 27.8092 643.923 2473.12 5.63079 429.935 2473.24 1.42195 209.794 2468.15 0 0 0 0 0 0 -146.695 432.189 2501.7 -245.918 581.559 2371.21 0 0 0 -50.0311 786.527 2412.13 0 0 0 0 0 0 157.956 427.68 2444.78 286.716 577.449 2333.07 0 0 0 41.6112 784.225 2367.32 0 0 0 -97.0798 -8.9509 2480.68 -109.509 -467.866 2410.1 0 0 0 -101.091 -927.202 2497.97 91.506 -11.7419 2445.44 158.562 -470.284 2467.18 0 0 0 168.279 -904.922 2571.24
11445653 28.199 645.869 2475.51 4.19894 430.638 2473.12 0.25174 217.704 2467.05 0 0 0 0 0 0 -149.031 432.883 2494.02 -251.285 581.214 2365.22 0 0 0 -51.3927 783.907 2395.86 0 0 0 0 0 0 157.429 428.394 2452.22 286.148 579.272 2340.58 0 0 0 36.3056 782.207 2372.13 0 0 0 -95.4431 6.11362 2473.5 -106.727 -472.23 2416.94 0 0 0 -98.0435 -929.595 2503.99 88.0522 3.42548 2448.47 155.655 -462.223 2458.91 0 0 0 164.985 -901.028 2562.72
11479022 26.541 645.852 2483.19 -4.41554 422.988 2471.81 -8.44166 212.167 2470.44 0 0 0 0 0 0 -149.479 425.615 2493.82 -252.551 575.343 2364.1 0 0 0 -40.4848 776.75 2394.38 0 0 0 0 0 0 140.648 420.362 2449.8 283.339 587.205 2342.48 0 0 0 39.8995 791.448 2369.27 0 0 0 -112.562 3.15736 2484.25 -105.386 -462.124 2414.59 0 0 0 -99.2093 -919.779 2504.65 87.6265 -0.467789 2453.88 155.749 -468.724 2459.26 0 0 0 165.781 -908.876 2560.36
11545760 25.0936 647.611 2489.18 -6.58464 419.447 2467.37 -8.47046 210.951 2467.85 0 0 0 0 0 0 -151.136 420.801 2487.8 -254.007 568.517 2358.48 0 0 0 -48.568 763.739 2397.88 0 0 0 0 0 0 137.967 418.092 2446.94 281.357 593.677 2348.65 0 0 0 32.7256 796.9 2372.72 0 0 0 -106.397 3.35451 2481.91 -107.301 -472.511 2415.57 0 0 0 -98.5461 -919.301 2508.19 85.684 1.55443 2454.76 153.657 -468.994 2455.88 0 0 0 164.191 -907.827 2556.32
11579130 23.6362 649.013 2489.29 -5.92654 425.11 2469.09 -3.46512 214.586 2471.59 0 0 0 0 0 0 -152.676 423.659 2491.37 -253.103 572.544 2361.26 0 0 0 -39.1966 778.291 2402.64 0 0 0 0 0 0 140.823 426.561 2446.8 279.386 588.698 2344.01 0 0 0 39.9936 795.455 2377.31 0 0 0 -88.1574 3.19977 2487.32 -107.002 -469.965 2412.14 0 0 0 -100.471 -921.18 2504.87 86.15 4.92322 2460.86 154.882 -467.212 2460.33 0 0 0 165.248 -906.15 2560.74
11645868 25.1662 646.55 2486.88 -2.91454 427.195 2470.31 -2.9374 214.201 2473.38 0 0 0 0 0 0 -151.603 427.441 2486.25 -254.886 576.248 2354.82 0 0 0 -57.4833 776.678 2384.12 0 0 0 0 0 0 145.774 426.949 2454.37 279.781 583.306 2345.16 0 0 0 35.4286 788.11 2380.8 0 0 0 -91.5555 1.35274 2485.96 -105.128 -467.647 2418.34 0 0 0 -99.1534 -920.263 2511.22 85.635 1.05965 2466.96 152.898 -470.113 2456.11 0 0 0 162.737 -909.136 2556.05
11679237 25.7795 647.841 2486.29 -4.16375 428.358 2471.45 -2.82415 210.724 2471.76 0 0 0 0 0 0 -153.341 427.456 2482.47 -254.142 576.37 2349.17 0 0 0 -41.7652 778.333 2384.9 0 0 0 0 0 0 145.013 429.261 2460.43 282.133 580.179 2347.46 0 0 0 41.0787 783.963 2386.94 0 0 0 -86.3245 -7.42343 2478.34 -105.852 -469.35 2423.79 0 0 0 -93.4527 -925.482 2528.51 83.3554 -6.39697 2465.81 152.723 -475.894 2450.92 0 0 0 154.797 -929.202 2553.34
11745976 25.9919 646.933 2489.87 -5.9609 427.168 2472.08 -3.25188 210.129 2472.3 0 0 0 0 0 0 -155.115 425.322 2487.25 -253.815 574.625 2352.38 0 0 0 -26.93 788.204 2403.57 0 0 0 0 0 0 143.194 429.014 2456.91 283.135 582.88 2343.73 0 0 0 45.5066 786.518 2376.37 0 0 0 -84.0945 -7.94489 2481.03 -107.194 -474.122 2422.1 0 0 0 -96.1201 -922.222 2519.77 83.0088 -5.87668 2464.03 153.61 -473.156 2455.5 0 0 0 158.85 -921.703 2556.56
11805764 24.7353 648.942 2490.32 -6.34618 428.708 2473.66 -2.27937 206.313 2468.34 0 0 0 0 0 0 -159.255 425.424 2494.07 -253.889 572.838 2332.48 0 0 0 -34.3593 777.611 2396.26 0 0 0 0 0 0 146.563 431.993 2453.25 282.993 581.572 2326.76 0 0 0 40.6977 790.925 2368.18 0 0 0 -88.2295 -18.0152 2475.03 -111.466 -496.412 2426.22 0 0 0 -93.0423 -943.982 2517.95 91.8044 -14.148 2451 154.742 -460.639 2465.33 0 0 0 161.081 -902.943 2564.57
11846084 25.5309 649.04 2487.16 -6.31689 429.523 2472.32 -2.91125 207.591 2467.66 0 0 0 0 0 0 -158.353 426.758 2492.9 -252.728 575.888 2344.8 0 0 0 -35.1695 779.972 2397.11 0 0 0 0 0 0 145.719 432.289 2451.74 282.114 582.529 2330.55 0 0 0 40.228 788.181 2371.79 0 0 0 -88.4279 -15.958 2475.03 -109.607 -491.939 2424.55 0 0 0 -88.6847 -946.884 2519.34 89.4166 -12.7233 2450.96 155.028 -461.631 2463.14 0 0 0 161.547 -901.866 2563.01
11905643 21.4463 651.992 2476.6 -7.74197 430.645 2471.54 -4.54822 211.139 2472.01 0 0 0 0 0 0 -160.071 428.473 2492.5 -251.392 579.545 2350.24 0 0 0 -31.2135 783.806 2401.86 0 0 0 0 0 0 144.587 432.816 2450.58 281.307 578.785 2330.2 0 0 0 44.1061 782.174 2369.37 0 0 0 -87.8886 -9.5994 2484.38 -106.139 -467.078 2416.56 0 0 0 -91.6903 -938.431 2515.38 85.1796 -7.13202 2460.57 155.469 -463.984 2462.1 0 0 0 161.183 -902.439 2561.97
11946191 23.5601 649.83 2479.09 -5.61023 436.105 2472.26 0.00219006 209.343 2469.64 0 0 0 0 0 0 -160.231 432.101 2487.56 -254.519 581.103 2348.49 0 0 0 -37.6369 785.772 2397.07 0 0 0 0 0 0 149.01 440.108 2456.96 283.654 573.251 2328.87 0 0 0 45.3363 778.346 2377.1 0 0 0 -71.718 -19.4206 2474.67 -106.007 -461.109 2422.68 0 0 0 -76.2276 -912.385 2528.94 82.9473 -15.4156 2459.36 155.608 -476.129 2457.4 0 0 0 159.977 -913.216 2557.56
11979561 25.1247 649.475 2480.25 -7.194 434.445 2471.42 -6.59298 216.401 2467.55 0 0 0 0 0 0 -162.061 433.709 2488.85 -254.509 580.543 2352.87 0 0 0 -37.04 782.401 2398.56 0 0 0 0 0 0 147.673 435.182 2454 282.93 572.572 2327.71 0 0 0 44.7044 777.935 2379.15 0 0 0 -79.6869 -1.99399 2471.97 -107.817 -458.596 2420.55 0 0 0 -85.7587 -911.607 2520.41 67.703 -1.29327 2455.39 156.467 -481.586 2458.73 0 0 0 160.882 -919.477 2560.07
12046299 25.05 650.286 2480.76 -6.82677 433.513 2470.82 -6.06881 219.301 2463.87 0 0 0 0 0 0 -162.342 432.672 2479.78 -256.531 579.432 2346.27 0 0 0 -57.4839 774.171 2385.92 0 0 0 0 0 0 148.688 434.354 2461.85 283.992 573.534 2337.45 0 0 0 38.8997 777.397 2386.1 0 0 0 -81.5145 4.67665 2461.31 -105.524 -474.496 2429.79 0 0 0 -86.3276 -928.645 2526.26 70.8928 5.50087 2452.53 153.516 -469.768 2450.74 0 0 0 157.751 -924.479 2553.3
12105401 23.7037 650.163 2481.79 -6.41006 433.738 2470.72 -3.66718 224.603 2461.4 0 0 0 0 0 0 -161.195 431.095 2484.48 -262.534 572.653 2359.13 0 0 0 -40.2948 780.998 2394.83 0 0 0 0 0 0 148.375 436.381 2456.96 283.585 574.067 2331.25 0 0 0 55.2423 772.087 2376.02 0 0 0 -82.9424 14.0675 2459.38 -106.619 -463.779 2425.65 0 0 0 -87.2661 -919.639 2523.15 81.0938 16.8686 2444.8 155.502 -482.823 2454.72 0 0 0 162.242 -936.464 2556.39
12146407 23.5644 651.458 2483.52 -7.28246 427.758 2479.2 -5.66904 220.282 2464.86 0 0 0 0 0 0 -164.339 425.63 2492.31 -267.889 579.992 2387.53 0 0 0 -48.8145 780.577 2377.91 0 0 0 0 0 0 149.775 429.885 2466.09 284.194 567.835 2340.58 0 0 0 54.9706 770.363 2385.47 0 0 0 -82.9697 11.7377 2457.11 -103.659 -471.071 2435.14 0 0 0 -86.0588 -928.696 2531.87 74.8585 13.8757 2443.94 154.027 -477.602 2446.64 0 0 0 161.229 -926.408 2548.08
12205280 23.3975 651.867 2483.41 -6.65283 430.05 2475.88 -4.35145 220.02 2463.59 0 0 0 0 0 0 -162.633 427.747 2486.04 -264.403 578.104 2371.02 0 0 0 -46.246 780.062 2386.08 0 0 0 0 0 0 149.327 432.353 2465.71 283.906 571.288 2340.53 0 0 0 50.0103 774.725 2385.9 0 0 0 -78.7448 8.85783 2456.31 -104.688 -471.256 2437.73 0 0 0 -86.6942 -941.625 2528.58 74.6447 11.1228 2446.32 155.022 -478.858 2447.96 0 0 0 161.017 -926.688 2550.11
12246515 23.4668 652.033 2483.16 -5.78662 430.462 2475.15 -2.94173 217.576 2463.81 0 0 0 0 0 0 -160.832 427.986 2482.73 -265.149 573.587 2369.85 0 0 0 -41.7231 780.898 2386.98 0 0 0 0 0 0 149.259 432.938 2467.57 282.1 575.355 2344.59 0 0 0 44.6809 781.231 2390.05 0 0 0 -76.1554 3.47554 2456.18 -104.281 -482.393 2442.47 0 0 0 -93.2843 -952.746 2533.08 75.9617 5.90474 2448.74 155.41 -476.168 2447.34 0 0 0 159.733 -923.695 2549.62
12279884 23.4399 651.66 2484.3 -5.97149 430.084 2474.75 -2.71081 217.03 2464.62 0 0 0 0 0 0 -161.027 427.325 2482.88 -263.266 574.038 2367.72 0 0 0 -42.3414 784.199 2390.86 0 0 0 0 0 0 149.084 432.844 2466.63 282.408 574.807 2341.92 0 0 0 44.7118 776.382 2384.19 0 0 0 -74.5726 2.6389 2458.43 -104.64 -480.037 2440.37 0 0 0 -105.886 -932.257 2518.63 75.6724 5.31288 2450.55 155.807 -473.304 2448.44 0 0 0 159.426 -921.928 2550.5
12338452 23.4765 651.655 2485.33 -5.31692 426.264 2473.16 -2.57258 215.959 2463.15 0 0 0 0 0 0 -160.411 423.92 2479.88 -263.156 570.371 2362.12 0 0 0 -43.609 782.501 2385.35 0 0 0 0 0 0 149.777 428.608 2466.45 282.065 577.565 2342.4 0 0 0 41.8177 779.263 2387.16 0 0 0 -73.9725 4.53374 2456.34 -104.933 -479.519 2439.83 0 0 0 -108.031 -924.763 2518.01 74.316 6.77467 2449.92 155.43 -470.594 2446.88 0 0 0 159.16 -919.757 2548.25
12379992 23.1456 649.895 2485.39 -3.74166 426.764 2472.68 -2.29059 216.486 2463.35 0 0 0 0 0 0 -159.382 425.359 2480.14 -260.579 574.742 2360.71 0 0 0 -42.1071 780.593 2383.75 0 0 0 0 0 0 151.898 428.169 2465.22 282.392 575.651 2340.47 0 0 0 45.4126 781.404 2386.22 0 0 0 -75.3862 5.53633 2457.6 -104.29 -476.744 2436.81 0 0 0 -100.619 -930.609 2522.32 73.7072 6.88219 2450.45 153.034 -469.47 2445.59 0 0 0 159.743 -921.338 2547.75
12438331 23.444 648.434 2485.21 -2.98301 418.383 2471.32 -2.56639 213.147 2469.53 0 0 0 0 0 0 -158.496 417.94 2485.88 -260.427 569.836 2372.24 0 0 0 -41.0468 776.431 2390.01 0 0 0 0 0 0 152.53 418.825 2456.75 281.411 580.974 2333.66 0 0 0 44.9296 787.916 2381.02 0 0 0 -75.2305 7.70375 2474.59 -104.462 -471.294 2424.15 0 0 0 -97.4541 -934.78 2517.34 70.931 8.11977 2460.9 152.767 -469.001 2452.5 0 0 0 161.913 -919.447 2552.99
12504917 22.7459 648.636 2483.87 -3.31552 422.582 2472.63 -4.30995 215.605 2468.34 0 0 0 0 0 0 -158.401 423.064 2485.28 -260.135 576.578 2368.25 0 0 0 -44.3703 783.855 2383.96 0 0 0 0 0 0 151.77 422.099 2459.99 279.632 573.49 2329.27 0 0 0 41.8618 782.889 2376.92 0 0 0 -80.8719 8.86288 2470.2 -104.651 -474.111 2426.28 0 0 0 -96.2062 -939.528 2519.83 70.2631 8.39261 2457.88 151.224 -468.702 2445.6 0 0 0 161.491 -919.382 2551.2
12538210 22.7292 649.394 2484 -2.96644 424.355 2472.85 -3.16247 216.411 2467.34 0 0 0 0 0 0 -158.115 424.191 2484.57 -261.19 573.65 2328.27 0 0 0 -51.843 786.837 2386.02 0 0 0 0 0 0 152.182 424.519 2461.13 280.329 571.691 2328.67 0 0 0 40.1004 777.313 2365.96 0 0 0 -76.9129 8.39015 2467.4 -105.002 -475.138 2425.84 0 0 0 -96.2206 -940.493 2519.83 70.1959 8.54558 2456.28 152.275 -470.436 2446.35 0 0 0 161.763 -918.831 2552.06
12604796 23.4999 647.759 2481.77 -1.83752 427.048 2473.33 -2.86216 227.248 2466.16 0 0 0 0 0 0 -157.624 427.502 2482.92 -272.012 566.627 2337.07 0 0 0 -53.2152 794.249 2377.97 0 0 0 0 0 0 153.949 426.593 2463.75 280.41 568.658 2330.69 0 0 0 60.3237 787.03 2370.57 0 0 0 -80.3486 27.6712 2463.68 -105.682 -457.233 2414.98 0 0 0 -96.7404 -955.338 2520.45 72.575 27.225 2454.27 154.087 -454.455 2446.51 0 0 0 162.55 -902.196 2552.4
12646946 23.5076 648.214 2481.48 -1.32632 429.344 2474.1 -3.32359 234.304 2462.55 0 0 0 0 0 0 -157.166 430.112 2488.07 -283.12 565.056 2351.26 0 0 0 -68.9473 813.433 2378.68 0 0 0 0 0 0 154.513 428.575 2460.13 282.037 555.86 2323.41 0 0 0 69.5924 787.51 2354.94 0 0 0 -79.6727 39.6321 2457.67 -105.678 -458.197 2413.99 0 0 0 -97.9924 -947.427 2516.82 69.031 38.8987 2444.33 156.03 -452.129 2452.61 0 0 0 161.61 -909.086 2557.63
12704675 22.5446 650.18 2481.49 -1.56663 430.06 2474.07 -4.6656 232.421 2461.87 0 0 0 0 0 0 -157.735 431.569 2489.3 -296.382 571.266 2353.68 0 0 0 -89.8486 807.13 2368.83 0 0 0 0 0 0 154.602 428.551 2458.85 293.36 535.662 2319.59 0 0 0 102.975 778.224 2338.93 0 0 0 -77.616 35.4566 2456.48 -105.032 -451.157 2414.39 0 0 0 -98.4677 -935.003 2517.56 62.0869 34.1067 2442.86 154.494 -463.794 2451.2 0 0 0 161.217 -919.683 2557.9
12747053 21.8228 650.644 2482.92 -5.78501 426.18 2482.87 -6.00412 225.714 2467.07 0 0 0 0 0 0 -167.12 424.865 2501.79 -292.737 544.861 2355.92 0 0 0 -117.049 791.595 2340.84 0 0 0 0 0 0 155.55 427.494 2463.95 308.731 499.967 2341.94 0 0 0 144.283 754.973 2328.94 0 0 0 -78.1639 24.6617 2459.71 -121.468 -485.376 2430 0 0 0 -97.5504 -937.14 2522.66 65.7174 25.8345 2442.83 152.997 -463.591 2446.82 0 0 0 160.271 -918.562 2552.29
12804554 20.8282 650.577 2482.08 -3.37914 428.081 2478.91 -6.69453 223.3 2462.26 0 0 0 0 0 0 -164.07 429.909 2488.41 -299.775 526.399 2337.53 0 0 0 -146.062 776.963 2317.9 0 0 0 0 0 0 157.312 426.252 2469.4 341.843 476.975 2350.78 0 0 0 178.546 721.323 2317.86 0 0 0 -89.1113 19.4201 2450.29 -117.437 -477.345 2442.9 0 0 0 -96.1478 -934.053 2527.03 69.0915 17.6197 2440.93 152.344 -468.3 2444.2 0 0 0 159.999 -922.204 2548.12
12847161 18.5533 649.389 2478.87 -4.54752 424.463 2481 -8.72007 221.698 2459.86 0 0 0 0 0 0 -167.982 427.235 2486.67 -341.246 419.642 2330 0 0 0 -203.79 708.74 2266.54 0 0 0 0 0 0 158.887 421.691 2475.34 384.617 365.65 2358.76 0 0 0 226.97 644.994 2293.92 0 0 0 -96.6044 20.3529 2441.62 -112.591 -472.585 2443.06 0 0 0 -95.6701 -935.324 2532.73 70.8192 17.5131 2435.81 152.22 -468.345 2439.1 0 0 0 160.73 -921.504 2541.43
12904433 18.2062 648.101 2478.82 -0.502855 410.556 2486.92 -4.36841 215.616 2463.98 0 0 0 0 0 0 -168.12 412.758 2496.46 -336.987 376.866 2354.71 0 0 0 -230.56 644.061 2250.81 0 0 0 0 0 0 167.114 408.354 2477.39 380.727 357.512 2370.38 0 0 0 245.992 616.444 2263.91 0 0 0 -91.106 21.7645 2445.75 -117.797 -480.942 2440.16 0 0 0 -90.4608 -939.397 2528.32 74.638 19.5875 2436.32 152.055 -469.139 2444.92 0 0 0 161.446 -922.159 2546.94
12947269 21.0619 629.396 2482.29 -0.142317 407.394 2489.95 -3.69229 212.709 2463.9 0 0 0 0 0 0 -167.684 409.21 2499.22 -336.102 324.276 2361.72 0 0 0 -251.698 530.294 2177.9 0 0 0 0 0 0 167.399 405.579 2480.69 342.577 263.16 2405.91 0 0 0 266.672 501.077 2200.01 0 0 0 -91.9949 18.9417 2442.53 -119.043 -484.572 2443.71 0 0 0 -89.4046 -944.257 2535.34 77.5103 17.105 2433.16 151.693 -469.186 2443.84 0 0 0 161.847 -921.675 2546.43
13014007 21.7537 611.469 2487.58 -1.88894 391.609 2481.33 -3.34922 192.017 2465.66 0 0 0 0 0 0 -168.409 392.593 2484.32 -295.149 217.751 2405.95 0 0 0 -279.633 327.197 2139.26 0 0 0 0 0 0 164.631 390.626 2478.34 337.371 220.664 2432.57 0 0 0 306.899 302.722 2165.55 0 0 0 -98.0483 -7.02444 2451.66 -118.768 -494.705 2446.4 0 0 0 -91.5818 -952.569 2534.29 88.4293 -8.1257 2448.31 159.753 -493.583 2452.08 0 0 0 162.481 -917.845 2547.5
13070898 21.226 603.391 2493.59 -3.04344 375.782 2473.11 -2.70218 177.268 2461.15 0 0 0 0 0 0 -161.4 375.3 2476.59 -290.532 172.721 2424.38 0 0 0 -238.941 282.594 2233.88 0 0 0 0 0 0 155.313 376.263 2469.64 333.041 198.269 2479.86 0 0 0 293.359 240.5 2260.41 0 0 0 -93.848 -21.5249 2451.2 -120.515 -501.988 2448.27 0 0 0 -91.7808 -965.57 2538.99 89.1261 -20.9685 2447.19 158.881 -502.305 2455.1 0 0 0 159.024 -931.447 2552.07
13104191 19.1149 598.861 2496.78 -5.13365 362.305 2466.41 -2.6311 167.133 2457.38 0 0 0 0 0 0 -159.172 360.093 2471.53 -252.708 135.239 2446.52 0 0 0 -252.317 134.307 2094.13 0 0 0 0 0 0 148.904 364.517 2461.29 311.429 173.612 2497.9 0 0 0 305.584 141.69 2162.61 0 0 0 -93.6078 -29.3804 2451.46 -122.159 -507.443 2448.84 0 0 0 -91.8533 -973.872 2538.12 93.3507 -26.6956 2445.24 156.143 -490.892 2454.37 0 0 0 157.77 -938.895 2554.09
13170777 16.5609 601.198 2495.44 -5.52181 359.798 2465.68 -2.79955 164.74 2456.55 0 0 0 0 0 0 -157.726 357.406 2471.4 -239.477 118.18 2463.02 0 0 0 -229.78 -31.1957 2279.48 0 0 0 0 0 0 146.682 362.19 2459.96 267.93 148.308 2504.18 0 0 0 303.265 -14.8501 2234.2 0 0 0 -94.6083 -31.8046 2450.97 -123.222 -509.299 2448.38 0 0 0 -92.0541 -972.966 2535.49 94.4538 -28.8335 2443.86 154.615 -487.781 2455.28 0 0 0 158.743 -942.943 2551.86
13204070 14.631 598.626 2495.72 -6.76072 359.348 2465.31 -3.58107 164.166 2455.84 0 0 0 0 0 0 -158.944 356.578 2471.31 -230.457 114.918 2472.78 0 0 0 -231.36 -79.6785 2227.25 0 0 0 0 0 0 145.422 362.119 2459.3 245.406 132.511 2502.27 0 0 0 293.755 -59.6913 2280.16 0 0 0 -96.2023 -32.761 2450.14 -123.926 -511.56 2448.73 0 0 0 -92.0331 -976.614 2538.01 95.3995 -29.2729 2442.59 155.346 -498.786 2459.42 0 0 0 158.818 -946.345 2549.8
13270656 15.1132 599.531 2493.76 -6.45633 357.034 2462.96 -3.92853 162.533 2452.85 0 0 0 0 0 0 -158.783 354.744 2468.93 -210.911 99.4974 2479.9 0 0 0 -217.327 -177.712 2311.03 0 0 0 0 0 0 145.87 359.325 2456.98 232.994 123.633 2501.7 0 0 0 277.176 -141.542 2380.01 0 0 0 -98.2082 -33.4245 2446.54 -123.137 -516.643 2448.13 0 0 0 -90.2686 -972.972 2538.15 95.4067 -30.5134 2438.94 154.401 -495.636 2456.04 0 0 0 159.507 -936.512 2547.1
13314331 16.6509 598.587 2493.74 -4.74722 354.62 2461.74 -3.1345 163.233 2450.84 0 0 0 0 0 0 -157.908 353.02 2467.16 -201.749 88.2524 2486.31 0 0 0 -217.363 -203.474 2383.75 0 0 0 0 0 0 148.414 356.219 2456.31 201.66 104.544 2496.92 0 0 0 266.993 -165.711 2457.73 0 0 0 -98.2971 -29.1648 2443.37 -121.092 -518.187 2446.74 0 0 0 -89.0241 -976.724 2535.42 95.2536 -27.1438 2436.52 154.023 -490.449 2454.05 0 0 0 159.673 -929.839 2548.15
13370535 17.6787 600.298 2491.94 -2.51851 353.676 2460.04 1.59512 168.54 2444.96 0 0 0 0 0 0 -154.006 349.435 2470.79 -194.645 83.9384 2496.1 0 0 0 -228.896 -186.656 2437.9 0 0 0 0 0 0 148.969 357.917 2449.3 187.179 107.773 2491.48 0 0 0 253.159 -151.682 2470.16 0 0 0 -97.5231 -19.486 2437.19 -120.39 -504.951 2440.18 0 0 0 -87.9518 -964.086 2529.46 108.941 -13.7054 2422.55 151.992 -497.34 2454.58 0 0 0 161.511 -939.964 2557.09
13403828 17.5502 601.255 2490.02 -0.665014 352.373 2458.47 1.41835 165.309 2446.2 0 0 0 0 0 0 -151.746 350.132 2466.98 -187.35 81.2599 2502.72 0 0 0 -212.826 -201.579 2440.55 0 0 0 0 0 0 150.416 354.614 2449.96 187.582 79.9854 2513.59 0 0 0 254.84 -164.258 2493.77 0 0 0 -95.7519 -23.2274 2439.53 -118.788 -507.259 2441.08 0 0 0 -83.0756 -967.623 2531.98 102.755 -20.2831 2428.34 151.962 -495.152 2454.38 0 0 0 164.472 -935.206 2564.52
13447808 11.0058 583.529 2474.17 -1.07831 350.46 2457.45 0.483882 164.002 2447.44 0 0 0 0 0 0 -152.118 348.767 2465.42 -185.432 76.4595 2519.36 0 0 0 -215.436 -197.583 2466.31 0 0 0 0 0 0 149.961 352.153 2449.48 183.561 86.7906 2512.09 0 0 0 241.015 -155.367 2505.46 0 0 0 -95.0409 -23.5448 2442.56 -117.419 -505.914 2441.44 0 0 0 -79.8481 -933.958 2540.22 99.1331 -21.3681 2432.31 152.795 -494.845 2453.86 0 0 0 163.12 -934.239 2564.02
13503707 8.53272 586.95 2466.67 -1.46623 350.585 2457.56 0.0202983 164.113 2448.62 0 0 0 0 0 0 -151.693 349.061 2464.36 -189.356 80.41 2532.71 0 0 0 -215.293 -198.348 2462.9 0 0 0 0 0 0 148.761 352.108 2450.77 180.961 92.1664 2512.72 0 0 0 242.43 -159.204 2510.22 0 0 0 -94.2785 -23.3297 2444.01 -115.031 -509.984 2441.54 0 0 0 -80.5076 -948.848 2537.82 97.2922 -21.387 2435.35 153.076 -491.969 2453.93 0 0 0 162.095 -926.294 2563.26
13547915 -0.537399 594.232 2457.73 -2.76023 350.045 2455.89 -1.21641 162.361 2448.67 0 0 0 0 0 0 -152.919 348.511 2463.66 -188.565 76.6122 2534.65 0 0 0 -222.896 -204.873 2449.39 0 0 0 0 0 0 147.399 351.579 2448.11 179.367 96.8272 2513.53 0 0 0 254.315 -172.155 2510.97 0 0 0 -95.3499 -26.3009 2446.41 -115.025 -511.556 2440.35 0 0 0 -82.5618 -955.225 2536.28 96.0047 -24.3458 2436.5 154.034 -496.382 2455.58 0 0 0 165.52 -945.777 2561.97
13603586 5.34206 595.499 2468.87 -6.96793 352.715 2452.79 -3.51665 163.85 2447.47 0 0 0 0 0 0 -153.821 349.754 2462.62 -189.291 75.3468 2533.73 0 0 0 -225.956 -203.304 2458.63 0 0 0 0 0 0 139.885 355.675 2442.97 178.647 98.6496 2517.18 0 0 0 252.86 -173.867 2508.47 0 0 0 -94.6191 -26.9218 2448.47 -115.094 -510.008 2441.29 0 0 0 -79.1568 -958.546 2539.53 94.4883 -23.1095 2435.82 155.172 -499.784 2455.44 0 0 0 162.782 -938.947 2557.28
13670172 6.12581 595.691 2473.08 -7.24019 352.037 2453.87 -3.65524 163.002 2447.57 0 0 0 0 0 0 -155.541 348.913 2463.21 -188.84 73.9414 2528.61 0 0 0 -225.109 -195.479 2445.36 0 0 0 0 0 0 141.06 355.161 2444.53 176.576 104.906 2516.15 0 0 0 266.095 -166.131 2479.33 0 0 0 -93.7576 -28.0059 2447.17 -115.845 -510.119 2440.17 0 0 0 -80.5938 -962.846 2538.24 93.617 -24.0591 2435.37 155.09 -497.697 2454.92 0 0 0 162.921 -932.763 2557.31
13703465 6.99101 595.852 2474.38 -7.47652 352.028 2454.26 -3.35759 161.544 2447.46 0 0 0 0 0 0 -156.352 348.482 2463.41 -189.094 73.2438 2525.83 0 0 0 -222.847 -207.658 2416.65 0 0 0 0 0 0 141.399 355.574 2445.11 176.926 107.167 2515.52 0 0 0 264.754 -157.378 2474.98 0 0 0 -91.6258 -31.1405 2446.33 -115.211 -513.286 2439.62 0 0 0 -71.6072 -980.139 2539.31 93.1484 -26.7394 2434.98 155.305 -500.285 2454.66 0 0 0 163.021 -933.295 2555.63
13748131 6.36931 595.726 2474.57 -7.53144 351.759 2454.4 -3.05589 158.279 2444.07 0 0 0 0 0 0 -157.325 348.006 2459.8 -189.955 71.0646 2520.32 0 0 0 -218.672 -205.782 2375.46 0 0 0 0 0 0 142.262 355.512 2449 178.277 109.887 2520.25 0 0 0 272.769 -153.466 2438.48 0 0 0 -89.9775 -37.4916 2437.03 -115.717 -511.391 2443.16 0 0 0 -70.2556 -986.749 2543.89 92.8168 -32.9114 2430.44 155.769 -506.295 2452.06 0 0 0 165.507 -943.826 2555.18
13803344 2.1093 593.119 2468.24 -7.12469 350.604 2453.68 -4.73478 155.996 2442.96 0 0 0 0 0 0 -157.555 348.407 2460.03 -190.575 70.5215 2519.91 0 0 0 -218.095 -198.007 2364.33 0 0 0 0 0 0 143.305 352.801 2447.32 181.452 106.681 2518.39 0 0 0 270.545 -146.668 2427.47 0 0 0 -93.1905 -39.9384 2436.08 -115.165 -514.194 2442.46 0 0 0 -70.9738 -993.038 2541.06 88.5008 -37.2848 2428.41 154.871 -511.21 2455.35 0 0 0 165.682 -950.303 2558.11
13848239 0.555872 593.99 2464.65 -8.95568 352.869 2451.8 -5.62205 158.267 2442.98 0 0 0 0 0 0 -158.541 349.924 2460.25 -193.026 73.283 2514.88 0 0 0 -228.672 -191.176 2349.19 0 0 0 0 0 0 140.63 355.815 2443.36 185.507 109.363 2519.2 0 0 0 272.432 -142.597 2396.37 0 0 0 -93.8236 -38.137 2439.32 -114.53 -516.624 2443.81 0 0 0 -71.8879 -991.091 2540.22 89.2468 -34.5322 2428.99 153.992 -510.341 2455.6 0 0 0 165.862 -953.001 2559.67
13903223 -0.0774794 598.146 2459.41 -9.95932 352.257 2451.89 -6.29355 158.675 2443.09 0 0 0 0 0 0 -159.704 349.045 2460.16 -198.328 71.8336 2507.66 0 0 0 -220.865 -187.689 2336.32 0 0 0 0 0 0 139.785 355.468 2443.63 193.758 109.057 2517.94 0 0 0 272.119 -141.052 2384.93 0 0 0 -94.7282 -36.8813 2439.38 -114.414 -516.33 2444.8 0 0 0 -73.9736 -987.546 2540.16 89.4726 -32.9312 2429.21 153.41 -510.444 2455.38 0 0 0 165.374 -955.726 2560.38
13948346 -1.5203 600.029 2450.13 -9.94016 350.873 2452.95 -6.88899 157.593 2443.28 0 0 0 0 0 0 -161.346 348.085 2460.91 -195.899 75.9699 2510.54 0 0 0 -222.284 -183.165 2312.64 0 0 0 0 0 0 141.465 353.662 2444.98 202.089 105.971 2511.27 0 0 0 264.904 -133.454 2370.4 0 0 0 -96.4011 -37.3923 2438.48 -114.208 -516.038 2443.58 0 0 0 -73.7674 -983.536 2539.41 88.7254 -33.9828 2428.74 153.202 -511.527 2455.15 0 0 0 165.046 -959.609 2560.22
14003102 -1.7869 599.373 2451.87 -9.13762 349.311 2452.87 -6.69405 155.645 2443.08 0 0 0 0 0 0 -160.505 347.011 2460.58 -194.066 78.3331 2511.77 0 0 0 -220.102 -179.094 2320.07 0 0 0 0 0 0 142.23 351.611 2445.17 206.028 105.533 2502.15 0 0 0 261.912 -137.967 2356.21 0 0 0 -96.0428 -39.4149 2437.96 -114.497 -517.05 2442.24 0 0 0 -81.2568 -968.427 2538.55 87.5418 -36.6259 2428.62 152.69 -511.577 2455.51 0 0 0 164.99 -957.338 2561.82
