5472557 47.4572 600.886 2385.36 17.564 346.953 2385.29 17.5373 159.721 2372.06 0 0 0 0 0 0 -134.221 346.496 2392.06 -178.314 91.9976 2452.7 0 0 0 -194.098 -180.788 2340.99 0 0 0 0 0 0 169.349 347.41 2378.52 201.526 91.9673 2439.5 0 0 0 244.841 -168.11 2392.77 0 0 0 -75.2161 -27.791 2362.96 -104.737 -505.369 2369 0 0 0 -97.3807 -948.466 2468.43 110.237 -27.2327 2354.69 158.373 -499.834 2382.19 0 0 0 161.288 -948.491 2494.31
5522943 37.8007 602.77 2380.22 12.2237 343.782 2387.7 14.2026 156.538 2373.32 0 0 0 0 0 0 -142.665 341.665 2393.95 -175.722 64.1632 2443.71 0 0 0 -196.479 -206.715 2335.13 0 0 0 0 0 0 167.112 345.899 2381.44 197.673 91.6122 2445.09 0 0 0 246.469 -166.697 2385.32 0 0 0 -77.4048 -31.9852 2362.73 -104.578 -505.608 2371.01 0 0 0 -101.962 -948.807 2475.25 109.768 -29.427 2355.17 157.653 -501.422 2380.63 0 0 0 159.49 -951.422 2493.56
5572664 31.4644 602.017 2378.39 11.2395 344.533 2387.47 13.4108 157.395 2373.61 0 0 0 0 0 0 -142.199 342.27 2393.99 -177.584 70.6484 2445.97 0 0 0 -195.875 -215.106 2324.49 0 0 0 0 0 0 164.678 346.797 2380.95 194.83 94.7738 2451.73 0 0 0 242.905 -163.875 2383.25 0 0 0 -77.8414 -31.1211 2363.71 -104.784 -505.318 2370.81 0 0 0 -104.255 -949.176 2473.62 109.005 -28.3651 2355.77 156.326 -498.903 2380.72 0 0 0 159.456 -949.155 2493.83
5622822 27.7845 602.875 2378.08 6.26565 343.997 2388.49 10.5536 156.862 2375.19 0 0 0 0 0 0 -149.296 339.92 2395.71 -178.501 71.141 2453.03 0 0 0 -207.145 -224.051 2329.67 0 0 0 0 0 0 161.828 348.075 2381.28 197.571 99.9138 2451.03 0 0 0 242.389 -154.977 2377 0 0 0 -78.7752 -32.7276 2366.24 -105.034 -506.44 2371.17 0 0 0 -116.846 -951.304 2477.43 108.458 -27.8201 2357.55 156.356 -500.522 2380.57 0 0 0 157.882 -949.946 2495.6
5656115 30.7323 600.633 2379.9 4.87115 345.946 2388.21 9.54317 157.692 2375.92 0 0 0 0 0 0 -145.436 341.8 2394.57 -184.915 92.2111 2455.65 0 0 0 -208.497 -217.831 2330.12 0 0 0 0 0 0 155.178 350.091 2381.85 195.893 101.194 2449.65 0 0 0 245.12 -151.754 2377.01 0 0 0 -80.0706 -33.1631 2367.62 -105.558 -506.719 2370.79 0 0 0 -122.822 -946.141 2483.22 108.501 -27.9623 2359.64 155.656 -499.681 2380.72 0 0 0 157.597 -948.545 2495.66
5722701 22.6331 595.39 2383.63 2.95538 346.662 2388.17 8.71545 158.313 2375.78 0 0 0 0 0 0 -149.343 341.621 2394 -184.367 85.7361 2457.38 0 0 0 -207.964 -218.332 2322.23 0 0 0 0 0 0 155.254 351.703 2382.35 194.615 100.254 2449.7 0 0 0 239.061 -155.924 2365.55 0 0 0 -80.4983 -33.1788 2367.02 -106.401 -505.869 2370.73 0 0 0 -128.387 -934.951 2491.01 109.449 -26.8919 2359.76 154.901 -499.25 2379.75 0 0 0 157.244 -947.92 2495.29
5755994 21.3622 596.69 2382.51 0.801844 347.691 2388.66 7.62423 159.234 2376.04 0 0 0 0 0 0 -152.575 341.71 2395.06 -184.173 82.9685 2458.02 0 0 0 -215.384 -204.577 2329.79 0 0 0 0 0 0 154.179 353.672 2382.27 194.231 100.866 2448.67 0 0 0 238.379 -153.55 2359.36 0 0 0 -80.7251 -32.9347 2367.38 -106.333 -505.609 2370.6 0 0 0 -127.864 -933.333 2503.16 109.618 -25.5123 2359.44 153.989 -498.419 2379.35 0 0 0 157.194 -946.718 2494.35
5822580 19.4489 597.378 2382.31 -0.295589 348.398 2388.28 7.01942 160.017 2375.83 0 0 0 0 0 0 -154.111 342.023 2394.37 -183.829 81.4888 2458.49 0 0 0 -222.323 -212.484 2318.8 0 0 0 0 0 0 153.519 354.774 2382.18 193.882 100.279 2447.1 0 0 0 247.583 -160.082 2353.03 0 0 0 -80.8143 -32.3084 2367.15 -106.535 -504.749 2369.89 0 0 0 -112.768 -938.101 2491.22 109.483 -24.4208 2359.61 152.745 -497.954 2378.86 0 0 0 157.668 -946.716 2493.98
5855873 13.8977 594.695 2384.21 -1.25217 347.607 2388.33 6.17503 159.007 2375.41 0 0 0 0 0 0 -155.844 341.102 2394.41 -185.803 82.2015 2459.22 0 0 0 -242.766 -205.423 2310.57 0 0 0 0 0 0 153.34 354.111 2382.26 190.934 83.2976 2437.03 0 0 0 258.358 -149.315 2343.55 0 0 0 -81.7458 -33.604 2366.24 -106.949 -504.714 2370.04 0 0 0 -109.244 -944.556 2488.4 108.95 -25.5808 2358.75 151.397 -497.314 2378.81 0 0 0 157.784 -946.353 2493.51
5906357 14.6926 595.107 2383.41 -2.93093 348.374 2387.14 4.46653 158.525 2374.72 0 0 0 0 0 0 -159.265 341.891 2393.12 -190.341 72.0556 2447.03 0 0 0 -288.305 -201.575 2280.1 0 0 0 0 0 0 153.403 354.857 2381.15 191.601 92.9121 2440.09 0 0 0 290.636 -131.156 2331.96 0 0 0 -84.0546 -35.302 2365.98 -107.591 -504.66 2369.63 0 0 0 -82.8071 -967.273 2476.19 107.783 -27.3469 2358.64 150.606 -498.696 2380.2 0 0 0 157.705 -946.812 2494.1
5955752 15.1209 594.934 2382.5 -7.31907 363.355 2383.34 2.17333 166.027 2372.73 0 0 0 0 0 0 -161.616 355.486 2391.64 -192.268 93.1672 2450.02 0 0 0 -307.284 -165.569 2276.79 0 0 0 0 0 0 146.977 371.224 2375.03 197.469 109.674 2441.25 0 0 0 316.792 -124.895 2320.49 0 0 0 -83.6382 -36.1607 2367.25 -111.953 -506.951 2372.22 0 0 0 -87.247 -985.474 2485.97 106.97 -26.44 2356.99 150.075 -498.771 2380.4 0 0 0 157.759 -945.967 2491.87
6006465 14.3083 595.765 2381.26 -4.91949 356.14 2383.99 2.81728 162.291 2373.05 0 0 0 0 0 0 -159.472 349.569 2391.13 -210.963 98.597 2452.35 0 0 0 -366.778 -132.535 2266.51 0 0 0 0 0 0 149.633 362.711 2376.85 208.331 132.053 2445.76 0 0 0 377.594 -91.6718 2275.87 0 0 0 -84.849 -35.6147 2366.52 -114.721 -508.066 2374.15 0 0 0 -85.8245 -986.44 2479.83 105.957 -27.5022 2357.7 149.751 -500.134 2381.45 0 0 0 157.637 -946.798 2491.39
6055631 11.8549 595.315 2379.95 -5.22623 353.112 2384.54 0.770512 158.895 2374.19 0 0 0 0 0 0 -161.303 347.851 2392.84 -222.839 100.495 2453.76 0 0 0 -395.105 -109.878 2260.19 0 0 0 0 0 0 150.85 358.373 2376.24 227.687 122.328 2441.58 0 0 0 403.663 -67.7346 2271.86 0 0 0 -91.6775 -38.6397 2369.07 -120.652 -515.954 2383.6 0 0 0 -78.742 -959.328 2465.43 105.212 -32.0025 2358.6 149.88 -504.963 2382.41 0 0 0 158.063 -951.106 2491.38
6106572 10.5306 594.894 2378.56 -5.02135 352.137 2384.29 1.16157 159.006 2373.49 0 0 0 0 0 0 -161.826 346.705 2391.66 -253.93 93.949 2439.81 0 0 0 -458.854 -51.0381 2231.61 0 0 0 0 0 0 151.783 357.569 2376.93 233.105 126.083 2442 0 0 0 448.809 13.989 2271.75 0 0 0 -89.4569 -37.4786 2367.23 -118.871 -515.339 2381.1 0 0 0 -84.4426 -962.923 2471.2 104.146 -30.7722 2358.15 149.228 -503.942 2382.45 0 0 0 158.083 -949.806 2489.84
6155510 10.9192 595.849 2380.07 -5.18173 351.323 2384.06 1.21499 158.959 2373.11 0 0 0 0 0 0 -162.552 345.659 2391.64 -277.679 108.99 2447.56 0 0 0 -484.415 -14.2565 2223.25 0 0 0 0 0 0 152.188 356.988 2376.47 249.378 133.999 2440.51 0 0 0 476.519 49.186 2256.87 0 0 0 -88.3745 -36.8606 2366.78 -118.345 -515.556 2380.69 0 0 0 -88.2233 -965.023 2473.73 103.598 -29.9501 2357.53 148.936 -502.546 2381.78 0 0 0 158.728 -943.768 2480.99
6206680 11.3164 596.935 2381.79 -4.65173 351.681 2383.98 1.84052 159.262 2373.1 0 0 0 0 0 0 -162.066 345.938 2391.62 -308.269 116.178 2429.71 0 0 0 -535.075 68.837 2205.37 0 0 0 0 0 0 152.763 357.425 2376.35 304.266 194.003 2410.89 0 0 0 528.089 129.855 2238.03 0 0 0 -87.5508 -36.6554 2366.87 -118.844 -522.619 2386.06 0 0 0 -104.188 -966.418 2479.52 104.216 -29.6589 2357.56 148.511 -502.679 2380.92 0 0 0 158.374 -944.43 2483.61
6255389 12.2915 598.23 2383.08 -3.92843 352.675 2384.55 2.19229 158.845 2374.64 0 0 0 0 0 0 -161.655 347.301 2392.25 -331.118 126.417 2423.69 0 0 0 -552.885 116.274 2209.29 0 0 0 0 0 0 153.799 358.05 2376.85 308.036 193.609 2413.21 0 0 0 543.455 176.503 2234.97 0 0 0 -87.0336 -38.234 2369.37 -117.755 -519.02 2384.09 0 0 0 -100.479 -963.747 2478.23 103.66 -31.736 2360.06 148.247 -504.693 2381.57 0 0 0 155.753 -949.166 2500.93
6306788 12.9983 599.219 2382.97 -5.18816 351.08 2385.41 0.901871 157.737 2375.79 0 0 0 0 0 0 -164.391 345.683 2393.09 -365.071 143.535 2434.2 0 0 0 -588.041 218.559 2201.36 0 0 0 0 0 0 154.015 356.476 2377.73 366.191 227.634 2425.36 0 0 0 563.172 280.593 2220.79 0 0 0 -86.9706 -38.7901 2370.71 -117.052 -518.663 2381.21 0 0 0 -98.5958 -964.479 2476.7 100.954 -32.4199 2361.64 148.055 -503.497 2382.89 0 0 0 157.128 -945.83 2495.52
6355268 13.4169 599.189 2383.63 -6.84864 350.186 2387.41 0.131926 157.445 2377.27 0 0 0 0 0 0 -167.81 343.913 2395.83 -384.475 155.732 2432.31 0 0 0 -597.322 272.502 2196.21 0 0 0 0 0 0 154.113 356.459 2378.99 383.401 241.696 2402.05 0 0 0 579.715 346.58 2199.47 0 0 0 -86.7908 -38.9548 2372.04 -118.019 -519.573 2383.15 0 0 0 -99.6944 -960.285 2479.25 101.016 -31.6356 2362.21 148.337 -503.064 2383.08 0 0 0 157.502 -943.526 2493.01
6388561 14.0552 598.763 2385.16 -7.87904 349.804 2388.99 -0.124846 157.716 2378.46 0 0 0 0 0 0 -170.414 342.705 2398.8 -407.594 193.854 2401.38 0 0 0 -604.359 330.542 2197.28 0 0 0 0 0 0 154.656 356.903 2379.18 392.528 254.974 2391.78 0 0 0 564.847 400.696 2217.95 0 0 0 -85.9628 -38.46 2373.58 -117.292 -519.057 2384.13 0 0 0 -100.245 -951.45 2479.29 101.221 -30.2845 2362.28 148.578 -501.898 2382.48 0 0 0 158.654 -939.7 2490.69
6455147 13.6884 599.372 2386.37 -11.4235 349.618 2393.28 -1.18218 158.578 2381.16 0 0 0 0 0 0 -180.639 339.659 2407.28 -442.874 276.35 2328.95 0 0 0 -603.284 464.523 2191.95 0 0 0 0 0 0 157.792 359.578 2379.29 453.772 326.546 2337.79 0 0 0 553.309 521.005 2214.14 0 0 0 -83.9453 -37.9362 2376.74 -116.924 -518.96 2384.09 0 0 0 -100.707 -952.026 2477.61 102.064 -26.9886 2361.35 149.082 -499.043 2382.19 0 0 0 158.071 -936.928 2490.51
6488440 15.6055 603.213 2391.41 -11.8578 352.24 2396.14 -1.59634 162.799 2383.17 0 0 0 0 0 0 -186.57 341.692 2411.97 -434.951 282.79 2330.48 0 0 0 -584.281 514.521 2205.63 0 0 0 0 0 0 162.855 362.788 2380.3 439.262 361.055 2344.76 0 0 0 537.235 589.88 2208.88 0 0 0 -84.8704 -32.2886 2378.67 -117.732 -520.756 2384.63 0 0 0 -102.488 -948.019 2477.16 102.201 -20.9946 2361.72 149.572 -494.154 2382.78 0 0 0 157.919 -928.101 2490.5
6555026 15.3422 602.924 2390.51 -5.86314 364.801 2396.42 1.26465 169.091 2382.98 0 0 0 0 0 0 -184.599 357.306 2410.77 -432.804 337.272 2344.73 0 0 0 -545.863 632.231 2228.43 0 0 0 0 0 0 172.873 372.295 2382.07 425.441 408.862 2344.42 0 0 0 484.831 659.952 2226 0 0 0 -86.0975 -30.5802 2377.13 -117.136 -515.6 2383.72 0 0 0 -101.114 -945.901 2476.49 102.882 -22.656 2361.96 150.193 -496.201 2383.27 0 0 0 157.402 -932.467 2490.39
6588319 15.0742 603.117 2391.16 -1.10089 381.004 2394.29 3.74047 180.105 2381.22 0 0 0 0 0 0 -180.955 375.909 2406 -427.473 374.889 2356.57 0 0 0 -524.542 673.65 2248.64 0 0 0 0 0 0 178.753 386.1 2382.59 423.769 415.855 2335.75 0 0 0 457.938 717.609 2223.26 0 0 0 -86.856 -23.4987 2374.35 -116.879 -506.563 2379.96 0 0 0 -98.767 -932.61 2471.74 104.02 -18.0904 2361.93 150.646 -502.693 2384.66 0 0 0 158.137 -939.661 2491.65
6640480 15.1871 605.12 2392.13 -0.067575 389.087 2393.58 4.04493 183.553 2381.22 0 0 0 0 0 0 -179.468 384.891 2403.66 -415.379 407.262 2353.38 0 0 0 -462.916 733.18 2268.86 0 0 0 0 0 0 179.332 393.283 2383.49 402.853 466.072 2318.62 0 0 0 398.767 740.044 2243.99 0 0 0 -87.2113 -24.2118 2374.24 -116.747 -506.871 2379.66 0 0 0 -95.0714 -930.357 2469.04 103.526 -19.7508 2363.51 150.642 -501.441 2384.83 0 0 0 157.984 -939.194 2493.51
6688198 15.1914 609.29 2394.84 -0.912406 396.442 2394.76 3.49921 187.036 2382.86 0 0 0 0 0 0 -181.242 392.016 2405.79 -405.042 421.042 2347.66 0 0 0 -434.803 740.728 2280.06 0 0 0 0 0 0 179.417 400.868 2383.72 379.945 480.287 2319.78 0 0 0 371.553 745.748 2252.65 0 0 0 -87.9834 -24.7243 2376.83 -115.913 -509.034 2378.91 0 0 0 -94.2065 -929.356 2466.26 103.805 -20.0168 2365.09 150.343 -499.721 2385.9 0 0 0 158.04 -934.717 2491.2
6754784 15.3074 612.445 2396.27 -2.51782 405.212 2393.88 2.70805 190.749 2383.01 0 0 0 0 0 0 -179.011 400.321 2405.52 -385.216 453.974 2342.51 0 0 0 -393.431 737.399 2276.76 0 0 0 0 0 0 173.976 410.103 2382.23 381.276 541.431 2304.68 0 0 0 325.503 751.001 2279.26 0 0 0 -87.4005 -26.3557 2378.42 -114.464 -508.337 2379.33 0 0 0 -92.0851 -916.242 2461.07 103.268 -21.0718 2365.84 150.62 -501.039 2385.2 0 0 0 158.339 -937.012 2489.37
6788077 14.8322 613.034 2394.86 -2.62484 411.779 2393.82 2.45178 195.94 2382.91 0 0 0 0 0 0 -174.854 407.07 2406.84 -375.64 467.216 2333.89 0 0 0 -370.614 740.054 2282.37 0 0 0 0 0 0 169.604 416.488 2380.8 373.398 577.428 2300.51 0 0 0 303.375 747.454 2274.77 0 0 0 -87.2492 -22.4898 2379.16 -110.378 -502.206 2376.5 0 0 0 -90.5467 -910.548 2457.88 102.306 -17.307 2364.83 149.994 -502.298 2383.65 0 0 0 158.109 -939.361 2486.88
6854663 13.2226 627.059 2393.2 -0.550572 421.075 2391.26 2.17057 209.163 2377.3 0 0 0 0 0 0 -163.956 418.479 2398.82 -369.317 482.108 2323.98 0 0 0 -324.843 753.769 2280.02 0 0 0 0 0 0 162.855 423.672 2383.69 358.288 570.765 2301.63 0 0 0 270.333 744.518 2298.22 0 0 0 -88.0739 -4.22595 2367.64 -107.717 -494.756 2372.36 0 0 0 -95.9866 -911.894 2466.9 97.8573 -1.27136 2359.03 149.641 -488.184 2373.25 0 0 0 157.385 -928.814 2476.56
6887956 13.8518 632.252 2390.73 1.41819 423.246 2391.04 4.63431 214.147 2374.87 0 0 0 0 0 0 -159.083 420.389 2396.06 -366.779 534.034 2302.23 0 0 0 -300.079 757.252 2274.67 0 0 0 0 0 0 161.919 426.103 2386.02 330.082 596.945 2308.18 0 0 0 246.933 754.322 2305.69 0 0 0 -83.1936 3.42801 2361.54 -106.127 -492.888 2368.37 0 0 0 -97.0731 -922.009 2471.35 98.8945 6.66922 2355.84 150.256 -480.303 2369.67 0 0 0 157.41 -922.555 2474.36
6954542 14.2117 627.879 2390.4 0.216308 423.805 2391.9 6.837 215.317 2380.4 0 0 0 0 0 0 -160.448 418.07 2403.38 -347.336 545.77 2311.47 0 0 0 -260.709 755.806 2284.95 0 0 0 0 0 0 160.881 429.541 2380.43 316.874 613.171 2302.32 0 0 0 220.658 755.44 2294.76 0 0 0 -69.7968 3.85657 2374.83 -103.348 -485.439 2357.24 0 0 0 -96.3491 -915.359 2463.71 96.7122 9.80045 2362.94 149.77 -479.499 2373.96 0 0 0 156.377 -923.92 2479.3
6987835 13.92 626.657 2389.33 -1.92618 426.474 2392.31 4.20025 216.753 2380.24 0 0 0 0 0 0 -161.243 421.133 2404.24 -334.431 559.93 2307.3 0 0 0 -239.432 764.888 2287.56 0 0 0 0 0 0 157.391 431.814 2380.37 298.591 600.17 2284.52 0 0 0 205.375 759.866 2300.92 0 0 0 -74.6538 4.18326 2374.55 -105.065 -491.147 2363.66 0 0 0 -100.426 -915.773 2467.88 95.3072 9.88055 2361.82 149.671 -479.098 2372.4 0 0 0 156.713 -922.62 2476.71
7054421 11.3799 633.666 2385.72 -2.39806 429.677 2392.32 0.64275 220.124 2380.98 0 0 0 0 0 0 -158.567 426.772 2404.12 -320.298 579.57 2296.37 0 0 0 -197.554 769.93 2280.3 0 0 0 0 0 0 153.771 432.582 2380.52 296.076 602.297 2281.46 0 0 0 119.657 793.632 2319.49 0 0 0 -78.2762 9.04707 2375.83 -106.52 -487.636 2366.06 0 0 0 -103.269 -914.513 2469.73 85.6433 12.0958 2363.45 149.7 -486.022 2372.77 0 0 0 157.322 -929.507 2477.31
7107650 9.51995 638.678 2384.04 -4.34723 430.88 2392.31 -1.03841 220.032 2381.29 0 0 0 0 0 0 -159.981 427.828 2403.96 -308.201 592.823 2286.04 0 0 0 -128.453 809.352 2304.01 0 0 0 0 0 0 151.286 433.931 2380.66 288.038 610.309 2273.77 0 0 0 78.1976 804.717 2334.35 0 0 0 -81.7158 7.53833 2376.56 -107.052 -489.872 2366.16 0 0 0 -112.597 -924.715 2481.48 86.2566 10.8315 2363.99 149.663 -484.771 2372.8 0 0 0 156.006 -942.191 2477.76
7154300 10.0944 635.285 2386.51 -4.342 432.767 2393.38 -1.10458 220.073 2382.29 0 0 0 0 0 0 -158.759 429.85 2404.26 -299.905 595.855 2284.14 0 0 0 -83.6501 807.158 2325.21 0 0 0 0 0 0 150.075 435.685 2382.5 283.434 617.48 2269.08 0 0 0 56.3861 805.65 2342.5 0 0 0 -83.7976 5.75562 2377.25 -108.271 -492.003 2367.54 0 0 0 -117.775 -931.986 2485.77 88.0633 9.00259 2365.15 150.004 -485.496 2372.77 0 0 0 155.213 -950.84 2477.56
7207758 8.65174 643.259 2384.57 -3.8457 434.078 2393.77 -2.07946 221.277 2384.62 0 0 0 0 0 0 -157.163 432.288 2405.8 -296.06 600.199 2281.88 0 0 0 -68.2473 801.732 2330.75 0 0 0 0 0 0 149.471 435.868 2381.74 276.367 623.709 2263.66 0 0 0 50.8226 809.704 2345.15 0 0 0 -83.9035 7.50117 2382.03 -108.894 -490.234 2367.03 0 0 0 -116.913 -933.123 2487.28 83.277 9.45265 2368.91 150.644 -487.519 2374.01 0 0 0 154.169 -959.199 2478.34
7254179 8.61823 647.234 2386.3 -5.059 432.573 2392.99 -3.33782 219.411 2384.03 0 0 0 0 0 0 -158.033 430.813 2405.5 -271.78 608.271 2267.84 0 0 0 -67.5812 798.523 2329.52 0 0 0 0 0 0 147.915 434.334 2380.48 272.021 629.081 2267.6 0 0 0 54.0743 808.644 2344.53 0 0 0 -83.9483 5.30074 2381.81 -111.233 -487.197 2369.34 0 0 0 -113.276 -922.265 2480.59 80.715 7.196 2368.34 150.883 -490.207 2373.74 0 0 0 154.785 -964.435 2479.95
7307865 9.86796 650.558 2396.27 -4.57575 432.586 2392.16 -4.01112 220.378 2383.2 0 0 0 0 0 0 -157.313 431.652 2404.65 -277.107 606.807 2271.03 0 0 0 -80.9971 793.064 2318.55 0 0 0 0 0 0 148.162 433.52 2379.67 264.877 631.115 2276.43 0 0 0 46.2938 811.793 2350.45 0 0 0 -86.5489 7.66147 2381.04 -111.38 -487.197 2369.97 0 0 0 -112.285 -922.168 2480.22 79.6559 8.67764 2367.44 149.664 -486.614 2371.82 0 0 0 155.562 -955.596 2478.81
7354058 9.19242 649.729 2393.97 -4.38152 433.001 2392.33 -3.10959 220.537 2384.74 0 0 0 0 0 0 -156.7 431.587 2406.35 -267.953 606.932 2265.35 0 0 0 -83.339 790.008 2316.12 0 0 0 0 0 0 147.937 434.414 2378.31 262.132 626.672 2284.27 0 0 0 42.3203 813.16 2347.45 0 0 0 -85.5869 7.29587 2384.85 -110.857 -490.114 2366.49 0 0 0 -108.458 -923.492 2474.84 81.9116 8.84985 2369.43 149.552 -484.42 2374.87 0 0 0 155.18 -948.214 2481.27
7407973 9.49889 646.361 2392.8 -5.65406 432.898 2394.36 -3.36975 220.217 2392.12 0 0 0 0 0 0 -155.021 431.068 2415.87 -262.139 604.49 2272.64 0 0 0 -74.4026 792.86 2329.56 0 0 0 0 0 0 143.713 434.728 2372.84 263.833 604.763 2278 0 0 0 49.6386 807.779 2329.64 0 0 0 -86.5217 6.48961 2402.2 -112.842 -492.176 2358.01 0 0 0 -109.638 -923.994 2464.42 84.3508 8.58348 2377.58 150.559 -482.946 2383.38 0 0 0 153.413 -939.189 2489.22
7453937 9.84513 645.701 2392.77 -6.61101 433.338 2396.38 -4.70886 218.31 2390.39 0 0 0 0 0 0 -154.815 431.489 2415.68 -279.439 587.045 2280.74 0 0 0 -93.121 783.334 2313.83 0 0 0 0 0 0 141.593 435.186 2377.09 272.718 605.175 2259.56 0 0 0 36.2329 810.155 2334.31 0 0 0 -86.3915 2.24043 2395.28 -113.123 -491.992 2359.34 0 0 0 -107.899 -928.929 2467.25 80.7781 4.32564 2373.52 149.495 -482.319 2381.83 0 0 0 152.902 -933.714 2486.19
7508081 9.06571 646.682 2392.82 -5.74358 433.499 2395.97 -5.09724 218.379 2389.26 0 0 0 0 0 0 -153.694 432.525 2412.94 -283.909 583.473 2290.77 0 0 0 -89.1808 786.356 2316.36 0 0 0 0 0 0 142.207 434.473 2379.01 270.318 610.994 2267.15 0 0 0 41.4917 808.013 2335.7 0 0 0 -88.0079 2.70828 2392.13 -114.894 -489.757 2363.56 0 0 0 -107.477 -928.642 2471.95 79.1061 3.80807 2372.97 147.99 -480.553 2378.74 0 0 0 154.387 -922.526 2482.59
7553816 8.22962 646.519 2393.16 -5.28028 433.892 2395.78 -5.96807 218.31 2389.29 0 0 0 0 0 0 -153.421 433.88 2411.89 -279.858 592.621 2287.35 0 0 0 -89.0766 788.377 2315.88 0 0 0 0 0 0 142.86 433.904 2379.67 269.784 611.124 2274.35 0 0 0 45.0281 805.151 2333.25 0 0 0 -87.7565 2.72159 2391.62 -114.116 -485.155 2363.23 0 0 0 -107.675 -927.005 2474.33 74.4448 2.73474 2373.99 146.539 -474.714 2378.73 0 0 0 154.175 -916.886 2482.15
7620402 6.73278 640.854 2394.05 -4.97616 434.161 2395.78 -6.22525 218.239 2390.19 0 0 0 0 0 0 -152.336 434.576 2412.7 -276.265 595.437 2289.36 0 0 0 -87.3054 789.852 2312.71 0 0 0 0 0 0 142.384 433.747 2378.85 270.65 611.744 2279.01 0 0 0 45.1584 803.973 2332.88 0 0 0 -89.3389 2.54602 2394 -113.531 -480.19 2363.83 0 0 0 -105.678 -919.991 2471.94 74.3902 2.08572 2375.2 148.176 -473.704 2379.98 0 0 0 158.135 -908.014 2484.29
7686988 6.51487 644.178 2395.51 -4.44085 433.807 2394.65 -2.58297 219.513 2386.77 0 0 0 0 0 0 -151.129 432.014 2408.82 -279.234 596.804 2298.21 0 0 0 -87.518 785.72 2306.42 0 0 0 0 0 0 142.247 435.599 2380.48 274.41 610.897 2284.55 0 0 0 48.4757 805.594 2339.25 0 0 0 -74.3606 4.32011 2386.01 -112.801 -479.637 2368.25 0 0 0 -107.048 -892.073 2471.59 72.9104 6.11986 2371.78 148.592 -469.703 2378.08 0 0 0 157.996 -902.962 2480.56
7720281 7.10106 643.701 2394.97 -2.19263 443.629 2400.87 -5.06766 231.644 2384.95 0 0 0 0 0 0 -150.404 444.975 2409.7 -282.04 609.68 2307.54 0 0 0 -91.1291 801.286 2316.99 0 0 0 0 0 0 146.019 442.282 2392.04 274.728 597.767 2278.89 0 0 0 40.8799 793.034 2333.07 0 0 0 -72.8091 20.2477 2372.88 -114.9 -460.733 2367.63 0 0 0 -109.745 -870.318 2467.64 56.9237 19.0691 2365.15 151.592 -469.197 2379.14 0 0 0 159.477 -916.132 2481.06
7753574 7.68554 644.557 2394.85 -4.07097 440.559 2398.55 -7.13969 231.522 2383.97 0 0 0 0 0 0 -149.19 441.803 2411.26 -281.957 603.746 2312.63 0 0 0 -89.3012 796.21 2313.38 0 0 0 0 0 0 141.048 439.314 2385.85 274.726 600.305 2275.46 0 0 0 48.287 794.289 2336.49 0 0 0 -82.1603 23.102 2375.69 -117.196 -452.817 2364.59 0 0 0 -117.259 -855.098 2468.21 61.7435 21.8683 2363.09 152.513 -467.94 2380 0 0 0 163.131 -917.68 2482.92
7820160 7.74975 646.061 2395.28 -3.75277 445.781 2400.17 -6.56331 230.659 2385.58 0 0 0 0 0 0 -149.692 446.937 2411.23 -278.443 610.362 2309.98 0 0 0 -86.7253 806.373 2318.87 0 0 0 0 0 0 142.187 444.624 2389.1 275.27 594.228 2275.86 0 0 0 50.4588 787.12 2330.62 0 0 0 -83.0132 16.1209 2376.58 -116.48 -457.472 2364.68 0 0 0 -115.03 -872.851 2470.2 64.2655 14.9537 2365.41 151.47 -460.693 2377.84 0 0 0 164.845 -905.88 2482.26
7886746 7.80965 646.595 2395.72 -4.57146 443.016 2399.69 -6.16 231.557 2381.56 0 0 0 0 0 0 -149.87 443.109 2411.33 -277.285 607.731 2310.02 0 0 0 -80.6306 807.349 2322.07 0 0 0 0 0 0 140.727 442.923 2388.04 274.945 596.472 2279.16 0 0 0 47.6944 791.323 2329.78 0 0 0 -81.4594 20.1455 2369.34 -117.231 -453.79 2365.78 0 0 0 -116.327 -875.289 2472.47 65.9623 20.0509 2357.53 150.471 -451.457 2373.03 0 0 0 168.804 -903.909 2480.67
7920039 8.45807 646.415 2396.11 -5.37205 443.224 2399.28 -7.39831 230.597 2382.41 0 0 0 0 0 0 -151.426 443.675 2411.13 -278.211 608.5 2307.91 0 0 0 -79.7456 807.355 2320.81 0 0 0 0 0 0 140.682 442.772 2387.44 276.534 593.28 2280.33 0 0 0 44.8546 790.693 2334.02 0 0 0 -83.5206 18.1984 2371.54 -116.514 -454.6 2365.95 0 0 0 -102.999 -896.087 2477.55 64.6714 17.7405 2359.52 148.47 -443.388 2371.53 0 0 0 167.7 -907.351 2480.15
7986625 8.13987 647.611 2397.07 -5.4085 440.992 2398.08 -7.77453 231.194 2382.52 0 0 0 0 0 0 -152.329 441.615 2412.03 -275.419 610.223 2302.94 0 0 0 -81.0267 808.045 2325.26 0 0 0 0 0 0 141.512 440.37 2384.13 276.705 596.013 2279.65 0 0 0 44.9386 793.33 2331.49 0 0 0 -85.9504 21.7168 2374.15 -117.597 -450.749 2366.81 0 0 0 -97.4434 -900.07 2475.08 65.6692 21.0745 2359.76 147.596 -440.902 2372.59 0 0 0 170.49 -901.153 2479.43
8019918 8.45443 648.341 2397.37 -6.59305 440.315 2397.33 -8.20532 230.024 2381.61 0 0 0 0 0 0 -154.98 440.451 2410.74 -272.19 611.706 2296.7 0 0 0 -71.984 808.577 2323.63 0 0 0 0 0 0 141.794 440.18 2383.91 276.447 595.759 2280.91 0 0 0 49.7279 793.113 2327.66 0 0 0 -86.561 19.8024 2372.83 -117.034 -452.955 2368.33 0 0 0 -103.853 -896.71 2471.65 66.9258 19.6626 2358.95 147.573 -444.727 2373.87 0 0 0 168.123 -900.519 2479.1
8053211 9.33308 648.155 2398.7 -7.41704 440.045 2395.61 -9.10073 229.697 2380.49 0 0 0 0 0 0 -157.195 440.376 2407.67 -270.39 611.557 2262.86 0 0 0 -65.5367 807.539 2317.97 0 0 0 0 0 0 142.361 439.714 2383.54 277.148 595.743 2281.68 0 0 0 51.0195 790.933 2327.89 0 0 0 -87.2991 19.5184 2371.53 -115.845 -450.28 2369.2 0 0 0 -107.69 -887.309 2469.87 65.7303 19.1797 2359.2 147.217 -446.313 2373.56 0 0 0 166.11 -902.052 2478.98
8119797 2.27212 646.278 2404.55 -7.12464 435.889 2394.89 -8.93745 229.773 2379.64 0 0 0 0 0 0 -173.16 436.362 2408.23 -334.864 518.385 2181.88 0 0 0 -118.043 674.112 2295.24 0 0 0 0 0 0 158.911 435.416 2381.55 358.414 518.524 2188.15 0 0 0 127.227 663.262 2286.72 0 0 0 -99.0649 23.9085 2371.48 -120.173 -441.323 2372.43 0 0 0 -107.979 -879.358 2455.83 77.5644 23.4056 2357.28 145.702 -437.096 2386.4 0 0 0 166.512 -882.635 2482
8153090 -3.23961 630.257 2410.39 -11.8717 425.411 2390.97 -8.29826 221.232 2381.22 0 0 0 0 0 0 -185.869 422.547 2387.19 -349.413 398.077 2148.93 0 0 0 -130.604 505.863 2305.83 0 0 0 0 0 0 162.125 428.276 2394.75 358.614 405.338 2182.66 0 0 0 123.265 501.764 2322.04 0 0 0 -99.8766 15.4856 2369.4 -112.202 -447.401 2361.14 0 0 0 -102.395 -883.253 2450.98 90.4271 18.6189 2373.54 152.693 -439.631 2406.13 0 0 0 173.821 -879.561 2499.49
8219676 -3.10194 616.381 2413.55 -8.19771 409.093 2388.55 -6.7552 206.104 2375.39 0 0 0 0 0 0 -184.957 409.136 2368.52 -334.858 301.125 2144.97 0 0 0 -120.863 359.142 2331.93 0 0 0 0 0 0 168.562 409.05 2408.58 345.625 302.409 2205.14 0 0 0 113.738 349.432 2372.86 0 0 0 -102.816 3.13861 2351.17 -112.775 -458.696 2343.91 0 0 0 -109.892 -894.606 2431.58 92.1903 3.09116 2373.27 147.077 -455.249 2390.08 0 0 0 168.579 -891.522 2486.15
8252969 -1.54986 611.999 2422.68 -4.14546 403.913 2389.81 -4.03094 201.808 2371.98 0 0 0 0 0 0 -182.037 406.398 2360.5 -312.133 238.026 2163.43 0 0 0 -107.644 247.803 2368.86 0 0 0 0 0 0 173.746 401.427 2419.12 325.554 234.105 2237.27 0 0 0 102.506 233.697 2422.64 0 0 0 -102.245 1.07639 2337.94 -109.602 -459.948 2346.52 0 0 0 -107.832 -894.247 2440.79 94.4125 -1.67142 2370.35 151.62 -458.834 2394.18 0 0 0 170.435 -895.228 2482.8
8319555 2.67359 609.138 2428.23 0.6337 401.152 2391.49 -0.633911 199.555 2370.8 0 0 0 0 0 0 -176.05 406.436 2350.82 -285.395 196.445 2183.31 0 0 0 -93.3622 161.521 2397.82 0 0 0 0 0 0 177.318 395.867 2432.16 303.734 186.623 2276.12 0 0 0 93.0182 142.553 2470.46 0 0 0 -100.037 0.893951 2327.52 -107.001 -459.394 2349.04 0 0 0 -109.859 -894.173 2440.58 96.2338 -4.97638 2372.7 154.68 -461.11 2405.44 0 0 0 169.48 -898.146 2487.55
8352848 6.4948 607.674 2431.02 5.24507 399.189 2392.39 3.3071 197.867 2370.09 0 0 0 0 0 0 -168.964 406.609 2340.52 -259.106 168.714 2201.26 0 0 0 -81.1318 93.6526 2417.6 0 0 0 0 0 0 179.455 391.769 2444.25 282.914 154.383 2313.65 0 0 0 86.547 71.2946 2510.24 0 0 0 -95.5561 0.673325 2318.95 -103.822 -459.254 2346.47 0 0 0 -107.069 -893.328 2441.16 98.2943 -7.58315 2376.66 157.982 -462.882 2416.3 0 0 0 170.707 -901.626 2486.01
8419434 13.4606 606.987 2439.36 11.7773 399.659 2394.97 7.98268 198.924 2368.77 0 0 0 0 0 0 -156.885 411.567 2328.16 -230.319 155.282 2213.97 0 0 0 -67.0179 45.0017 2426.77 0 0 0 0 0 0 180.439 387.751 2461.79 264.236 131.805 2354.16 0 0 0 83.1333 14.5985 2548.01 0 0 0 -89.9321 4.83331 2305.29 -100.003 -454.69 2338.32 0 0 0 -106.313 -888.715 2433.03 98.3083 -8.45712 2379.86 158.014 -463.364 2423.49 0 0 0 168.295 -903.432 2483.37
8452727 17.6072 604.064 2435.57 15.8254 396.33 2393.73 11.0325 195.42 2369.14 0 0 0 0 0 0 -147.765 409.863 2315.04 -207.155 141.587 2222.23 0 0 0 -58.4515 0.930634 2427.7 0 0 0 0 0 0 179.416 382.797 2472.41 246.871 114.744 2384.6 0 0 0 81.1664 -31.8104 2572.15 0 0 0 -84.8526 2.04494 2300.73 -100.007 -456.354 2344.21 0 0 0 -107.8 -890.188 2439.68 97.332 -13.0262 2388.36 157.497 -467.729 2433.47 0 0 0 168.918 -908.565 2486.99
8519313 24.1849 606.126 2441.61 21.402 397.951 2396.17 14.4974 197.419 2369.25 0 0 0 0 0 0 -132.866 415.908 2301.95 -180.682 139.867 2226.93 0 0 0 -46.0486 -26.6465 2422.53 0 0 0 0 0 0 175.67 379.995 2490.39 229.776 104.099 2419.2 0 0 0 79.0755 -67.3859 2598.07 0 0 0 -78.5854 6.91708 2289.71 -96.0559 -451.532 2332.68 0 0 0 -108.9 -884.171 2432.69 93.7709 -13.145 2394.97 156.262 -467.744 2437.83 0 0 0 166.88 -909.369 2484.4
8552606 29.431 604.814 2445.17 26.4152 397.288 2398.28 18.2002 196.989 2369.98 0 0 0 0 0 0 -118.8 418.384 2291.11 -157.192 137.337 2230.69 0 0 0 -35.8229 -50.9641 2414.88 0 0 0 0 0 0 171.631 376.191 2505.45 214.941 95.2364 2447.99 0 0 0 78.5149 -97.2206 2616.69 0 0 0 -70.9389 8.44669 2281.96 -92.3263 -449.341 2329.96 0 0 0 -107.325 -880.652 2435.23 90.9095 -15.0665 2401.4 157.951 -468.784 2446.46 0 0 0 167.98 -911.22 2484.21
8585899 34.1264 602.72 2446 30.1252 396.168 2398.09 21.3579 196.086 2368.4 0 0 0 0 0 0 -108.446 419.427 2282.24 -139.22 135.16 2233.68 0 0 0 -30.1579 -71.3528 2405.65 0 0 0 0 0 0 168.697 372.908 2513.93 203.328 88.7002 2467.67 0 0 0 80.251 -121.266 2625.41 0 0 0 -64.4817 8.94183 2274.28 -88.5716 -448.272 2326.47 0 0 0 -107.755 -879.379 2431.95 89.6631 -16.9319 2403.15 159.628 -470.398 2446.29 0 0 0 168.847 -913.098 2481.8
8652485 49.7315 610.482 2447.29 38.9197 403.117 2401 27.2897 203.279 2370.75 0 0 0 0 0 0 -88.0005 429.803 2273.5 -112.643 143.468 2234.54 0 0 0 -14.8683 -78.1728 2394 0 0 0 0 0 0 165.84 376.431 2528.49 193.517 90.1343 2491.33 0 0 0 82.7694 -134.361 2637.78 0 0 0 -55.1795 18.3359 2269.33 -78.9577 -437.612 2331.24 0 0 0 -108.701 -869.446 2430.51 86.4991 -11.4531 2411.66 157.179 -464.289 2459.83 0 0 0 167.344 -907.434 2488.74
8685778 59.6697 612.186 2447.49 44.1675 405.827 2401.43 29.7642 206.401 2369.75 0 0 0 0 0 0 -74.3884 435.836 2266.44 -94.1106 148.175 2235.21 0 0 0 -6.5985 -85.9695 2382.28 0 0 0 0 0 0 162.723 375.818 2536.42 184.839 88.1818 2506.6 0 0 0 85.3736 -148.313 2641.84 0 0 0 -50.621 23.6773 2262.94 -83.2298 -431.564 2325.9 0 0 0 -110.197 -864.058 2423.46 81.3426 -9.72539 2413.2 157.711 -461.904 2458.57 0 0 0 165.336 -905.417 2482.22
8752364 69.7445 612.85 2447.52 48.3175 407.947 2398.59 29.0659 209.449 2364.16 0 0 0 0 0 0 -61.4367 443.092 2257.37 -77.2155 154.581 2232.35 0 0 0 1.02325 -89.8572 2367.42 0 0 0 0 0 0 158.072 372.802 2539.82 175.742 84.3073 2515.91 0 0 0 86.531 -162.061 2640.23 0 0 0 -51.3214 30.5274 2251.06 -80.9787 -423.867 2321.26 0 0 0 -116.759 -857.011 2412.56 70.9499 -8.62572 2408.39 152.035 -459.261 2460.1 0 0 0 161.137 -903.098 2470.89
8785657 70.2735 619.877 2415.28 43.9978 412.169 2383.56 19.7445 212.983 2359.52 0 0 0 0 0 0 -62.3924 442.654 2238.32 -75.0141 153.599 2218.29 0 0 0 -5.11545 -99.2874 2341.89 0 0 0 0 0 0 150.388 381.684 2528.8 164.509 92.6395 2509.64 0 0 0 84.5687 -161.827 2623.52 0 0 0 -63.7074 30.7601 2254.66 -88.3408 -422.166 2335.09 0 0 0 -127.546 -855.735 2423.24 54.6899 -3.16548 2416.29 144.217 -450.817 2477.82 0 0 0 156.181 -894.757 2483.71
8852243 84.3965 615.45 2409.61 50.8864 407.479 2382.87 19.4566 209.028 2360.64 0 0 0 0 0 0 -49.8383 440.11 2233.91 -62.5597 306.904 2121.12 0 0 0 12.9428 183.007 2353.51 0 0 0 0 0 0 151.611 374.847 2531.82 162.896 85.4505 2516.47 0 0 0 91.3081 -175.643 2620.48 0 0 0 -68.0713 28.7511 2255.46 -78.3714 -425.276 2331.94 0 0 0 -118.772 -858.62 2420.94 44.1249 -7.59705 2421.38 147.905 -452.494 2479.51 0 0 0 162.389 -896.437 2480.36
8885536 90.1914 612.768 2408.26 54.7859 404.412 2383.37 21.3684 206.107 2361.33 0 0 0 0 0 0 -44.4766 437.81 2233.35 -50.1508 363.112 2063.01 0 0 0 45.3883 359.564 2326.27 0 0 0 0 0 0 154.048 371.013 2533.38 163.068 81.3911 2521.09 0 0 0 98.9829 -185.114 2615.86 0 0 0 -67.3166 26.3979 2255.77 -75.1206 -427.939 2331.7 0 0 0 -110.908 -862.255 2417.88 43.2185 -10.7937 2422.82 158.203 -453.407 2477.39 0 0 0 172.652 -897.405 2478.94
8952122 95.0683 608.885 2407.34 58.3808 400.371 2383.6 23.6518 202.174 2361.86 0 0 0 0 0 0 -40.1482 434.147 2233.05 -30.7452 419.676 2017.42 0 0 0 76.9651 498.869 2268.4 0 0 0 0 0 0 156.91 366.595 2534.15 164.121 76.8292 2524.31 0 0 0 106.761 -194.088 2610.49 0 0 0 -65.9649 22.7927 2256.26 -70.8816 -432.119 2329.39 0 0 0 -111.142 -864.919 2420.92 43.8104 -14.8386 2423.99 159.426 -457.409 2478.99 0 0 0 173.998 -901.417 2482.38
8985415 91.7801 596.621 2396.02 55.011 387.485 2378.27 20.197 188.819 2361.81 0 0 0 0 0 0 -41.7776 417.081 2225.73 -12.5109 465.478 1987.47 0 0 0 97.451 589.793 2218.74 0 0 0 0 0 0 151.8 357.888 2530.8 157.565 68.0299 2522.93 0 0 0 106.228 -206.481 2601.16 0 0 0 -68.5702 6.65175 2260.33 -75.8662 -448.25 2333.62 0 0 0 -116.467 -880.554 2427.5 39.336 -26.3443 2430.38 153.136 -469.513 2485.03 0 0 0 169.816 -913.458 2485.27
9018708 89.1482 569.012 2393.94 58.5916 358.661 2379.09 29.6471 158.914 2365.11 0 0 0 0 0 0 -35.5625 383.153 2224.08 10.4393 491.304 1974.34 0 0 0 120.943 642.974 2191.39 0 0 0 0 0 0 152.746 334.17 2534.11 157.355 44.252 2527.81 0 0 0 111.405 -233.182 2598.74 0 0 0 -51.3724 -27.2875 2265.4 -60.7667 -476.585 2340.01 0 0 0 -103.488 -909.908 2427.97 52.7779 -54.3793 2436.87 169.647 -494.422 2487.35 0 0 0 187.15 -938.347 2489.02
9085294 81.9297 557.028 2389.43 55.0816 346.002 2376.02 29.5921 145.654 2363.29 0 0 0 0 0 0 -40.8276 368.011 2221.64 15.9136 517.101 1987.12 0 0 0 127.44 688.555 2190.36 0 0 0 0 0 0 150.991 323.993 2530.4 154.677 34.0381 2525.35 0 0 0 113.543 -245.772 2589.59 0 0 0 -49.1405 -42.4761 2264.87 -78.8326 -493.786 2335.4 0 0 0 -117.056 -924.491 2436.39 57.3456 -66.9118 2436.27 163.089 -511.688 2480.26 0 0 0 177.873 -955.713 2480.74
9118587 77.5515 551.795 2385.07 51.7824 340.489 2372.97 27.3187 139.886 2361.48 0 0 0 0 0 0 -45.4407 361.155 2219.17 30.316 585.306 2062.85 0 0 0 146.294 799.345 2218.69 0 0 0 0 0 0 149.006 319.822 2526.76 151.953 29.842 2522.73 0 0 0 115.123 -251.898 2580.85 0 0 0 -51.2241 -49.2201 2264.44 -87.8068 -501.672 2334.27 0 0 0 -119.259 -930.746 2444.09 56.9341 -72.2115 2435.53 163.054 -516.363 2490.53 0 0 0 171.534 -959.485 2469.36
9185173 74.0726 550.341 2381.83 49.3513 338.807 2371 25.8831 137.994 2360.72 0 0 0 0 0 0 -49.2923 358.173 2217.92 23.0868 583.22 2064.87 0 0 0 138.231 794.51 2225.79 0 0 0 0 0 0 147.995 319.441 2524.09 150.353 29.4458 2520.86 0 0 0 117.368 -253.861 2573.4 0 0 0 -52.5127 -52.0356 2265.2 -92.5342 -505.458 2331.96 0 0 0 -114.66 -933.216 2448.87 57.3422 -73.6026 2435.68 164.963 -517.861 2490.79 0 0 0 171.429 -961.346 2470.53
9251759 70.3999 549.899 2379.21 46.3054 338.186 2370.41 23.4325 137.206 2362.05 0 0 0 0 0 0 -53.3234 355.869 2217.75 9.27199 584.389 2062.32 0 0 0 127.896 787.477 2231.13 0 0 0 0 0 0 145.934 320.502 2523.07 147.82 30.4972 2520.48 0 0 0 118.272 -254.081 2567.96 0 0 0 -54.9452 -53.9229 2268.65 -95.1446 -507.559 2336.69 0 0 0 -116.865 -935.852 2452.26 56.0644 -73.6264 2438.75 161.493 -519.473 2486.06 0 0 0 170.451 -963.284 2474.79
9285052 66.3786 549.99 2374.47 43.1954 338.105 2367.28 21.1876 136.963 2360.46 0 0 0 0 0 0 -63.9069 354.822 2219.92 -8.87556 585.195 2060.69 0 0 0 123.949 783.41 2224.34 0 0 0 0 0 0 150.298 321.387 2514.64 151.806 31.3759 2512.57 0 0 0 125.329 -254.234 2555.45 0 0 0 -60.5764 -54.8513 2271.42 -104.046 -508.02 2341.82 0 0 0 -115.082 -938.726 2449.11 58.9362 -73.5057 2435.85 165.25 -519.989 2475.38 0 0 0 174.297 -963.985 2471.67
9318345 58.9475 555.001 2367.41 38.9987 342.743 2364.83 20.0615 141.249 2362.38 0 0 0 0 0 0 -74.0852 355.11 2221.66 -20.4317 586.405 2059.72 0 0 0 118.005 781.877 2222.51 0 0 0 0 0 0 152.083 330.377 2508 153.289 40.3614 2506.34 0 0 0 129.558 -246.085 2545.04 0 0 0 -61.9273 -53.3505 2280.11 -100.844 -508.178 2342.03 0 0 0 -112.536 -935.76 2461.02 64.1759 -67.1409 2439.76 165.364 -514.882 2479.46 0 0 0 178.818 -958.794 2482.39
9384931 50.357 561.879 2355.15 32.2008 349.671 2361.2 14.9654 148.224 2366.94 0 0 0 0 0 0 -84.4017 355.634 2220.46 -40.844 586.288 2057.73 0 0 0 104.564 777.694 2219.43 0 0 0 0 0 0 148.803 343.707 2501.93 149.768 53.6892 2500.61 0 0 0 128.493 -233.435 2535.52 0 0 0 -67.2618 -49.8989 2294.24 -107.02 -505.544 2349.76 0 0 0 -117.158 -933.693 2467.39 62.7217 -56.5467 2451.13 161.262 -505.526 2482.44 0 0 0 170.71 -949.593 2486.77
9418224 45.8754 563.238 2358.15 30.7179 350.714 2364.62 16.3291 148.967 2370.76 0 0 0 0 0 0 -92.5507 355.399 2229.71 -58.2073 586.55 2059.65 0 0 0 93.5148 772.521 2221.96 0 0 0 0 0 0 153.987 346.029 2499.53 154.758 56.0091 2498.47 0 0 0 135.679 -231.665 2529.96 0 0 0 -66.7898 -50.1667 2301.68 -103.928 -507.242 2345.23 0 0 0 -109.259 -936.071 2460.87 70.6703 -55.3912 2452.12 172.573 -504.217 2470.46 0 0 0 176.062 -948.346 2477.18
9484810 39.174 588.744 2386.92 24.2368 352.32 2362.72 13.0345 150.461 2371.73 0 0 0 0 0 0 -109.475 354.208 2238.75 -88.0515 591.348 2061.56 0 0 0 75.7397 766.848 2223.26 0 0 0 0 0 0 157.948 350.432 2486.69 158.565 60.4116 2485.84 0 0 0 141.451 -227.708 2514.23 0 0 0 -72.8856 -50.343 2311.47 -112.574 -506.935 2358.72 0 0 0 -114.563 -939.403 2458.98 76.5501 -52.4529 2450.01 169.83 -503.388 2459.63 0 0 0 176.731 -947.151 2476.1
9518103 38.8671 594.279 2401.86 26.8532 372.225 2374.04 16.7635 170.493 2370.22 0 0 0 0 0 0 -114.475 381.466 2259.39 -113.811 594.848 2068.4 0 0 0 60.7888 767.371 2221.7 0 0 0 0 0 0 168.182 362.985 2488.69 168.675 72.9634 2488.01 0 0 0 153.32 -215.518 2513.61 0 0 0 -72.4903 -26.0639 2302.18 -107.93 -486.385 2343.72 0 0 0 -109.905 -919.9 2440.08 85.8379 -36.4159 2430.61 174.275 -488.495 2437.56 0 0 0 178.934 -931.624 2465.72
9584689 33.2748 600.029 2401.79 23.5651 384.254 2377.99 14.8406 182.427 2369.52 0 0 0 0 0 0 -128.772 394.965 2279.65 -144.984 603.317 2080.54 0 0 0 44.1417 763.719 2229.04 0 0 0 0 0 0 175.903 373.543 2476.33 176.297 83.5211 2475.79 0 0 0 162.517 -205.253 2498.86 0 0 0 -79.2484 -13.3976 2305.95 -122.054 -470.708 2356.35 0 0 0 -116.003 -905.003 2448.99 91.4804 -25.4016 2416.16 169.612 -478.721 2436.9 0 0 0 175.825 -921.85 2466.56
9617982 27.9955 601.573 2401.81 19.5845 387.46 2377.47 11.0562 185.522 2368.11 0 0 0 0 0 0 -140.855 398.16 2292.82 -151.005 615.196 2101.2 0 0 0 42.7784 769.906 2252.93 0 0 0 0 0 0 180.024 376.759 2462.13 180.34 86.7365 2461.69 0 0 0 167.971 -202.274 2482.48 0 0 0 -86.9415 -10.4473 2311.54 -120.548 -468.345 2356.81 0 0 0 -119.474 -902.678 2449.77 91.9972 -22.382 2405.95 162.889 -476.703 2432.49 0 0 0 170.903 -918.884 2472.87
9651275 23.9709 602.175 2402.8 16.5266 389.476 2377.32 8.69134 187.489 2366.98 0 0 0 0 0 0 -149.972 399.657 2304.63 -183.447 611.759 2113.18 0 0 0 24.1266 765.453 2246.67 0 0 0 0 0 0 183.025 379.295 2450.01 183.278 89.2725 2449.66 0 0 0 172.172 -199.93 2468.39 0 0 0 -91.862 -8.82764 2316.15 -118.284 -467.094 2359.41 0 0 0 -114.826 -901.902 2450.3 93.5742 -20.1665 2397.11 160.561 -475.284 2422.42 0 0 0 173.632 -914.233 2485.09
9717861 18.9285 600.428 2402.28 11.7797 388.943 2376.22 4.81459 186.926 2365.19 0 0 0 0 0 0 -161.08 397.901 2321.32 -201.248 621.432 2142.99 0 0 0 17.3203 770.865 2261.66 0 0 0 0 0 0 184.639 379.984 2431.12 184.841 89.9614 2430.84 0 0 0 174.868 -199.397 2447.71 0 0 0 -98.715 -10.0862 2323.48 -124.33 -468.134 2368.53 0 0 0 -118.537 -904.729 2449.86 94.4139 -20.0954 2384.82 159.103 -475.705 2408.6 0 0 0 172.114 -913.182 2482.14
9751154 16.7176 600.658 2395.03 9.263 388.384 2373.87 2.89258 186.221 2365.42 0 0 0 0 0 0 -168.228 395.521 2336.96 -224.054 622.923 2165.55 0 0 0 4.60732 773.659 2258.22 0 0 0 0 0 0 186.754 381.247 2410.78 186.915 91.2246 2410.56 0 0 0 177.958 -198.26 2425.76 0 0 0 -102.504 -11.961 2336.37 -124.484 -470.612 2375.97 0 0 0 -111.541 -907.461 2455.14 95.5485 -19.9248 2377.55 156.877 -475.868 2404.17 0 0 0 172.668 -911.708 2487.09
9817740 13.6163 598.048 2390.9 5.8824 386.46 2371.84 0.0423231 184.235 2364.09 0 0 0 0 0 0 -174.36 392.242 2356.8 -252.892 623.584 2199.74 0 0 0 -15.0867 774.666 2258.8 0 0 0 0 0 0 186.125 380.679 2386.88 186.254 90.6561 2386.7 0 0 0 178.207 -198.931 2400.39 0 0 0 -106.527 -14.7594 2347.94 -126.691 -474.289 2372.83 0 0 0 -113.821 -909.841 2458.93 94.9312 -21.2215 2364.74 153.658 -477.751 2386.89 0 0 0 170.944 -910.608 2483.69
9851033 10.7132 599.173 2388.35 2.793 386.308 2371.04 -2.62882 184.041 2363.86 0 0 0 0 0 0 -177.826 390.921 2377.49 -280.623 617.208 2230.55 0 0 0 -38.7415 770.316 2259.72 0 0 0 0 0 0 183.412 381.696 2364.58 183.515 91.673 2364.44 0 0 0 176.286 -197.997 2376.77 0 0 0 -108.822 -15.6534 2360.29 -128.496 -475.589 2378.52 0 0 0 -111.95 -911.626 2461.68 92.7211 -20.8002 2353.08 150.248 -477.148 2381.16 0 0 0 169.404 -908.497 2484.76
9917619 6.49846 599.2 2388.49 -0.719657 386.861 2370.54 -4.41429 184.567 2363.04 0 0 0 0 0 0 -178.542 388.987 2400.78 -307.614 611.365 2269.51 0 0 0 -64.4633 763.726 2262.69 0 0 0 0 0 0 177.102 384.734 2340.31 177.185 94.7114 2340.19 0 0 0 170.688 -195.025 2351.3 0 0 0 -107.451 -16.5382 2372.43 -125.373 -476.781 2378.07 0 0 0 -107.644 -911.788 2466.29 91.2334 -18.9142 2338.65 145.616 -474.877 2376.35 0 0 0 173.155 -906.58 2476.71
9950912 3.43788 596.593 2394.63 -3.58864 385.543 2371.76 -6.43815 183.45 2360.35 0 0 0 0 0 0 -177.214 385.174 2421.66 -323.997 605.437 2304.86 0 0 0 -86.9703 763.041 2267.07 0 0 0 0 0 0 170.037 385.912 2321.86 170.102 95.8893 2321.77 0 0 0 164.263 -193.902 2331.76 0 0 0 -105.924 -18.8482 2376.71 -130.136 -478.786 2372.05 0 0 0 -104.503 -913.275 2460.72 87.3483 -18.4373 2321.17 139.86 -473.344 2371.13 0 0 0 172.956 -904.753 2471.41
10017498 0.457778 591.619 2390.67 -5.94803 381.842 2367.94 -7.5504 179.771 2355.65 0 0 0 0 0 0 -172.636 378.928 2437.62 -328.704 604.649 2340.3 0 0 0 -99.0567 766.487 2277.88 0 0 0 0 0 0 160.74 384.756 2298.25 160.792 94.7335 2298.17 0 0 0 155.543 -195.102 2307.18 0 0 0 -102.046 -23.925 2382.21 -125.617 -484.031 2383.01 0 0 0 -103.149 -920.653 2460.94 83.7405 -20.6772 2304.54 136.979 -474.013 2366.3 0 0 0 173.742 -904.034 2471.29
10050791 -4.42051 589.235 2388.69 -8.60518 379.993 2365.41 -8.62059 177.961 2352.31 0 0 0 0 0 0 -168.87 374.531 2449.82 -331.849 605.084 2373.75 0 0 0 -110.36 766.725 2285.55 0 0 0 0 0 0 151.659 385.455 2281 151.701 95.4326 2280.94 0 0 0 146.983 -194.438 2289.05 0 0 0 -97.7101 -27.1073 2386.12 -129.374 -486.711 2390.48 0 0 0 -98.3343 -925.29 2450.38 80.4381 -21.0358 2292.29 135.694 -473.288 2360.54 0 0 0 170.778 -901 2474.9
10084084 -8.938 595.948 2393.71 -12.1244 386.624 2367.86 -10.8063 184.748 2352.64 0 0 0 0 0 0 -164.088 378.187 2466.61 -326.508 603.104 2394.44 0 0 0 -117.132 772.569 2290.73 0 0 0 0 0 0 139.839 395.06 2269.11 139.872 105.038 2269.07 0 0 0 135.63 -184.862 2276.36 0 0 0 -94.0957 -21.8253 2392.41 -131.05 -481.065 2398.59 0 0 0 -98.1737 -920.668 2451.11 75.1195 -12.4308 2282.45 127.479 -463.146 2361.87 0 0 0 167.278 -890.463 2476.39
10150670 -20.1619 592.967 2381.7 -18.7784 382.163 2363.99 -15.7981 180.057 2353.43 0 0 0 0 0 0 -162.242 374.235 2475.19 -321.668 608.431 2418.59 0 0 0 -120.473 775.794 2296.02 0 0 0 0 0 0 124.686 390.091 2252.8 124.712 100.069 2252.76 0 0 0 120.897 -189.854 2259.33 0 0 0 -92.6722 -26.4614 2404.76 -135.734 -485.2 2409.98 0 0 0 -99.3013 -925.52 2454.15 67.0365 -17.6354 2280.97 118.558 -468.134 2362.79 0 0 0 161.689 -895.011 2477.91
10183963 -24.3087 588.595 2376.28 -23.2311 377.634 2362.81 -20.4596 175.385 2354.9 0 0 0 0 0 0 -158.954 371.036 2483.89 -308.228 612.393 2434.35 0 0 0 -120.473 780.726 2293.2 0 0 0 0 0 0 112.492 384.233 2241.74 112.513 94.2101 2241.71 0 0 0 109.082 -195.732 2247.62 0 0 0 -93.2096 -30.5355 2414.36 -137.789 -489.183 2414.87 0 0 0 -102.552 -930.536 2448.47 57.8336 -23.1925 2279.61 114.009 -472.757 2363.67 0 0 0 162.474 -900.411 2473.55
10250549 -35.6117 595.9 2374.44 -29.8053 383.465 2361.88 -22.9231 181.337 2353.71 0 0 0 0 0 0 -158.181 373.879 2490.88 -309.869 610.354 2453.56 0 0 0 -131.627 777.015 2298.03 0 0 0 0 0 0 98.5701 393.052 2232.87 98.5868 103.029 2232.85 0 0 0 95.5019 -186.928 2238.17 0 0 0 -87.501 -26.1283 2417.35 -133.845 -484.568 2412 0 0 0 -94.4025 -925.61 2446.45 55.4193 -15.4556 2273.72 119.925 -463.489 2359.76 0 0 0 170.122 -891.613 2467.16
10283842 -44.4048 598.959 2365.57 -33.3237 386.422 2358.88 -22.388 184.397 2354.67 0 0 0 0 0 0 -157.232 376.93 2492.67 -315.802 603.288 2469.9 0 0 0 -144.586 774.565 2310.49 0 0 0 0 0 0 90.5851 395.914 2225.09 90.5983 105.891 2225.07 0 0 0 87.8238 -184.078 2229.86 0 0 0 -80.3868 -22.909 2424.9 -132.658 -480.613 2414.97 0 0 0 -94.7695 -921.557 2452.99 57.4823 -12.3477 2276.04 123.364 -460.42 2361.16 0 0 0 174.315 -886.339 2476.47
10350428 -53.0646 599.346 2368.67 -37.8813 388.348 2360.42 -23.1601 186.58 2354.77 0 0 0 0 0 0 -159.612 375.664 2496.25 -320.636 596.097 2481.16 0 0 0 -153.941 770.648 2319.85 0 0 0 0 0 0 83.8492 401.032 2224.58 83.8596 111.009 2224.57 0 0 0 81.3642 -178.97 2228.88 0 0 0 -76.204 -22.248 2424.74 -136.142 -478.75 2408.06 0 0 0 -98.6859 -919.929 2444.23 59.3262 -8.12624 2273.51 121.664 -457.745 2352.84 0 0 0 172.325 -882.247 2473.46
10383721 -58.028 604.588 2369.24 -40.3426 393.034 2360.81 -23.1661 191.426 2355.18 0 0 0 0 0 0 -159.775 379.013 2498.72 -321.261 590.767 2488.35 0 0 0 -160.576 767.988 2323.61 0 0 0 0 0 0 79.09 407.055 2222.89 79.0981 117.032 2222.88 0 0 0 76.8536 -172.956 2226.76 0 0 0 -72.511 -17.9915 2426.38 -135.068 -474.128 2407.54 0 0 0 -101.717 -914.927 2450.98 60.5316 -2.37267 2272.75 120.785 -452.161 2352.95 0 0 0 171.473 -877.317 2471.37
10450307 -54.6128 599.813 2378.04 -40.4011 389.915 2362.7 -25.2263 188.336 2352.78 0 0 0 0 0 0 -159.61 374.149 2500.74 -322.522 590.226 2490.32 0 0 0 -164.617 769.662 2325.03 0 0 0 0 0 0 78.8082 405.681 2224.66 78.8145 115.659 2224.65 0 0 0 76.7956 -174.336 2228.14 0 0 0 -76.4661 -22.0272 2419.77 -142.94 -477.513 2398.24 0 0 0 -110.218 -918.331 2442.48 56.363 -4.45999 2265.96 114.896 -454.417 2346.6 0 0 0 162.921 -880.888 2461.35
10483600 -62.7911 607.667 2373.95 -41.7 394.588 2361.54 -21.721 193.389 2352.85 0 0 0 0 0 0 -160.802 376.801 2499.49 -321.893 590.198 2490.7 0 0 0 -169.137 772.61 2323.78 0 0 0 0 0 0 77.4019 412.375 2223.59 77.4068 122.352 2223.58 0 0 0 75.5906 -167.648 2226.73 0 0 0 -68.1145 -17.7215 2421.03 -129.542 -474.139 2406.07 0 0 0 -96.748 -914.951 2450.56 64.6305 2.10258 2267.28 126.336 -445.26 2358.57 0 0 0 176.209 -873.235 2466.61
10516893 -65.3319 610.421 2364.4 -41.8757 397.004 2358.57 -20.1523 195.847 2354.07 0 0 0 0 0 0 -162.309 380.928 2495.6 -325.057 588.01 2486.98 0 0 0 -173.866 774.844 2323.53 0 0 0 0 0 0 78.5572 413.08 2221.55 78.5609 123.057 2221.54 0 0 0 76.9271 -166.947 2224.37 0 0 0 -65.5526 -14.2688 2425.93 -137.784 -469.009 2410.44 0 0 0 -101.922 -909.806 2452.63 68.6948 3.65089 2273.19 121.244 -445.366 2361.93 0 0 0 171.562 -872.036 2474.86
10583479 -68.2643 619.579 2367.12 -44.7382 404.531 2361.21 -22.3166 203.423 2355.86 0 0 0 0 0 0 -167.565 387.254 2495.93 -328.436 589.861 2474.27 0 0 0 -173.115 779.255 2317.9 0 0 0 0 0 0 78.0884 421.809 2226.49 78.0911 131.786 2226.49 0 0 0 76.6214 -158.221 2229.04 0 0 0 -68.3631 -7.31572 2425.61 -141.714 -461.576 2402.42 0 0 0 -108.621 -902.228 2448.16 68.5733 11.9464 2275.42 116.317 -438.711 2358.52 0 0 0 167.506 -865.137 2472.11
10616772 -66.1738 618.516 2368.94 -45.6326 404.036 2363.57 -26.1287 202.601 2358.94 0 0 0 0 0 0 -171.588 388.805 2495.58 -329.383 592.691 2463.95 0 0 0 -171.811 784.468 2312.75 0 0 0 0 0 0 80.3228 419.266 2231.56 80.3248 129.243 2231.55 0 0 0 79.0026 -160.767 2233.85 0 0 0 -76.8446 -7.32423 2427.91 -147.491 -462.032 2403.71 0 0 0 -116.353 -902.818 2449.67 63.5948 9.65764 2280.71 110.137 -441.701 2361 0 0 0 163.203 -867.492 2476.15
10683358 -59.9615 611.695 2369.84 -43.6795 399.556 2364.51 -26.4864 197.879 2361.09 0 0 0 0 0 0 -175.904 386.154 2490.18 -330.982 592.982 2448.07 0 0 0 -166.59 784.748 2304.51 0 0 0 0 0 0 88.545 412.958 2238.83 88.5465 122.936 2238.83 0 0 0 87.357 -167.077 2240.9 0 0 0 -83.0699 -11.2761 2427.79 -144.719 -466.973 2399.25 0 0 0 -113.083 -907.487 2447.48 64.4833 3.68008 2287.55 117.004 -446.844 2368.85 0 0 0 171.416 -873.511 2480.02
10716651 -48.324 596.102 2371.7 -40.21 384.89 2364.3 -28.897 182.869 2360.54 0 0 0 0 0 0 -178.897 374.915 2482.92 -334.534 595.817 2433.52 0 0 0 -157.554 781.373 2297.59 0 0 0 0 0 0 98.4773 394.865 2245.69 98.4784 104.843 2245.69 0 0 0 97.4082 -185.172 2247.54 0 0 0 -94.9519 -24.7172 2422.95 -150.864 -481.235 2395.06 0 0 0 -117.575 -921.441 2444.98 59.784 -13.5879 2290.61 114.42 -464.618 2367.69 0 0 0 165.91 -891.814 2478.25
10783237 -41.496 590.408 2371.14 -38.0436 378.706 2365.72 -30.1643 176.481 2364.15 0 0 0 0 0 0 -185.24 372.134 2473.25 -338.966 595.119 2408.98 0 0 0 -147.345 775.105 2287.17 0 0 0 0 0 0 109.153 385.278 2258.2 109.153 95.2549 2258.2 0 0 0 108.191 -194.761 2259.87 0 0 0 -104.495 -29.4137 2422.63 -147.082 -487.471 2399.6 0 0 0 -114.365 -927.59 2450.7 59.9249 -22.073 2302.52 124.291 -471.076 2383.31 0 0 0 170.547 -899.523 2491.2
10816530 -34.9954 589.302 2379.37 -35.967 377.417 2368.82 -31.8853 175.112 2364.88 0 0 0 0 0 0 -190.226 372.411 2465.94 -345.061 594.459 2390.8 0 0 0 -142.354 769.654 2280.35 0 0 0 0 0 0 118.292 382.423 2271.71 118.293 92.4006 2271.7 0 0 0 117.427 -197.617 2273.21 0 0 0 -113.814 -29.9838 2415.08 -146.968 -488.94 2393.73 0 0 0 -112.788 -928.948 2444.84 58.2069 -24.4011 2306.78 130.603 -472.961 2383.03 0 0 0 164.641 -904.088 2483.69
10883116 -32.5978 588.51 2382.59 -34.0866 377.693 2370.11 -30.6569 175.33 2366.17 0 0 0 0 0 0 -194.149 373.281 2457.49 -347.839 592.492 2372.27 0 0 0 -138.248 765.321 2270.57 0 0 0 0 0 0 125.976 382.105 2282.72 125.976 92.0827 2282.72 0 0 0 125.196 -197.936 2284.08 0 0 0 -116.417 -29.492 2410.93 -140.571 -489.273 2397.54 0 0 0 -105.139 -929.313 2447.52 61.9628 -24.575 2313.54 136.822 -472.118 2393.66 0 0 0 172.759 -905.305 2484.37
10916409 -27.9822 588.515 2378.71 -29.4625 377.155 2368.11 -26.0257 174.753 2365.22 0 0 0 0 0 0 -197.08 373.303 2438.53 -347.558 589.771 2342.88 0 0 0 -131.666 764.596 2260.69 0 0 0 0 0 0 138.155 381.007 2297.69 138.154 90.9839 2297.68 0 0 0 137.453 -199.035 2298.9 0 0 0 -116.31 -29.8029 2401.7 -135.72 -489.843 2385.98 0 0 0 -105.438 -928.46 2448.48 71.1322 -25.4957 2322.95 143.799 -474.247 2398.31 0 0 0 176.887 -908.023 2487.85
10949702 -26.0651 593.446 2389.77 -27.5846 381.247 2370.59 -24.7635 178.994 2363.07 0 0 0 0 0 0 -199.828 376.656 2429.48 -344.521 586.031 2318.44 0 0 0 -123.646 761.573 2252.43 0 0 0 0 0 0 144.659 385.839 2311.69 144.659 95.8158 2311.69 0 0 0 144.027 -194.204 2312.79 0 0 0 -117.825 -25.8156 2388.34 -132.555 -486.161 2375.08 0 0 0 -111.366 -923.604 2447.92 73.9402 -20.7038 2322.77 139.691 -471.256 2393.36 0 0 0 173.482 -905.039 2482.94
11016288 -25.4899 601.72 2380.31 -31.6155 367.234 2366.76 -20.1952 165.488 2368.07 0 0 0 0 0 0 -208.703 357.45 2403.77 -343.32 581.718 2287.93 0 0 0 -115.639 754.526 2242.15 0 0 0 0 0 0 145.472 377.017 2329.74 145.471 86.9946 2329.74 0 0 0 144.903 -203.026 2330.73 0 0 0 -108.466 -41.765 2390.22 -119.714 -502.341 2385.5 0 0 0 -103.488 -939.037 2464.39 90.9164 -30.7496 2348.54 151.705 -478.514 2415.69 0 0 0 183.914 -912.32 2505.89
11049581 -23.6855 597.348 2374.97 -25.7355 372.157 2366.88 -17.4541 170.081 2368.78 0 0 0 0 0 0 -205.569 365.026 2392.33 -332.446 576.647 2259.63 0 0 0 -107.666 756.933 2232.34 0 0 0 0 0 0 154.098 379.288 2341.43 154.098 89.2657 2341.43 0 0 0 153.586 -200.755 2342.32 0 0 0 -109.495 -35.974 2384.87 -129.538 -496.144 2375.39 0 0 0 -112.232 -931.23 2462.68 91.1495 -28.0174 2356.47 138.516 -480.954 2408.76 0 0 0 173.763 -915.659 2493.16
11116167 -21.5785 594.068 2374.81 -21.5676 374.126 2367.51 -15.5106 171.869 2369.44 0 0 0 0 0 0 -202.956 368.775 2376.03 -319.121 577.317 2228.27 0 0 0 -92.1635 756.473 2224.2 0 0 0 0 0 0 159.821 379.476 2358.99 159.821 89.4536 2358.99 0 0 0 159.36 -200.568 2359.79 0 0 0 -110.875 -33.379 2376.14 -129.812 -493.735 2371.49 0 0 0 -112.085 -930.489 2449.96 91.9675 -27.3954 2366.6 143.956 -480.974 2419.65 0 0 0 171.381 -917.361 2497.58
11149460 -19.2471 594.455 2372.79 -18.3076 377.17 2368.56 -13.1875 174.838 2371.27 0 0 0 0 0 0 -200.014 372.494 2362.74 -311.439 576.065 2209.84 0 0 0 -82.853 753.608 2220.17 0 0 0 0 0 0 163.399 381.846 2374.37 163.398 91.8232 2374.37 0 0 0 162.984 -198.198 2375.09 0 0 0 -109.412 -30.1011 2370.74 -124.722 -490.605 2372.89 0 0 0 -114.45 -927.289 2453.22 93.2774 -24.885 2377.22 144.453 -480.024 2421.82 0 0 0 172.494 -916.571 2499.06
11216046 -19.3315 596.725 2379.81 -16.8249 380.655 2370.67 -12.1752 178.284 2370.36 0 0 0 0 0 0 -198.013 376.519 2352.75 -302.828 576.415 2184.93 0 0 0 -73.1187 749.809 2215.76 0 0 0 0 0 0 164.363 384.791 2388.59 164.363 94.7682 2388.59 0 0 0 163.989 -195.253 2389.24 0 0 0 -108.475 -26.3906 2360.07 -123.736 -486.909 2366.03 0 0 0 -116.103 -923.8 2445.93 93.4242 -21.782 2380.04 143.944 -477.952 2417.31 0 0 0 168.403 -915.054 2492.73
11249339 -18.6116 598.339 2384.32 -15.3294 382.839 2372.29 -11.0214 180.465 2369.62 0 0 0 0 0 0 -195.952 379.335 2346.54 -299.204 570.538 2165.59 0 0 0 -71.9384 744.026 2212.18 0 0 0 0 0 0 165.293 386.343 2398.05 165.292 96.3208 2398.05 0 0 0 164.956 -193.701 2398.63 0 0 0 -107.248 -23.8597 2352.6 -124.428 -483.975 2368.97 0 0 0 -113.912 -922.019 2441.78 93.821 -19.9589 2381.27 143.696 -476.624 2415.71 0 0 0 168.088 -914.162 2488.7
11315925 -16.1407 599.746 2385.58 -13.0036 384.237 2373.46 -8.95776 181.847 2370.11 0 0 0 0 0 0 -193.172 381.141 2342.89 -295.877 566.159 2152.68 0 0 0 -70.2062 739.724 2208.38 0 0 0 0 0 0 167.165 387.332 2404.02 167.164 97.3098 2404.02 0 0 0 166.862 -192.712 2404.55 0 0 0 -105.211 -22.2651 2349.74 -122.294 -482.251 2370.78 0 0 0 -114.589 -920.061 2445.58 95.3873 -18.8183 2383.77 146.343 -475.54 2417.29 0 0 0 169.974 -912.83 2492.08
11349218 -15.1882 600.237 2386.21 -12.229 384.77 2374.23 -8.30034 182.372 2370.61 0 0 0 0 0 0 -191.688 381.917 2338.96 -277.437 563.576 2143.84 0 0 0 -59.8029 741.585 2211.15 0 0 0 0 0 0 167.23 387.622 2409.5 167.229 97.5996 2409.5 0 0 0 166.957 -192.422 2409.97 0 0 0 -104.339 -21.6142 2347.34 -123.429 -481.411 2371.39 0 0 0 -114.879 -919.506 2444.6 95.5959 -18.4363 2386.64 145.157 -475.367 2420.12 0 0 0 170.601 -912.857 2493.15
11382511 -14.6831 598.813 2386.5 -16.146 382.381 2371.86 -14.3039 179.949 2371.17 0 0 0 0 0 0 -194.739 380.891 2332.03 -275.444 556.052 2131.68 0 0 0 -54.4107 728.209 2204.34 0 0 0 0 0 0 162.447 383.872 2411.68 162.446 93.8489 2411.68 0 0 0 162.201 -196.173 2412.11 0 0 0 -111.98 -23.3129 2348.29 -129.887 -483.189 2372.34 0 0 0 -126.441 -920.249 2451.59 87.0567 -21.6521 2392.68 136.576 -478.695 2425.05 0 0 0 160.59 -916.78 2494.91
11449097 -14.0483 602.035 2392.17 -17.2314 380.22 2371.25 -16.8459 177.775 2372.32 0 0 0 0 0 0 -195.323 379.656 2328.87 -261.236 548.539 2123.34 0 0 0 -43.075 722.177 2203.16 0 0 0 0 0 0 160.86 380.783 2413.62 274.085 173.048 2284.31 0 0 0 148.039 -42.9562 2437.08 0 0 0 -115.692 -24.9829 2349.78 -126.715 -485.175 2370.9 0 0 0 -120.703 -921.693 2453.09 82.7707 -24.3547 2397 139.394 -480.929 2422.19 0 0 0 165.076 -917.588 2499.6
11482390 -14.4598 602.151 2398.01 -15.8706 384.13 2376.69 -16.1566 181.815 2371.78 0 0 0 0 0 0 -194.316 385.379 2335.65 -251.635 536.789 2115.15 0 0 0 -35.5204 714.743 2187.72 0 0 0 0 0 0 162.575 382.881 2417.74 323.079 274.44 2237.01 0 0 0 116.978 187.65 2419.85 0 0 0 -115.887 -19.8029 2344 -124.826 -479.992 2366.79 0 0 0 -115.233 -917.877 2440.59 83.002 -21.1949 2389.74 143.923 -477.372 2412.68 0 0 0 169.254 -915.312 2482.43
11548976 -13.3644 598.453 2399.92 -14.2396 383.677 2380.67 -15.7794 181.36 2374.45 0 0 0 0 0 0 -192.469 386.328 2338.64 -242.814 514.891 2106.07 0 0 0 -20.7964 689.581 2171.65 0 0 0 0 0 0 163.99 381.027 2422.71 334.965 347.348 2230.07 0 0 0 92.7417 362.278 2382.33 0 0 0 -116.651 -19.4796 2344.79 -123.909 -479.386 2373.02 0 0 0 -118.292 -917.074 2448.62 82.0129 -22.4339 2391.64 142.127 -478.362 2420.83 0 0 0 172.187 -914.986 2496.6
11582269 -12.4683 601.23 2399.89 -14.3125 385.821 2382.62 -17.1406 183.48 2376.81 0 0 0 0 0 0 -192.58 389.514 2340.74 -243.41 486.943 2101.04 0 0 0 -20.4231 663.478 2148.37 0 0 0 0 0 0 163.955 382.128 2424.49 329.345 391.71 2240.72 0 0 0 75.7477 473.573 2342.67 0 0 0 -119.326 -16.8033 2347.67 -124.271 -476.934 2372.76 0 0 0 -121.514 -913.423 2455.06 79.389 -20.9199 2394.35 141.881 -476.533 2424.05 0 0 0 168.098 -913.725 2498.2
11648855 -14.0564 585.921 2386.93 -12.0659 371.642 2380.96 -10.6074 169.302 2380.5 0 0 0 0 0 0 -188.35 370.481 2332.01 -248.3 457.545 2099.05 0 0 0 -22.5193 633.327 2129.62 0 0 0 0 0 0 164.218 372.802 2429.91 329.197 405.937 2248.17 0 0 0 78.2309 525.73 2299.36 0 0 0 -107.518 -33.6859 2352.73 -110.478 -494.036 2373.82 0 0 0 -106.07 -930.751 2455.09 89.2205 -32.3907 2407.36 154.265 -487.925 2432.29 0 0 0 178.782 -924.833 2508.85
11682148 -10.3663 578.908 2380.3 -7.17677 365.21 2381.08 -4.32467 162.884 2384.41 0 0 0 0 0 0 -182.42 361.873 2328.42 -254.686 399.805 2104.03 0 0 0 -27.1709 571.243 2101.98 0 0 0 0 0 0 168.066 368.546 2433.75 322.509 404.721 2258.58 0 0 0 80.5159 546.354 2264.55 0 0 0 -99.1234 -41.3001 2358.39 -113.594 -501.359 2378.36 0 0 0 -108.222 -939.138 2453.54 96.1783 -37.5814 2417.09 153.738 -494.354 2435.38 0 0 0 175.127 -933.108 2500.73
11748734 -17.2273 594.606 2390.56 -6.52801 353.69 2381.46 1.74487 151.534 2384.73 0 0 0 0 0 0 -181.905 345.676 2329.67 -251.348 329.407 2119.02 0 0 0 -22.8266 486.474 2074.36 0 0 0 0 0 0 168.849 361.704 2433.25 308.364 356.818 2253.1 0 0 0 105.837 495.675 2125.16 0 0 0 -87.7272 -55.089 2359.13 -111.082 -514.947 2373.92 0 0 0 -105.823 -951.506 2455.8 107.763 -46.1563 2416.85 161.358 -503.584 2431.35 0 0 0 178.101 -943.962 2485.72
11782027 -18.6932 598.044 2388.23 -10.9619 369.219 2382.92 -4.34685 166.933 2385.21 0 0 0 0 0 0 -187.776 362.906 2336.04 -245.187 269.709 2131.53 0 0 0 -19.8162 416.825 2056.06 0 0 0 0 0 0 165.852 375.532 2429.79 306.167 306.903 2261.58 0 0 0 115.111 436.761 2110.58 0 0 0 -96.7791 -38.8887 2361.24 -131.44 -499.708 2377.59 0 0 0 -122.515 -936.503 2458.03 101.315 -31.816 2413.76 146.003 -489.837 2435.23 0 0 0 157.63 -931.377 2480.91
11848613 -19.5592 602.297 2395.05 -13.9193 380.389 2383.04 -8.83988 178.171 2378.71 0 0 0 0 0 0 -191.529 376.874 2338.83 -241.633 210.893 2164.73 0 0 0 -15.4471 319.13 2048.73 0 0 0 0 0 0 163.69 383.903 2427.26 296.524 245.409 2279.84 0 0 0 122.833 352.051 2093.13 0 0 0 -102.994 -26.0114 2349.68 -129.756 -486.63 2362.26 0 0 0 -122.813 -922.621 2447.15 95.4728 -22.0841 2399.09 148.689 -478.912 2425.65 0 0 0 159.211 -920.905 2468.16
11881906 -19.838 602.986 2382.46 -15.5685 385.239 2378.48 -12.6348 182.905 2378 0 0 0 0 0 0 -193.732 382.756 2336.28 -236.298 168.925 2199.39 0 0 0 -16.9818 232.914 2046.97 0 0 0 0 0 0 162.595 387.722 2420.68 282.785 205.228 2302.92 0 0 0 129.107 281.409 2081.97 0 0 0 -109.116 -20.8152 2353.97 -129.882 -481.1 2372.95 0 0 0 -119.019 -915.714 2464.08 89.7142 -18.0442 2401.06 144.203 -474.251 2435.26 0 0 0 161.9 -915.317 2484.14
11948492 -21.6464 601.017 2376.15 -16.6049 384.323 2374.93 -12.9014 181.953 2376.25 0 0 0 0 0 0 -195.177 380.792 2334.46 -228.139 135.456 2227.19 0 0 0 -18.9434 160.006 2047.42 0 0 0 0 0 0 161.967 387.855 2415.4 248.401 177.621 2322.46 0 0 0 132.809 213.038 2073.34 0 0 0 -108.787 -22.3869 2355 -122.859 -482.936 2366.35 0 0 0 -113.1 -917.185 2459.52 90.3915 -18.4477 2400.14 150.416 -474.559 2423.72 0 0 0 166.087 -913.938 2485.7
11981785 -24.7573 600.786 2374.99 -19.2223 384.432 2372.38 -14.4726 182.049 2373.44 0 0 0 0 0 0 -198.312 380.03 2334.33 -227.071 104.731 2246.09 0 0 0 -25.0096 72.4582 2057.72 0 0 0 0 0 0 159.868 388.833 2410.43 232.699 137.307 2338.22 0 0 0 137.752 126.912 2079.38 0 0 0 -109.579 -22.7876 2353.28 -123.824 -483.219 2367.89 0 0 0 -112.236 -918.816 2454.14 90.1331 -17.8792 2395.71 147.999 -474.572 2414.81 0 0 0 167.517 -912.414 2486.07
12015078 -26.3015 602.916 2380.42 -19.1471 386.943 2372.13 -13.6817 184.597 2369.92 0 0 0 0 0 0 -198.402 382.511 2334.77 -224.542 84.3714 2265.54 0 0 0 -37.3136 7.91015 2072.39 0 0 0 0 0 0 160.107 391.376 2409.49 219.343 110.648 2351.11 0 0 0 139.761 55.4796 2093.24 0 0 0 -108.139 -20.2204 2346.87 -119.654 -480.72 2361.55 0 0 0 -111.559 -915.843 2450.65 91.7071 -15.2787 2388.52 149.201 -471.902 2411.42 0 0 0 170.625 -909.536 2484.16
12081664 -28.1595 605.297 2375.63 -19.7902 389.042 2368.81 -13.4883 186.697 2368.71 0 0 0 0 0 0 -199.348 383.469 2333.09 -229.844 79.3793 2289.93 0 0 0 -68.8571 -53.6091 2106.69 0 0 0 0 0 0 159.767 394.616 2404.53 216.18 99.3315 2366.56 0 0 0 147.769 -19.7962 2128.75 0 0 0 -107.281 -18.7544 2348.69 -121.916 -478.75 2371.59 0 0 0 -109.555 -913.868 2460.28 92.9084 -12.5405 2388.51 148.936 -468.471 2423.4 0 0 0 169.735 -907.782 2484.86
12114957 -30.3088 601.144 2365.74 -19.9346 385.438 2364.84 -11.3933 183.245 2368.68 0 0 0 0 0 0 -199.506 377.186 2329.76 -234.41 67.1848 2304.94 0 0 0 -88.8218 -102.738 2130.12 0 0 0 0 0 0 159.637 393.691 2399.91 214.093 90.1711 2373.8 0 0 0 158.579 -74.6979 2159.19 0 0 0 -102.956 -23.5489 2352.97 -118.608 -483.458 2377.68 0 0 0 -106.898 -919.888 2459.62 97.252 -14.3481 2392.07 151.803 -470.647 2425.76 0 0 0 172.734 -909.796 2489.06
12181543 -31.7994 600.774 2360.29 -19.9863 384.711 2362.52 -9.88838 182.625 2368.53 0 0 0 0 0 0 -199.421 374.692 2327.17 -233.705 56.5945 2315.96 0 0 0 -115.725 -149.228 2161.21 0 0 0 0 0 0 159.448 394.729 2397.87 214.044 85.0836 2383.41 0 0 0 167.667 -120.745 2200.87 0 0 0 -99.807 -25.0447 2354.85 -118.703 -485.075 2374.05 0 0 0 -107.637 -921.099 2458.38 100.226 -13.8763 2394.25 149.588 -471.161 2421.75 0 0 0 171.55 -909.576 2489.8
12214836 -32.8353 600.247 2358.57 -20.2485 383.891 2361.43 -9.18579 181.855 2368.14 0 0 0 0 0 0 -199.664 372.897 2326.22 -234.468 58.5058 2324.01 0 0 0 -141.751 -177.458 2198.22 0 0 0 0 0 0 159.167 394.885 2396.64 214.524 82.0404 2387.21 0 0 0 177.619 -153.992 2238.2 0 0 0 -98.1265 -26.3085 2355.23 -120.522 -486.287 2372.12 0 0 0 -111.089 -922.436 2456.13 101.88 -14.0527 2394.48 146.895 -472.033 2417.96 0 0 0 171.116 -909.769 2489.65
12281422 -33.8886 600.74 2357.21 -19.2126 384.135 2360.96 -6.43297 182.206 2368.05 0 0 0 0 0 0 -198.627 371.561 2326.28 -236.393 59.4853 2327.73 0 0 0 -167.854 -198.93 2233.67 0 0 0 0 0 0 160.202 396.708 2395.64 215.229 87.7732 2389.55 0 0 0 194.236 -172.106 2281.73 0 0 0 -93.6608 -26.7308 2355.82 -117.043 -486.711 2371.99 0 0 0 -110.031 -922.699 2457.09 106.354 -12.7138 2394.48 148.316 -471.087 2416.66 0 0 0 174.53 -908.64 2488.93
12314715 -34.1872 601.061 2356.03 -19.1112 384.088 2360.27 -5.68393 182.217 2368.05 0 0 0 0 0 0 -198.427 370.814 2325.31 -235.892 58.997 2332.36 0 0 0 -192.255 -213.479 2261.43 0 0 0 0 0 0 160.205 397.361 2395.23 215.923 92.1295 2394.74 0 0 0 204.874 -180.142 2309.47 0 0 0 -92.2059 -27.0519 2356.34 -119.897 -486.875 2369.45 0 0 0 -113.466 -922.687 2455.53 107.693 -12.2547 2395.31 144.95 -471.087 2416.52 0 0 0 170.284 -908.456 2490.29
12381301 -35.2195 601.625 2356.44 -19.5568 384.464 2360.4 -5.47175 182.618 2367.79 0 0 0 0 0 0 -198.905 370.682 2325.79 -238.425 62.9727 2342.76 0 0 0 -205.113 -216.48 2284.02 0 0 0 0 0 0 159.791 398.246 2395.02 216.578 95.17 2399.03 0 0 0 216.976 -184.934 2334.48 0 0 0 -91.3549 -26.9093 2355.88 -120.635 -486.581 2371.17 0 0 0 -116.609 -922.436 2457.18 108.581 -11.5454 2394.47 145.344 -470.597 2411.62 0 0 0 168.157 -907.57 2488.45
12414594 -34.8295 601.664 2356.64 -19.0889 384.986 2360.73 -4.74413 183.153 2368.05 0 0 0 0 0 0 -198.533 370.998 2326.69 -240.248 63.765 2352.48 0 0 0 -212.671 -219.303 2300.33 0 0 0 0 0 0 160.355 398.975 2394.77 216.835 96.4594 2402.36 0 0 0 225.602 -187.567 2349.11 0 0 0 -90.4222 -26.478 2356.4 -119.917 -486.173 2371 0 0 0 -116.522 -921.878 2457.82 109.623 -10.8834 2394.35 145.101 -470.073 2411.07 0 0 0 168.277 -906.8 2489.25
12481180 -34.7086 601.479 2355.75 -19.2432 384.729 2360.31 -5.07049 182.914 2368.45 0 0 0 0 0 0 -199.095 370.817 2328.54 -238.693 64.2606 2364.74 0 0 0 -218.77 -219.177 2306.88 0 0 0 0 0 0 160.609 398.64 2392.09 217.127 97.5706 2403.01 0 0 0 228.702 -188.944 2358.79 0 0 0 -91.1558 -26.6559 2358.87 -122.221 -486.249 2373.56 0 0 0 -117.471 -922.715 2456.31 109.36 -11.1465 2394.3 143.737 -470.341 2413.22 0 0 0 168.277 -907.789 2486.71
12514473 -34.6082 601.34 2355.3 -18.4429 384.722 2360.03 -4.03761 182.916 2368.03 0 0 0 0 0 0 -198.232 370.615 2327.94 -236.35 65.2968 2371.31 0 0 0 -220.886 -219.082 2314.05 0 0 0 0 0 0 161.346 398.828 2392.11 217.337 97.8418 2404.85 0 0 0 230.945 -189.001 2358.98 0 0 0 -89.8441 -26.752 2358.15 -120.983 -486.452 2367.73 0 0 0 -111.232 -921.058 2458.87 110.579 -11.0266 2393.92 146.285 -470.027 2415.02 0 0 0 170.772 -908.157 2484.33
12581059 -34.9347 601.751 2355.07 -18.3283 385.242 2359.72 -3.86255 183.453 2368.05 0 0 0 0 0 0 -197.991 371.011 2326.97 -235.346 65.5797 2376.46 0 0 0 -223.019 -219.074 2318.37 0 0 0 0 0 0 161.334 399.474 2392.48 217.793 99.9896 2404.54 0 0 0 232.552 -186.536 2355.15 0 0 0 -89.5406 -26.2679 2358.13 -121.413 -485.94 2367.42 0 0 0 -112.58 -921.166 2455.92 110.747 -10.4026 2394.64 145.34 -469.623 2412.46 0 0 0 166.94 -906.752 2488.45
12614352 -34.9792 601.174 2355.46 -18.2903 384.797 2359.67 -3.78211 183.009 2367.96 0 0 0 0 0 0 -198.254 370.583 2328.64 -234.888 66.1787 2378.91 0 0 0 -223.437 -217.644 2316.17 0 0 0 0 0 0 161.674 399.011 2390.69 218.245 98.823 2406.26 0 0 0 233.387 -186.106 2348.21 0 0 0 -89.5904 -26.7023 2358.95 -122.607 -486.299 2368.34 0 0 0 -111.799 -921.3 2457.87 111.043 -10.8556 2393.55 145.015 -470.239 2407.97 0 0 0 168.236 -906.776 2486.98
12680938 -34.5972 600.878 2355.16 -17.526 384.186 2359.25 -3.07773 182.393 2367.53 0 0 0 0 0 0 -197.602 370.045 2328.81 -234.51 65.245 2379.79 0 0 0 -222.859 -218.509 2316.32 0 0 0 0 0 0 162.55 398.328 2389.68 219.551 95.8504 2405.06 0 0 0 232.843 -188.228 2342.05 0 0 0 -89.0027 -27.2821 2358.84 -121.485 -486.955 2366.12 0 0 0 -111.678 -921.716 2457.01 111.744 -11.5169 2392.77 146.442 -470.889 2406.1 0 0 0 169.401 -907.016 2487.53
12714231 -33.9296 600.035 2356 -16.8734 383.397 2359.89 -2.01976 181.608 2367.51 0 0 0 0 0 0 -197.164 369.031 2330.88 -234.197 64.1905 2379.5 0 0 0 -220.064 -217.395 2307.8 0 0 0 0 0 0 163.417 397.763 2388.9 223.009 93.7579 2403.79 0 0 0 230.847 -188.373 2332.1 0 0 0 -87.6628 -28.1878 2358.95 -120.787 -487.846 2363.56 0 0 0 -111.498 -921.321 2460.32 113.331 -12.1723 2391.29 147.09 -471.47 2408.61 0 0 0 170.135 -907.94 2488.23
12747524 -34.1126 600.448 2355.92 -16.8763 383.717 2359.75 -1.72102 181.935 2366.92 0 0 0 0 0 0 -197.211 369.155 2331.09 -233.198 64.2211 2379.27 0 0 0 -219.351 -216.038 2302.34 0 0 0 0 0 0 163.459 398.28 2388.41 229.171 94.4998 2399.01 0 0 0 230.982 -187.033 2324.34 0 0 0 -87.0837 -27.9646 2358.11 -122.278 -487.406 2366.35 0 0 0 -111.312 -922.864 2453.07 113.952 -11.7305 2390.06 146.066 -470.973 2411.32 0 0 0 167.969 -908.502 2485.06
12814110 -33.0494 599.554 2356.38 -16.3842 383.092 2359.95 -1.04706 181.307 2366.62 0 0 0 0 0 0 -196.911 368.466 2332.57 -232.345 64.5535 2376.63 0 0 0 -218.767 -214.594 2295.56 0 0 0 0 0 0 164.142 397.719 2387.33 230.406 95.6789 2396.41 0 0 0 230.198 -184.945 2318.09 0 0 0 -86.338 -28.6323 2358.04 -121.192 -488.14 2364.28 0 0 0 -115.432 -921.864 2459.55 114.918 -12.3262 2388.56 146.094 -471.684 2409.02 0 0 0 168.505 -908.517 2486.68
